Eaten part = 0.190988
Start state = 0
Significant inputs: 3 5 7
Moves: 0 0 1 1 0 2 2 0 2
          state         inputs     next state
              0            000              3
              0            001              5
              0            010              2
              0            011              7
              0            100              4
              0            101              6
              0            110              1
              0            111              5
              1            000              8
              1            001              7
              1            010              0
              1            011              4
              1            100              7
              1            101              7
              1            110              8
              1            111              2
              2            000              1
              2            001              6
              2            010              5
              2            011              6
              2            100              7
              2            101              7
              2            110              5
              2            111              2
              3            000              1
              3            001              6
              3            010              6
              3            011              7
              3            100              6
              3            101              6
              3            110              5
              3            111              1
              4            000              8
              4            001              2
              4            010              4
              4            011              5
              4            100              4
              4            101              4
              4            110              7
              4            111              4
              5            000              6
              5            001              5
              5            010              0
              5            011              0
              5            100              4
              5            101              6
              5            110              5
              5            111              8
              6            000              8
              6            001              2
              6            010              7
              6            011              4
              6            100              7
              6            101              7
              6            110              7
              6            111              1
              7            000              7
              7            001              7
              7            010              7
              7            011              6
              7            100              0
              7            101              3
              7            110              2
              7            111              4
              8            000              2
              8            001              2
              8            010              1
              8            011              0
              8            100              7
              8            101              7
              8            110              7
              8            111              7
