Eaten part = 0.217851
Start state = 4
Significant inputs: 0 2 7
Moves: 0 1 0 0 0 1 0 0 1
          state         inputs     next state
              0            000              2
              0            001              8
              0            010              8
              0            011              2
              0            100              7
              0            101              5
              0            110              7
              0            111              7
              1            000              6
              1            001              6
              1            010              8
              1            011              7
              1            100              2
              1            101              8
              1            110              5
              1            111              8
              2            000              8
              2            001              4
              2            010              3
              2            011              7
              2            100              6
              2            101              5
              2            110              7
              2            111              1
              3            000              6
              3            001              4
              3            010              8
              3            011              1
              3            100              8
              3            101              0
              3            110              3
              3            111              8
              4            000              4
              4            001              3
              4            010              8
              4            011              5
              4            100              7
              4            101              6
              4            110              2
              4            111              8
              5            000              6
              5            001              0
              5            010              4
              5            011              4
              5            100              6
              5            101              6
              5            110              3
              5            111              6
              6            000              4
              6            001              0
              6            010              7
              6            011              5
              6            100              3
              6            101              3
              6            110              8
              6            111              8
              7            000              6
              7            001              0
              7            010              8
              7            011              4
              7            100              4
              7            101              5
              7            110              8
              7            111              8
              8            000              7
              8            001              4
              8            010              4
              8            011              7
              8            100              4
              8            101              7
              8            110              3
              8            111              7
