Eaten part = 0.250853
Start state = 4
Significant inputs: 2 3 4
Moves: 1 1 0 2 0 0 0 0 0
          state         inputs     next state
              0            000              5
              0            001              5
              0            010              8
              0            011              7
              0            100              5
              0            101              7
              0            110              5
              0            111              0
              1            000              7
              1            001              6
              1            010              4
              1            011              4
              1            100              2
              1            101              1
              1            110              7
              1            111              6
              2            000              4
              2            001              0
              2            010              4
              2            011              3
              2            100              8
              2            101              4
              2            110              1
              2            111              3
              3            000              4
              3            001              2
              3            010              2
              3            011              8
              3            100              2
              3            101              7
              3            110              5
              3            111              2
              4            000              4
              4            001              0
              4            010              7
              4            011              0
              4            100              8
              4            101              6
              4            110              2
              4            111              2
              5            000              2
              5            001              3
              5            010              3
              5            011              0
              5            100              5
              5            101              0
              5            110              5
              5            111              1
              6            000              8
              6            001              6
              6            010              7
              6            011              2
              6            100              0
              6            101              5
              6            110              2
              6            111              2
              7            000              5
              7            001              0
              7            010              8
              7            011              1
              7            100              7
              7            101              1
              7            110              7
              7            111              4
              8            000              7
              8            001              1
              8            010              2
              8            011              0
              8            100              3
              8            101              7
              8            110              4
              8            111              7
