Eaten part = 0.321653
Start state = 6
Significant inputs: 2 4 6
Moves: 0 0 0 2 0 0 2 0 1
          state         inputs     next state
              0            000              7
              0            001              8
              0            010              7
              0            011              7
              0            100              7
              0            101              0
              0            110              4
              0            111              4
              1            000              2
              1            001              8
              1            010              4
              1            011              0
              1            100              6
              1            101              5
              1            110              8
              1            111              7
              2            000              7
              2            001              8
              2            010              5
              2            011              4
              2            100              3
              2            101              6
              2            110              6
              2            111              8
              3            000              2
              3            001              5
              3            010              4
              3            011              5
              3            100              8
              3            101              2
              3            110              7
              3            111              2
              4            000              5
              4            001              7
              4            010              5
              4            011              5
              4            100              7
              4            101              4
              4            110              4
              4            111              8
              5            000              7
              5            001              8
              5            010              5
              5            011              4
              5            100              3
              5            101              0
              5            110              0
              5            111              0
              6            000              7
              6            001              7
              6            010              5
              6            011              7
              6            100              1
              6            101              0
              6            110              7
              6            111              7
              7            000              7
              7            001              8
              7            010              7
              7            011              2
              7            100              6
              7            101              8
              7            110              0
              7            111              5
              8            000              0
              8            001              7
              8            010              0
              8            011              7
              8            100              0
              8            101              5
              8            110              6
              8            111              8
