Eaten part = 0.253274
Start state = 2
Significant inputs: 1 4 6
Moves: 1 2 0 0 0 0 0 2 0
          state         inputs     next state
              0            000              2
              0            001              5
              0            010              1
              0            011              5
              0            100              3
              0            101              4
              0            110              7
              0            111              6
              1            000              2
              1            001              5
              1            010              2
              1            011              4
              1            100              3
              1            101              3
              1            110              6
              1            111              8
              2            000              2
              2            001              8
              2            010              6
              2            011              2
              2            100              1
              2            101              7
              2            110              5
              2            111              8
              3            000              0
              3            001              8
              3            010              0
              3            011              1
              3            100              0
              3            101              6
              3            110              2
              3            111              2
              4            000              8
              4            001              6
              4            010              8
              4            011              8
              4            100              3
              4            101              4
              4            110              6
              4            111              1
              5            000              2
              5            001              4
              5            010              4
              5            011              6
              5            100              7
              5            101              7
              5            110              2
              5            111              3
              6            000              5
              6            001              0
              6            010              2
              6            011              4
              6            100              2
              6            101              1
              6            110              1
              6            111              3
              7            000              6
              7            001              6
              7            010              2
              7            011              8
              7            100              5
              7            101              5
              7            110              8
              7            111              6
              8            000              0
              8            001              2
              8            010              5
              8            011              4
              8            100              2
              8            101              7
              8            110              5
              8            111              0
