Eaten part = 0.304774
Start state = 3
Significant inputs: 2 4 6
Moves: 0 1 0 0 0 1 2 0 0
          state         inputs     next state
              0            000              0
              0            001              1
              0            010              0
              0            011              4
              0            100              6
              0            101              5
              0            110              0
              0            111              7
              1            000              4
              1            001              4
              1            010              2
              1            011              6
              1            100              0
              1            101              7
              1            110              2
              1            111              0
              2            000              0
              2            001              4
              2            010              2
              2            011              1
              2            100              8
              2            101              4
              2            110              4
              2            111              4
              3            000              4
              3            001              1
              3            010              4
              3            011              7
              3            100              3
              3            101              4
              3            110              7
              3            111              0
              4            000              0
              4            001              8
              4            010              8
              4            011              3
              4            100              6
              4            101              7
              4            110              1
              4            111              2
              5            000              3
              5            001              2
              5            010              1
              5            011              7
              5            100              4
              5            101              0
              5            110              4
              5            111              1
              6            000              4
              6            001              7
              6            010              7
              6            011              3
              6            100              3
              6            101              3
              6            110              7
              6            111              0
              7            000              8
              7            001              1
              7            010              0
              7            011              2
              7            100              0
              7            101              1
              7            110              5
              7            111              6
              8            000              0
              8            001              1
              8            010              3
              8            011              4
              8            100              2
              8            101              4
              8            110              2
              8            111              0
