Eaten part = 0.185360
Start state = 5
Significant inputs: 1 3 5
Moves: 0 0 0 2 0 0 0 1 1
          state         inputs     next state
              0            000              8
              0            001              7
              0            010              4
              0            011              1
              0            100              2
              0            101              2
              0            110              0
              0            111              1
              1            000              2
              1            001              6
              1            010              4
              1            011              7
              1            100              2
              1            101              8
              1            110              4
              1            111              7
              2            000              1
              2            001              6
              2            010              1
              2            011              6
              2            100              8
              2            101              8
              2            110              2
              2            111              8
              3            000              2
              3            001              6
              3            010              8
              3            011              5
              3            100              0
              3            101              0
              3            110              7
              3            111              2
              4            000              2
              4            001              4
              4            010              6
              4            011              0
              4            100              5
              4            101              1
              4            110              0
              4            111              2
              5            000              0
              5            001              6
              5            010              5
              5            011              0
              5            100              5
              5            101              6
              5            110              4
              5            111              2
              6            000              5
              6            001              6
              6            010              5
              6            011              7
              6            100              2
              6            101              7
              6            110              0
              6            111              0
              7            000              0
              7            001              5
              7            010              2
              7            011              1
              7            100              2
              7            101              2
              7            110              5
              7            111              4
              8            000              4
              8            001              6
              8            010              3
              8            011              2
              8            100              2
              8            101              5
              8            110              2
              8            111              3
