Eaten part = 0.248389
Start state = 7
Significant inputs: 4 6 7
Moves: 0 1 0 0 0 0 0 2 0
          state         inputs     next state
              0            000              3
              0            001              3
              0            010              2
              0            011              5
              0            100              5
              0            101              5
              0            110              5
              0            111              8
              1            000              5
              1            001              6
              1            010              7
              1            011              3
              1            100              2
              1            101              1
              1            110              8
              1            111              8
              2            000              5
              2            001              0
              2            010              7
              2            011              0
              2            100              7
              2            101              3
              2            110              3
              2            111              4
              3            000              1
              3            001              4
              3            010              7
              3            011              4
              3            100              2
              3            101              3
              3            110              7
              3            111              4
              4            000              5
              4            001              3
              4            010              7
              4            011              4
              4            100              7
              4            101              4
              4            110              0
              4            111              2
              5            000              5
              5            001              5
              5            010              7
              5            011              5
              5            100              3
              5            101              6
              5            110              1
              5            111              0
              6            000              5
              6            001              4
              6            010              2
              6            011              3
              6            100              4
              6            101              6
              6            110              6
              6            111              3
              7            000              5
              7            001              0
              7            010              5
              7            011              0
              7            100              6
              7            101              4
              7            110              4
              7            111              7
              8            000              8
              8            001              2
              8            010              5
              8            011              3
              8            100              4
              8            101              1
              8            110              8
              8            111              4
