Eaten part = 0.257007
Start state = 6
Significant inputs: 2 3 4
Moves: 0 0 1 0 2 0 0 0 0
          state         inputs     next state
              0            000              4
              0            001              2
              0            010              8
              0            011              1
              0            100              1
              0            101              5
              0            110              7
              0            111              3
              1            000              8
              1            001              0
              1            010              8
              1            011              7
              1            100              1
              1            101              5
              1            110              8
              1            111              0
              2            000              0
              2            001              1
              2            010              6
              2            011              3
              2            100              8
              2            101              7
              2            110              6
              2            111              3
              3            000              0
              3            001              4
              3            010              5
              3            011              3
              3            100              5
              3            101              7
              3            110              8
              3            111              1
              4            000              8
              4            001              3
              4            010              4
              4            011              4
              4            100              6
              4            101              3
              4            110              7
              4            111              7
              5            000              5
              5            001              2
              5            010              3
              5            011              8
              5            100              7
              5            101              6
              5            110              5
              5            111              8
              6            000              4
              6            001              2
              6            010              8
              6            011              0
              6            100              6
              6            101              3
              6            110              0
              6            111              2
              7            000              6
              7            001              8
              7            010              4
              7            011              6
              7            100              5
              7            101              3
              7            110              5
              7            111              0
              8            000              8
              8            001              2
              8            010              7
              8            011              6
              8            100              6
              8            101              1
              8            110              1
              8            111              3
