Eaten part = 0.235340
Start state = 5
Significant inputs: 1 3 6
Moves: 0 0 2 0 0 2 0 0 0
          state         inputs     next state
              0            000              4
              0            001              1
              0            010              5
              0            011              8
              0            100              2
              0            101              3
              0            110              6
              0            111              2
              1            000              1
              1            001              1
              1            010              6
              1            011              1
              1            100              2
              1            101              3
              1            110              6
              1            111              6
              2            000              8
              2            001              6
              2            010              4
              2            011              1
              2            100              1
              2            101              3
              2            110              6
              2            111              4
              3            000              6
              3            001              8
              3            010              0
              3            011              7
              3            100              5
              3            101              6
              3            110              0
              3            111              4
              4            000              1
              4            001              4
              4            010              7
              4            011              1
              4            100              4
              4            101              2
              4            110              6
              4            111              0
              5            000              4
              5            001              4
              5            010              4
              5            011              3
              5            100              1
              5            101              5
              5            110              3
              5            111              5
              6            000              1
              6            001              6
              6            010              8
              6            011              3
              6            100              2
              6            101              0
              6            110              2
              6            111              3
              7            000              3
              7            001              5
              7            010              0
              7            011              4
              7            100              1
              7            101              0
              7            110              4
              7            111              2
              8            000              8
              8            001              1
              8            010              4
              8            011              2
              8            100              1
              8            101              6
              8            110              3
              8            111              6
