Eaten part = 0.299308
Start state = 7
Significant inputs: 1 2 6
Moves: 0 0 2 2 2 0 0 0 1
          state         inputs     next state
              0            000              6
              0            001              5
              0            010              7
              0            011              1
              0            100              2
              0            101              1
              0            110              0
              0            111              7
              1            000              0
              1            001              6
              1            010              1
              1            011              0
              1            100              5
              1            101              2
              1            110              3
              1            111              8
              2            000              0
              2            001              1
              2            010              6
              2            011              7
              2            100              0
              2            101              0
              2            110              4
              2            111              7
              3            000              5
              3            001              6
              3            010              0
              3            011              7
              3            100              1
              3            101              1
              3            110              5
              3            111              5
              4            000              5
              4            001              8
              4            010              6
              4            011              3
              4            100              2
              4            101              2
              4            110              7
              4            111              2
              5            000              6
              5            001              1
              5            010              8
              5            011              1
              5            100              3
              5            101              0
              5            110              4
              5            111              1
              6            000              6
              6            001              5
              6            010              8
              6            011              0
              6            100              3
              6            101              5
              6            110              8
              6            111              8
              7            000              5
              7            001              0
              7            010              4
              7            011              0
              7            100              2
              7            101              3
              7            110              6
              7            111              1
              8            000              6
              8            001              5
              8            010              8
              8            011              0
              8            100              1
              8            101              0
              8            110              5
              8            111              0
