Eaten part = 0.319832
Start state = 7
Significant inputs: 2 4 6
Moves: 1 2 0 0 0 0 2 0 0
          state         inputs     next state
              0            000              5
              0            001              4
              0            010              5
              0            011              7
              0            100              8
              0            101              4
              0            110              8
              0            111              3
              1            000              8
              1            001              6
              1            010              8
              1            011              8
              1            100              3
              1            101              7
              1            110              2
              1            111              1
              2            000              3
              2            001              5
              2            010              3
              2            011              4
              2            100              6
              2            101              6
              2            110              6
              2            111              1
              3            000              5
              3            001              0
              3            010              5
              3            011              0
              3            100              4
              3            101              4
              3            110              2
              3            111              6
              4            000              3
              4            001              7
              4            010              0
              4            011              7
              4            100              1
              4            101              0
              4            110              1
              4            111              7
              5            000              7
              5            001              0
              5            010              7
              5            011              8
              5            100              6
              5            101              6
              5            110              4
              5            111              7
              6            000              5
              6            001              3
              6            010              0
              6            011              2
              6            100              7
              6            101              7
              6            110              8
              6            111              5
              7            000              5
              7            001              0
              7            010              5
              7            011              5
              7            100              6
              7            101              6
              7            110              8
              7            111              3
              8            000              7
              8            001              0
              8            010              5
              8            011              5
              8            100              5
              8            101              0
              8            110              3
              8            111              5
