Eaten part = 0.258578
Start state = 7
Significant inputs: 2 3 5
Moves: 0 2 2 0 1 0 0 0 1
          state         inputs     next state
              0            000              7
              0            001              8
              0            010              0
              0            011              4
              0            100              2
              0            101              5
              0            110              1
              0            111              7
              1            000              4
              1            001              6
              1            010              8
              1            011              5
              1            100              7
              1            101              7
              1            110              4
              1            111              7
              2            000              6
              2            001              6
              2            010              8
              2            011              6
              2            100              2
              2            101              3
              2            110              5
              2            111              2
              3            000              0
              3            001              8
              3            010              3
              3            011              3
              3            100              2
              3            101              8
              3            110              2
              3            111              5
              4            000              3
              4            001              5
              4            010              7
              4            011              3
              4            100              6
              4            101              0
              4            110              2
              4            111              0
              5            000              5
              5            001              8
              5            010              1
              5            011              3
              5            100              0
              5            101              8
              5            110              6
              5            111              4
              6            000              1
              6            001              4
              6            010              5
              6            011              8
              6            100              3
              6            101              3
              6            110              6
              6            111              7
              7            000              7
              7            001              4
              7            010              3
              7            011              8
              7            100              0
              7            101              4
              7            110              7
              7            111              0
              8            000              7
              8            001              5
              8            010              3
              8            011              3
              8            100              0
              8            101              6
              8            110              3
              8            111              3
