Eaten part = 0.234007
Start state = 0
Significant inputs: 3 6 7
Moves: 2 0 1 0 0 0 2 0 0
          state         inputs     next state
              0            000              1
              0            001              8
              0            010              5
              0            011              5
              0            100              3
              0            101              1
              0            110              5
              0            111              3
              1            000              1
              1            001              1
              1            010              0
              1            011              0
              1            100              4
              1            101              8
              1            110              7
              1            111              0
              2            000              1
              2            001              3
              2            010              3
              2            011              1
              2            100              2
              2            101              3
              2            110              4
              2            111              2
              3            000              1
              3            001              1
              3            010              4
              3            011              0
              3            100              3
              3            101              1
              3            110              5
              3            111              1
              4            000              5
              4            001              2
              4            010              0
              4            011              1
              4            100              1
              4            101              5
              4            110              6
              4            111              3
              5            000              8
              5            001              2
              5            010              6
              5            011              5
              5            100              3
              5            101              0
              5            110              6
              5            111              3
              6            000              7
              6            001              7
              6            010              4
              6            011              7
              6            100              3
              6            101              1
              6            110              6
              6            111              8
              7            000              2
              7            001              1
              7            010              8
              7            011              5
              7            100              4
              7            101              6
              7            110              4
              7            111              4
              8            000              4
              8            001              7
              8            010              3
              8            011              7
              8            100              7
              8            101              0
              8            110              3
              8            111              1
