Eaten part = 0.241657
Start state = 3
Significant inputs: 2 3 5
Moves: 0 0 0 0 0 1 0 0 1
          state         inputs     next state
              0            000              4
              0            001              8
              0            010              6
              0            011              7
              0            100              5
              0            101              5
              0            110              0
              0            111              4
              1            000              4
              1            001              8
              1            010              7
              1            011              0
              1            100              7
              1            101              5
              1            110              7
              1            111              0
              2            000              7
              2            001              6
              2            010              3
              2            011              5
              2            100              6
              2            101              3
              2            110              3
              2            111              8
              3            000              0
              3            001              7
              3            010              0
              3            011              1
              3            100              2
              3            101              2
              3            110              1
              3            111              4
              4            000              7
              4            001              5
              4            010              1
              4            011              7
              4            100              4
              4            101              2
              4            110              4
              4            111              5
              5            000              3
              5            001              0
              5            010              1
              5            011              1
              5            100              4
              5            101              7
              5            110              8
              5            111              3
              6            000              6
              6            001              7
              6            010              0
              6            011              3
              6            100              6
              6            101              8
              6            110              0
              6            111              5
              7            000              1
              7            001              8
              7            010              4
              7            011              7
              7            100              7
              7            101              5
              7            110              6
              7            111              7
              8            000              0
              8            001              1
              8            010              3
              8            011              3
              8            100              7
              8            101              3
              8            110              2
              8            111              5
