Eaten part = 0.235507
Start state = 2
Significant inputs: 3 5 6
Moves: 1 0 0 2 0 1 2 0 2
          state         inputs     next state
              0            000              4
              0            001              8
              0            010              7
              0            011              1
              0            100              1
              0            101              1
              0            110              4
              0            111              8
              1            000              7
              1            001              6
              1            010              2
              1            011              7
              1            100              3
              1            101              4
              1            110              3
              1            111              6
              2            000              4
              2            001              5
              2            010              8
              2            011              4
              2            100              7
              2            101              6
              2            110              0
              2            111              0
              3            000              1
              3            001              2
              3            010              7
              3            011              5
              3            100              8
              3            101              8
              3            110              4
              3            111              4
              4            000              1
              4            001              2
              4            010              2
              4            011              4
              4            100              1
              4            101              0
              4            110              5
              4            111              7
              5            000              2
              5            001              1
              5            010              6
              5            011              7
              5            100              8
              5            101              2
              5            110              7
              5            111              0
              6            000              7
              6            001              7
              6            010              2
              6            011              5
              6            100              2
              6            101              5
              6            110              2
              6            111              5
              7            000              7
              7            001              7
              7            010              7
              7            011              6
              7            100              3
              7            101              1
              7            110              1
              7            111              0
              8            000              7
              8            001              1
              8            010              6
              8            011              7
              8            100              2
              8            101              7
              8            110              6
              8            111              7
