Eaten part = 0.237768
Start state = 2
Significant inputs: 0 3 6
Moves: 1 0 0 0 1 2 0 1 2
          state         inputs     next state
              0            000              7
              0            001              3
              0            010              5
              0            011              3
              0            100              6
              0            101              2
              0            110              4
              0            111              7
              1            000              1
              1            001              2
              1            010              6
              1            011              6
              1            100              4
              1            101              8
              1            110              5
              1            111              5
              2            000              1
              2            001              2
              2            010              2
              2            011              3
              2            100              4
              2            101              4
              2            110              8
              2            111              7
              3            000              6
              3            001              7
              3            010              4
              3            011              6
              3            100              6
              3            101              2
              3            110              1
              3            111              5
              4            000              0
              4            001              3
              4            010              5
              4            011              6
              4            100              2
              4            101              6
              4            110              4
              4            111              3
              5            000              6
              5            001              3
              5            010              6
              5            011              2
              5            100              6
              5            101              3
              5            110              3
              5            111              7
              6            000              6
              6            001              2
              6            010              6
              6            011              1
              6            100              8
              6            101              5
              6            110              1
              6            111              7
              7            000              2
              7            001              6
              7            010              1
              7            011              6
              7            100              6
              7            101              6
              7            110              2
              7            111              3
              8            000              1
              8            001              1
              8            010              6
              8            011              2
              8            100              3
              8            101              0
              8            110              7
              8            111              3
