Eaten part = 0.276691
Start state = 3
Significant inputs: 2 3 6
Moves: 0 0 1 0 0 1 0 2 0
          state         inputs     next state
              0            000              4
              0            001              4
              0            010              0
              0            011              5
              0            100              0
              0            101              5
              0            110              7
              0            111              8
              1            000              4
              1            001              3
              1            010              1
              1            011              8
              1            100              8
              1            101              1
              1            110              8
              1            111              6
              2            000              1
              2            001              2
              2            010              3
              2            011              8
              2            100              3
              2            101              0
              2            110              1
              2            111              8
              3            000              3
              3            001              5
              3            010              0
              3            011              3
              3            100              7
              3            101              8
              3            110              1
              3            111              3
              4            000              8
              4            001              3
              4            010              8
              4            011              5
              4            100              7
              4            101              5
              4            110              7
              4            111              5
              5            000              8
              5            001              6
              5            010              8
              5            011              8
              5            100              8
              5            101              6
              5            110              3
              5            111              6
              6            000              3
              6            001              3
              6            010              6
              6            011              0
              6            100              8
              6            101              1
              6            110              7
              6            111              5
              7            000              0
              7            001              6
              7            010              0
              7            011              4
              7            100              0
              7            101              0
              7            110              8
              7            111              1
              8            000              4
              8            001              5
              8            010              8
              8            011              5
              8            100              7
              8            101              6
              8            110              7
              8            111              6
