Eaten part = 0.219227
Start state = 2
Significant inputs: 1 4 7
Moves: 0 0 0 2 0 0 0 0 1
          state         inputs     next state
              0            000              1
              0            001              3
              0            010              1
              0            011              2
              0            100              5
              0            101              8
              0            110              5
              0            111              8
              1            000              1
              1            001              6
              1            010              4
              1            011              7
              1            100              8
              1            101              8
              1            110              4
              1            111              0
              2            000              2
              2            001              8
              2            010              2
              2            011              7
              2            100              6
              2            101              0
              2            110              2
              2            111              2
              3            000              4
              3            001              1
              3            010              8
              3            011              6
              3            100              5
              3            101              7
              3            110              1
              3            111              1
              4            000              8
              4            001              3
              4            010              6
              4            011              7
              4            100              3
              4            101              8
              4            110              5
              4            111              6
              5            000              3
              5            001              6
              5            010              4
              5            011              6
              5            100              6
              5            101              1
              5            110              4
              5            111              0
              6            000              4
              6            001              3
              6            010              5
              6            011              6
              6            100              5
              6            101              3
              6            110              3
              6            111              0
              7            000              3
              7            001              1
              7            010              7
              7            011              7
              7            100              0
              7            101              3
              7            110              0
              7            111              2
              8            000              7
              8            001              7
              8            010              3
              8            011              0
              8            100              0
              8            101              5
              8            110              3
              8            111              6
