Eaten part = 0.248889
Start state = 5
Significant inputs: 3 5 6
Moves: 0 0 0 0 1 0 1 2 0
          state         inputs     next state
              0            000              2
              0            001              4
              0            010              1
              0            011              1
              0            100              5
              0            101              0
              0            110              1
              0            111              7
              1            000              1
              1            001              5
              1            010              2
              1            011              2
              1            100              7
              1            101              7
              1            110              1
              1            111              0
              2            000              1
              2            001              8
              2            010              6
              2            011              4
              2            100              7
              2            101              2
              2            110              5
              2            111              8
              3            000              4
              3            001              2
              3            010              5
              3            011              4
              3            100              7
              3            101              2
              3            110              0
              3            111              4
              4            000              1
              4            001              0
              4            010              2
              4            011              1
              4            100              2
              4            101              1
              4            110              1
              4            111              6
              5            000              1
              5            001              4
              5            010              0
              5            011              3
              5            100              7
              5            101              0
              5            110              6
              5            111              2
              6            000              1
              6            001              5
              6            010              8
              6            011              5
              6            100              5
              6            101              0
              6            110              1
              6            111              7
              7            000              7
              7            001              0
              7            010              1
              7            011              0
              7            100              7
              7            101              0
              7            110              0
              7            111              0
              8            000              6
              8            001              4
              8            010              5
              8            011              1
              8            100              4
              8            101              5
              8            110              3
              8            111              4
