Eaten part = 0.244454
Start state = 2
Significant inputs: 1 2 3
Moves: 0 0 0 0 1 0 0 2 2
          state         inputs     next state
              0            000              0
              0            001              5
              0            010              4
              0            011              5
              0            100              0
              0            101              0
              0            110              4
              0            111              1
              1            000              6
              1            001              4
              1            010              6
              1            011              0
              1            100              0
              1            101              3
              1            110              7
              1            111              3
              2            000              5
              2            001              7
              2            010              3
              2            011              8
              2            100              4
              2            101              0
              2            110              5
              2            111              6
              3            000              1
              3            001              1
              3            010              1
              3            011              0
              3            100              2
              3            101              8
              3            110              4
              3            111              8
              4            000              5
              4            001              1
              4            010              6
              4            011              0
              4            100              6
              4            101              8
              4            110              0
              4            111              5
              5            000              0
              5            001              1
              5            010              8
              5            011              6
              5            100              0
              5            101              5
              5            110              4
              5            111              1
              6            000              8
              6            001              5
              6            010              0
              6            011              4
              6            100              2
              6            101              0
              6            110              6
              6            111              3
              7            000              2
              7            001              1
              7            010              1
              7            011              1
              7            100              4
              7            101              7
              7            110              7
              7            111              8
              8            000              3
              8            001              4
              8            010              8
              8            011              2
              8            100              2
              8            101              1
              8            110              5
              8            111              7
