Eaten part = 0.188951
Start state = 3
Significant inputs: 3 4 7
Moves: 0 0 0 0 0 2 0 1 0
          state         inputs     next state
              0            000              3
              0            001              0
              0            010              4
              0            011              1
              0            100              8
              0            101              5
              0            110              3
              0            111              3
              1            000              7
              1            001              4
              1            010              1
              1            011              1
              1            100              2
              1            101              5
              1            110              3
              1            111              3
              2            000              5
              2            001              8
              2            010              3
              2            011              7
              2            100              6
              2            101              8
              2            110              5
              2            111              8
              3            000              0
              3            001              1
              3            010              1
              3            011              4
              3            100              2
              3            101              8
              3            110              0
              3            111              0
              4            000              0
              4            001              1
              4            010              6
              4            011              4
              4            100              2
              4            101              4
              4            110              8
              4            111              1
              5            000              0
              5            001              8
              5            010              8
              5            011              4
              5            100              6
              5            101              3
              5            110              0
              5            111              7
              6            000              0
              6            001              0
              6            010              0
              6            011              4
              6            100              1
              6            101              1
              6            110              8
              6            111              2
              7            000              4
              7            001              4
              7            010              6
              7            011              2
              7            100              0
              7            101              1
              7            110              1
              7            111              4
              8            000              2
              8            001              2
              8            010              1
              8            011              3
              8            100              1
              8            101              8
              8            110              4
              8            111              7
