Eaten part = 0.282086
Start state = 3
Significant inputs: 2 6 7
Moves: 0 0 1 2 0 0 0 1 0
          state         inputs     next state
              0            000              1
              0            001              7
              0            010              3
              0            011              1
              0            100              6
              0            101              7
              0            110              0
              0            111              2
              1            000              0
              1            001              1
              1            010              3
              1            011              7
              1            100              0
              1            101              2
              1            110              5
              1            111              3
              2            000              4
              2            001              5
              2            010              6
              2            011              8
              2            100              5
              2            101              1
              2            110              2
              2            111              0
              3            000              0
              3            001              4
              3            010              8
              3            011              0
              3            100              1
              3            101              4
              3            110              6
              3            111              4
              4            000              8
              4            001              2
              4            010              6
              4            011              3
              4            100              0
              4            101              3
              4            110              6
              4            111              3
              5            000              1
              5            001              7
              5            010              4
              5            011              7
              5            100              3
              5            101              3
              5            110              5
              5            111              3
              6            000              0
              6            001              2
              6            010              1
              6            011              4
              6            100              1
              6            101              7
              6            110              5
              6            111              4
              7            000              0
              7            001              8
              7            010              6
              7            011              8
              7            100              3
              7            101              8
              7            110              4
              7            111              7
              8            000              6
              8            001              2
              8            010              3
              8            011              7
              8            100              1
              8            101              8
              8            110              1
              8            111              0
