Eaten part = 0.296744
Start state = 0
Significant inputs: 0 2 6
Moves: 0 0 2 1 0 0 1 0 2
          state         inputs     next state
              0            000              1
              0            001              0
              0            010              6
              0            011              3
              0            100              7
              0            101              4
              0            110              3
              0            111              4
              1            000              7
              1            001              0
              1            010              0
              1            011              4
              1            100              2
              1            101              6
              1            110              5
              1            111              0
              2            000              4
              2            001              7
              2            010              4
              2            011              1
              2            100              4
              2            101              0
              2            110              6
              2            111              4
              3            000              7
              3            001              4
              3            010              6
              3            011              6
              3            100              2
              3            101              4
              3            110              3
              3            111              2
              4            000              4
              4            001              4
              4            010              6
              4            011              4
              4            100              2
              4            101              4
              4            110              6
              4            111              6
              5            000              4
              5            001              5
              5            010              1
              5            011              3
              5            100              7
              5            101              1
              5            110              3
              5            111              3
              6            000              4
              6            001              4
              6            010              4
              6            011              5
              6            100              5
              6            101              5
              6            110              4
              6            111              0
              7            000              4
              7            001              0
              7            010              4
              7            011              8
              7            100              4
              7            101              4
              7            110              8
              7            111              4
              8            000              0
              8            001              3
              8            010              3
              8            011              7
              8            100              0
              8            101              1
              8            110              5
              8            111              1
