Eaten part = 0.326813
Start state = 6
Significant inputs: 2 4 6
Moves: 0 2 2 0 0 1 0 0 0
          state         inputs     next state
              0            000              8
              0            001              5
              0            010              6
              0            011              8
              0            100              1
              0            101              2
              0            110              7
              0            111              5
              1            000              0
              1            001              8
              1            010              6
              1            011              4
              1            100              0
              1            101              1
              1            110              5
              1            111              1
              2            000              4
              2            001              4
              2            010              6
              2            011              3
              2            100              6
              2            101              7
              2            110              8
              2            111              4
              3            000              5
              3            001              3
              3            010              6
              3            011              8
              3            100              2
              3            101              7
              3            110              5
              3            111              8
              4            000              8
              4            001              3
              4            010              8
              4            011              0
              4            100              4
              4            101              7
              4            110              2
              4            111              1
              5            000              8
              5            001              6
              5            010              4
              5            011              8
              5            100              0
              5            101              8
              5            110              8
              5            111              2
              6            000              8
              6            001              5
              6            010              4
              6            011              5
              6            100              1
              6            101              4
              6            110              7
              6            111              8
              7            000              8
              7            001              0
              7            010              0
              7            011              5
              7            100              1
              7            101              4
              7            110              7
              7            111              7
              8            000              8
              8            001              5
              8            010              8
              8            011              0
              8            100              2
              8            101              2
              8            110              0
              8            111              3
