Eaten part = 0.243205
Start state = 3
Significant inputs: 5 6 7
Moves: 0 2 0 0 0 1 0 0 1
          state         inputs     next state
              0            000              0
              0            001              2
              0            010              1
              0            011              2
              0            100              8
              0            101              3
              0            110              3
              0            111              8
              1            000              4
              1            001              2
              1            010              7
              1            011              4
              1            100              3
              1            101              2
              1            110              3
              1            111              3
              2            000              2
              2            001              2
              2            010              1
              2            011              2
              2            100              3
              2            101              2
              2            110              7
              2            111              4
              3            000              2
              3            001              4
              3            010              2
              3            011              4
              3            100              3
              3            101              5
              3            110              5
              3            111              5
              4            000              8
              4            001              1
              4            010              0
              4            011              2
              4            100              5
              4            101              3
              4            110              2
              4            111              8
              5            000              0
              5            001              6
              5            010              6
              5            011              6
              5            100              6
              5            101              0
              5            110              0
              5            111              2
              6            000              7
              6            001              6
              6            010              0
              6            011              4
              6            100              4
              6            101              2
              6            110              6
              6            111              7
              7            000              6
              7            001              0
              7            010              5
              7            011              0
              7            100              1
              7            101              5
              7            110              7
              7            111              5
              8            000              3
              8            001              1
              8            010              2
              8            011              5
              8            100              7
              8            101              5
              8            110              4
              8            111              7
