Eaten part = 0.195308
Start state = 5
Significant inputs: 1 4 7
Moves: 0 0 0 0 2 0 0 0 1
          state         inputs     next state
              0            000              8
              0            001              7
              0            010              6
              0            011              0
              0            100              2
              0            101              4
              0            110              7
              0            111              5
              1            000              5
              1            001              4
              1            010              2
              1            011              1
              1            100              5
              1            101              3
              1            110              5
              1            111              1
              2            000              6
              2            001              6
              2            010              7
              2            011              5
              2            100              2
              2            101              4
              2            110              2
              2            111              0
              3            000              7
              3            001              3
              3            010              7
              3            011              7
              3            100              6
              3            101              2
              3            110              0
              3            111              1
              4            000              0
              4            001              2
              4            010              7
              4            011              1
              4            100              6
              4            101              5
              4            110              3
              4            111              1
              5            000              7
              5            001              4
              5            010              2
              5            011              0
              5            100              2
              5            101              8
              5            110              0
              5            111              8
              6            000              8
              6            001              6
              6            010              3
              6            011              1
              6            100              0
              6            101              8
              6            110              0
              6            111              1
              7            000              3
              7            001              7
              7            010              0
              7            011              5
              7            100              5
              7            101              8
              7            110              6
              7            111              1
              8            000              7
              8            001              1
              8            010              4
              8            011              6
              8            100              3
              8            101              3
              8            110              2
              8            111              3
