Eaten part = 0.241782
Start state = 0
Significant inputs: 1 2 3
Moves: 1 0 0 1 0 1 1 0 1
          state         inputs     next state
              0            000              2
              0            001              2
              0            010              7
              0            011              8
              0            100              1
              0            101              6
              0            110              8
              0            111              1
              1            000              7
              1            001              0
              1            010              5
              1            011              3
              1            100              2
              1            101              4
              1            110              3
              1            111              5
              2            000              2
              2            001              6
              2            010              3
              2            011              4
              2            100              2
              2            101              8
              2            110              7
              2            111              6
              3            000              8
              3            001              1
              3            010              0
              3            011              2
              3            100              8
              3            101              1
              3            110              5
              3            111              7
              4            000              1
              4            001              2
              4            010              4
              4            011              7
              4            100              2
              4            101              6
              4            110              7
              4            111              4
              5            000              7
              5            001              4
              5            010              6
              5            011              7
              5            100              4
              5            101              5
              5            110              6
              5            111              7
              6            000              0
              6            001              7
              6            010              3
              6            011              8
              6            100              0
              6            101              3
              6            110              4
              6            111              6
              7            000              1
              7            001              2
              7            010              5
              7            011              5
              7            100              4
              7            101              7
              7            110              7
              7            111              6
              8            000              5
              8            001              7
              8            010              0
              8            011              5
              8            100              4
              8            101              2
              8            110              1
              8            111              7
