Eaten part = 0.191380
Start state = 0
Significant inputs: 0 4 7
Moves: 0 2 1 0 0 0 0 1 0
          state         inputs     next state
              0            000              0
              0            001              0
              0            010              0
              0            011              6
              0            100              5
              0            101              2
              0            110              0
              0            111              5
              1            000              4
              1            001              4
              1            010              7
              1            011              6
              1            100              6
              1            101              7
              1            110              0
              1            111              7
              2            000              4
              2            001              8
              2            010              0
              2            011              1
              2            100              8
              2            101              3
              2            110              1
              2            111              1
              3            000              5
              3            001              4
              3            010              5
              3            011              1
              3            100              2
              3            101              4
              3            110              5
              3            111              2
              4            000              0
              4            001              2
              4            010              0
              4            011              3
              4            100              3
              4            101              1
              4            110              5
              4            111              8
              5            000              1
              5            001              3
              5            010              4
              5            011              7
              5            100              3
              5            101              4
              5            110              6
              5            111              3
              6            000              1
              6            001              5
              6            010              3
              6            011              8
              6            100              6
              6            101              1
              6            110              8
              6            111              4
              7            000              4
              7            001              5
              7            010              3
              7            011              5
              7            100              4
              7            101              4
              7            110              4
              7            111              6
              8            000              2
              8            001              4
              8            010              3
              8            011              1
              8            100              5
              8            101              3
              8            110              0
              8            111              2
