Eaten part = 0.197347
Start state = 5
Significant inputs: 0 1 4
Moves: 2 1 0 0 0 0 1 0 0
          state         inputs     next state
              0            000              3
              0            001              5
              0            010              8
              0            011              1
              0            100              1
              0            101              3
              0            110              7
              0            111              1
              1            000              4
              1            001              7
              1            010              2
              1            011              7
              1            100              2
              1            101              4
              1            110              0
              1            111              8
              2            000              0
              2            001              1
              2            010              5
              2            011              0
              2            100              3
              2            101              6
              2            110              2
              2            111              0
              3            000              5
              3            001              3
              3            010              5
              3            011              5
              3            100              7
              3            101              8
              3            110              7
              3            111              4
              4            000              0
              4            001              7
              4            010              4
              4            011              6
              4            100              2
              4            101              1
              4            110              1
              4            111              4
              5            000              7
              5            001              1
              5            010              6
              5            011              1
              5            100              8
              5            101              2
              5            110              8
              5            111              3
              6            000              4
              6            001              7
              6            010              3
              6            011              5
              6            100              6
              6            101              6
              6            110              5
              6            111              0
              7            000              1
              7            001              1
              7            010              5
              7            011              0
              7            100              2
              7            101              5
              7            110              3
              7            111              2
              8            000              7
              8            001              7
              8            010              7
              8            011              5
              8            100              4
              8            101              1
              8            110              5
              8            111              7
