Eaten part = 0.251716
Start state = 2
Significant inputs: 1 2 3
Moves: 0 1 0 0 1 0 0 1 2
          state         inputs     next state
              0            000              4
              0            001              5
              0            010              0
              0            011              3
              0            100              8
              0            101              3
              0            110              4
              0            111              7
              1            000              2
              1            001              3
              1            010              0
              1            011              5
              1            100              8
              1            101              3
              1            110              5
              1            111              5
              2            000              5
              2            001              8
              2            010              0
              2            011              1
              2            100              8
              2            101              6
              2            110              8
              2            111              5
              3            000              5
              3            001              1
              3            010              1
              3            011              1
              3            100              3
              3            101              4
              3            110              4
              3            111              8
              4            000              7
              4            001              5
              4            010              6
              4            011              6
              4            100              7
              4            101              6
              4            110              7
              4            111              1
              5            000              3
              5            001              1
              5            010              1
              5            011              8
              5            100              8
              5            101              7
              5            110              0
              5            111              2
              6            000              5
              6            001              5
              6            010              5
              6            011              1
              6            100              6
              6            101              8
              6            110              2
              6            111              2
              7            000              1
              7            001              0
              7            010              5
              7            011              2
              7            100              7
              7            101              2
              7            110              8
              7            111              5
              8            000              5
              8            001              2
              8            010              3
              8            011              5
              8            100              1
              8            101              2
              8            110              7
              8            111              4
