Eaten part = 0.194597
Start state = 8
Significant inputs: 1 3 4
Moves: 2 1 1 1 2 0 2 0 0
          state         inputs     next state
              0            000              5
              0            001              8
              0            010              0
              0            011              2
              0            100              3
              0            101              1
              0            110              2
              0            111              8
              1            000              6
              1            001              2
              1            010              8
              1            011              0
              1            100              8
              1            101              2
              1            110              6
              1            111              6
              2            000              7
              2            001              8
              2            010              4
              2            011              6
              2            100              6
              2            101              7
              2            110              6
              2            111              7
              3            000              5
              3            001              8
              3            010              3
              3            011              0
              3            100              8
              3            101              8
              3            110              0
              3            111              4
              4            000              2
              4            001              7
              4            010              2
              4            011              3
              4            100              6
              4            101              5
              4            110              6
              4            111              3
              5            000              5
              5            001              2
              5            010              6
              5            011              6
              5            100              7
              5            101              8
              5            110              8
              5            111              4
              6            000              5
              6            001              7
              6            010              7
              6            011              1
              6            100              5
              6            101              7
              6            110              5
              6            111              4
              7            000              7
              7            001              6
              7            010              2
              7            011              5
              7            100              8
              7            101              5
              7            110              5
              7            111              1
              8            000              0
              8            001              0
              8            010              6
              8            011              7
              8            100              7
              8            101              7
              8            110              8
              8            111              0
