Eaten part = 0.322712
Start state = 0
Significant inputs: 2 4 6
Moves: 0 0 2 1 1 2 0 0 0
          state         inputs     next state
              0            000              0
              0            001              3
              0            010              7
              0            011              6
              0            100              2
              0            101              4
              0            110              0
              0            111              6
              1            000              0
              1            001              3
              1            010              6
              1            011              7
              1            100              5
              1            101              4
              1            110              7
              1            111              3
              2            000              0
              2            001              8
              2            010              0
              2            011              1
              2            100              0
              2            101              3
              2            110              1
              2            111              7
              3            000              7
              3            001              1
              3            010              6
              3            011              1
              3            100              1
              3            101              1
              3            110              7
              3            111              7
              4            000              6
              4            001              6
              4            010              8
              4            011              6
              4            100              0
              4            101              4
              4            110              0
              4            111              6
              5            000              7
              5            001              1
              5            010              0
              5            011              2
              5            100              6
              5            101              8
              5            110              1
              5            111              4
              6            000              0
              6            001              3
              6            010              1
              6            011              4
              6            100              2
              6            101              4
              6            110              8
              6            111              5
              7            000              0
              7            001              4
              7            010              6
              7            011              0
              7            100              2
              7            101              6
              7            110              6
              7            111              4
              8            000              6
              8            001              3
              8            010              0
              8            011              2
              8            100              7
              8            101              2
              8            110              3
              8            111              8
