Eaten part = 0.178107
Start state = 3
Significant inputs: 0 1 7
Moves: 0 0 2 0 2 0 2 2 0
          state         inputs     next state
              0            000              8
              0            001              0
              0            010              1
              0            011              8
              0            100              5
              0            101              4
              0            110              6
              0            111              8
              1            000              7
              1            001              7
              1            010              0
              1            011              8
              1            100              5
              1            101              8
              1            110              3
              1            111              0
              2            000              6
              2            001              6
              2            010              1
              2            011              4
              2            100              1
              2            101              5
              2            110              4
              2            111              6
              3            000              1
              3            001              4
              3            010              8
              3            011              1
              3            100              1
              3            101              0
              3            110              0
              3            111              0
              4            000              6
              4            001              0
              4            010              4
              4            011              2
              4            100              0
              4            101              1
              4            110              3
              4            111              7
              5            000              0
              5            001              5
              5            010              0
              5            011              1
              5            100              0
              5            101              7
              5            110              3
              5            111              7
              6            000              1
              6            001              4
              6            010              8
              6            011              8
              6            100              0
              6            101              0
              6            110              3
              6            111              0
              7            000              8
              7            001              4
              7            010              4
              7            011              2
              7            100              8
              7            101              0
              7            110              4
              7            111              5
              8            000              8
              8            001              5
              8            010              4
              8            011              3
              8            100              1
              8            101              3
              8            110              5
              8            111              4
