Eaten part = 0.291352
Start state = 5
Significant inputs: 2 5 6
Moves: 2 0 0 0 1 1 1 0 0
          state         inputs     next state
              0            000              2
              0            001              3
              0            010              3
              0            011              2
              0            100              6
              0            101              2
              0            110              7
              0            111              7
              1            000              7
              1            001              3
              1            010              8
              1            011              3
              1            100              3
              1            101              6
              1            110              0
              1            111              0
              2            000              1
              2            001              8
              2            010              5
              2            011              5
              2            100              0
              2            101              0
              2            110              0
              2            111              6
              3            000              7
              3            001              3
              3            010              3
              3            011              4
              3            100              0
              3            101              5
              3            110              0
              3            111              1
              4            000              1
              4            001              1
              4            010              3
              4            011              2
              4            100              7
              4            101              1
              4            110              3
              4            111              1
              5            000              0
              5            001              2
              5            010              7
              5            011              7
              5            100              4
              5            101              4
              5            110              7
              5            111              2
              6            000              0
              6            001              1
              6            010              3
              6            011              5
              6            100              3
              6            101              5
              6            110              5
              6            111              2
              7            000              3
              7            001              4
              7            010              2
              7            011              3
              7            100              0
              7            101              4
              7            110              8
              7            111              7
              8            000              1
              8            001              7
              8            010              8
              8            011              8
              8            100              3
              8            101              7
              8            110              4
              8            111              5
