Eaten part = 0.185197
Start state = 2
Significant inputs: 1 5 7
Moves: 2 1 1 0 2 0 1 0 1
          state         inputs     next state
              0            000              8
              0            001              8
              0            010              3
              0            011              6
              0            100              7
              0            101              2
              0            110              2
              0            111              0
              1            000              5
              1            001              3
              1            010              8
              1            011              4
              1            100              7
              1            101              0
              1            110              5
              1            111              4
              2            000              3
              2            001              4
              2            010              6
              2            011              0
              2            100              2
              2            101              5
              2            110              6
              2            111              8
              3            000              4
              3            001              4
              3            010              4
              3            011              7
              3            100              5
              3            101              0
              3            110              5
              3            111              8
              4            000              1
              4            001              8
              4            010              5
              4            011              6
              4            100              5
              4            101              8
              4            110              5
              4            111              5
              5            000              5
              5            001              3
              5            010              3
              5            011              4
              5            100              5
              5            101              6
              5            110              2
              5            111              6
              6            000              3
              6            001              5
              6            010              3
              6            011              5
              6            100              2
              6            101              7
              6            110              8
              6            111              7
              7            000              5
              7            001              2
              7            010              3
              7            011              0
              7            100              2
              7            101              6
              7            110              6
              7            111              1
              8            000              6
              8            001              3
              8            010              6
              8            011              2
              8            100              3
              8            101              7
              8            110              4
              8            111              2
