Eaten part = 0.261564
Start state = 2
Significant inputs: 1 2 4
Moves: 2 0 0 1 0 2 0 2 0
          state         inputs     next state
              0            000              2
              0            001              2
              0            010              2
              0            011              6
              0            100              3
              0            101              3
              0            110              6
              0            111              1
              1            000              6
              1            001              1
              1            010              3
              1            011              4
              1            100              2
              1            101              6
              1            110              2
              1            111              4
              2            000              2
              2            001              5
              2            010              3
              2            011              1
              2            100              1
              2            101              1
              2            110              6
              2            111              0
              3            000              1
              3            001              2
              3            010              1
              3            011              8
              3            100              6
              3            101              2
              3            110              7
              3            111              6
              4            000              3
              4            001              5
              4            010              2
              4            011              5
              4            100              8
              4            101              4
              4            110              6
              4            111              3
              5            000              2
              5            001              8
              5            010              3
              5            011              3
              5            100              2
              5            101              6
              5            110              0
              5            111              0
              6            000              5
              6            001              1
              6            010              3
              6            011              1
              6            100              6
              6            101              5
              6            110              8
              6            111              1
              7            000              7
              7            001              8
              7            010              1
              7            011              3
              7            100              2
              7            101              0
              7            110              7
              7            111              4
              8            000              0
              8            001              0
              8            010              5
              8            011              6
              8            100              0
              8            101              1
              8            110              8
              8            111              1
