Eaten part = 0.251977
Start state = 0
Significant inputs: 1 2 7
Moves: 1 0 2 2 1 0 0 2 2
          state         inputs     next state
              0            000              6
              0            001              5
              0            010              8
              0            011              1
              0            100              6
              0            101              5
              0            110              7
              0            111              5
              1            000              2
              1            001              6
              1            010              7
              1            011              7
              1            100              2
              1            101              4
              1            110              1
              1            111              3
              2            000              6
              2            001              3
              2            010              6
              2            011              6
              2            100              5
              2            101              1
              2            110              2
              2            111              8
              3            000              0
              3            001              0
              3            010              4
              3            011              8
              3            100              6
              3            101              3
              3            110              6
              3            111              6
              4            000              2
              4            001              6
              4            010              1
              4            011              2
              4            100              1
              4            101              5
              4            110              4
              4            111              3
              5            000              5
              5            001              3
              5            010              0
              5            011              6
              5            100              5
              5            101              6
              5            110              0
              5            111              3
              6            000              5
              6            001              6
              6            010              0
              6            011              0
              6            100              2
              6            101              6
              6            110              0
              6            111              4
              7            000              6
              7            001              4
              7            010              8
              7            011              0
              7            100              2
              7            101              0
              7            110              2
              7            111              6
              8            000              2
              8            001              8
              8            010              6
              8            011              8
              8            100              1
              8            101              3
              8            110              3
              8            111              1
