Eaten part = 0.259038
Start state = 8
Significant inputs: 4 6 7
Moves: 0 0 2 2 0 0 1 0 0
          state         inputs     next state
              0            000              7
              0            001              1
              0            010              6
              0            011              1
              0            100              4
              0            101              7
              0            110              2
              0            111              2
              1            000              8
              1            001              5
              1            010              7
              1            011              5
              1            100              0
              1            101              3
              1            110              7
              1            111              5
              2            000              8
              2            001              6
              2            010              1
              2            011              4
              2            100              5
              2            101              0
              2            110              5
              2            111              4
              3            000              7
              3            001              1
              3            010              0
              3            011              3
              3            100              0
              3            101              7
              3            110              2
              3            111              1
              4            000              7
              4            001              8
              4            010              2
              4            011              4
              4            100              2
              4            101              4
              4            110              5
              4            111              5
              5            000              5
              5            001              4
              5            010              2
              5            011              5
              5            100              5
              5            101              7
              5            110              0
              5            111              7
              6            000              5
              6            001              3
              6            010              1
              6            011              2
              6            100              7
              6            101              3
              6            110              3
              6            111              1
              7            000              7
              7            001              0
              7            010              3
              7            011              4
              7            100              7
              7            101              7
              7            110              3
              7            111              8
              8            000              6
              8            001              8
              8            010              0
              8            011              2
              8            100              1
              8            101              4
              8            110              5
              8            111              7
