Eaten part = 0.254234
Start state = 8
Significant inputs: 1 2 4
Moves: 0 0 0 0 0 1 1 2 0
          state         inputs     next state
              0            000              3
              0            001              8
              0            010              6
              0            011              0
              0            100              0
              0            101              7
              0            110              3
              0            111              1
              1            000              4
              1            001              2
              1            010              5
              1            011              3
              1            100              2
              1            101              0
              1            110              7
              1            111              6
              2            000              7
              2            001              6
              2            010              4
              2            011              0
              2            100              8
              2            101              0
              2            110              5
              2            111              8
              3            000              3
              3            001              4
              3            010              5
              3            011              4
              3            100              0
              3            101              7
              3            110              5
              3            111              5
              4            000              2
              4            001              4
              4            010              0
              4            011              1
              4            100              8
              4            101              6
              4            110              4
              4            111              2
              5            000              8
              5            001              0
              5            010              5
              5            011              2
              5            100              3
              5            101              7
              5            110              6
              5            111              2
              6            000              3
              6            001              3
              6            010              3
              6            011              2
              6            100              7
              6            101              0
              6            110              4
              6            111              6
              7            000              8
              7            001              8
              7            010              2
              7            011              0
              7            100              1
              7            101              4
              7            110              0
              7            111              6
              8            000              0
              8            001              8
              8            010              6
              8            011              0
              8            100              4
              8            101              3
              8            110              6
              8            111              8
