Eaten part = 0.310597
Start state = 6
Significant inputs: 2 4 6
Moves: 0 0 0 0 0 0 0 2 1
          state         inputs     next state
              0            000              2
              0            001              8
              0            010              2
              0            011              0
              0            100              7
              0            101              8
              0            110              2
              0            111              3
              1            000              2
              1            001              7
              1            010              3
              1            011              6
              1            100              4
              1            101              8
              1            110              2
              1            111              2
              2            000              2
              2            001              8
              2            010              4
              2            011              3
              2            100              7
              2            101              8
              2            110              0
              2            111              1
              3            000              7
              3            001              0
              3            010              5
              3            011              1
              3            100              7
              3            101              8
              3            110              4
              3            111              0
              4            000              0
              4            001              4
              4            010              6
              4            011              3
              4            100              7
              4            101              8
              4            110              0
              4            111              5
              5            000              0
              5            001              0
              5            010              6
              5            011              3
              5            100              8
              5            101              1
              5            110              8
              5            111              7
              6            000              4
              6            001              8
              6            010              1
              6            011              8
              6            100              2
              6            101              5
              6            110              5
              6            111              7
              7            000              4
              7            001              0
              7            010              5
              7            011              4
              7            100              3
              7            101              2
              7            110              1
              7            111              0
              8            000              4
              8            001              2
              8            010              0
              8            011              3
              8            100              1
              8            101              0
              8            110              0
              8            111              1
