Eaten part = 0.248401
Start state = 6
Significant inputs: 0 2 4
Moves: 0 2 1 0 0 0 0 0 0
          state         inputs     next state
              0            000              1
              0            001              2
              0            010              8
              0            011              2
              0            100              5
              0            101              8
              0            110              6
              0            111              6
              1            000              7
              1            001              3
              1            010              8
              1            011              7
              1            100              2
              1            101              0
              1            110              4
              1            111              3
              2            000              7
              2            001              3
              2            010              4
              2            011              3
              2            100              1
              2            101              0
              2            110              1
              2            111              7
              3            000              7
              3            001              4
              3            010              8
              3            011              4
              3            100              7
              3            101              0
              3            110              5
              3            111              3
              4            000              7
              4            001              7
              4            010              1
              4            011              7
              4            100              3
              4            101              0
              4            110              5
              4            111              8
              5            000              7
              5            001              5
              5            010              7
              5            011              6
              5            100              0
              5            101              6
              5            110              2
              5            111              0
              6            000              0
              6            001              7
              6            010              5
              6            011              4
              6            100              7
              6            101              0
              6            110              4
              6            111              3
              7            000              7
              7            001              0
              7            010              2
              7            011              2
              7            100              5
              7            101              8
              7            110              7
              7            111              5
              8            000              7
              8            001              4
              8            010              8
              8            011              3
              8            100              3
              8            101              0
              8            110              6
              8            111              3
