Eaten part = 0.252929
Start state = 3
Significant inputs: 1 2 4
Moves: 0 0 1 0 2 0 0 0 0
          state         inputs     next state
              0            000              5
              0            001              1
              0            010              1
              0            011              6
              0            100              4
              0            101              8
              0            110              8
              0            111              3
              1            000              6
              1            001              3
              1            010              3
              1            011              7
              1            100              3
              1            101              3
              1            110              1
              1            111              4
              2            000              6
              2            001              5
              2            010              4
              2            011              5
              2            100              6
              2            101              1
              2            110              8
              2            111              3
              3            000              6
              3            001              7
              3            010              5
              3            011              2
              3            100              3
              3            101              2
              3            110              7
              3            111              4
              4            000              3
              4            001              1
              4            010              4
              4            011              4
              4            100              8
              4            101              5
              4            110              5
              4            111              8
              5            000              5
              5            001              0
              5            010              2
              5            011              8
              5            100              8
              5            101              8
              5            110              6
              5            111              2
              6            000              6
              6            001              4
              6            010              2
              6            011              4
              6            100              5
              6            101              1
              6            110              6
              6            111              0
              7            000              5
              7            001              4
              7            010              1
              7            011              1
              7            100              5
              7            101              8
              7            110              7
              7            111              4
              8            000              6
              8            001              8
              8            010              2
              8            011              3
              8            100              7
              8            101              0
              8            110              7
              8            111              8
