Eaten part = 0.242130
Start state = 6
Significant inputs: 2 3 5
Moves: 2 0 0 0 0 0 0 0 1
          state         inputs     next state
              0            000              6
              0            001              4
              0            010              5
              0            011              2
              0            100              6
              0            101              2
              0            110              6
              0            111              3
              1            000              6
              1            001              3
              1            010              2
              1            011              4
              1            100              5
              1            101              7
              1            110              5
              1            111              0
              2            000              5
              2            001              8
              2            010              0
              2            011              0
              2            100              0
              2            101              5
              2            110              0
              2            111              1
              3            000              6
              3            001              8
              3            010              4
              3            011              8
              3            100              3
              3            101              7
              3            110              3
              3            111              3
              4            000              7
              4            001              8
              4            010              1
              4            011              1
              4            100              2
              4            101              8
              4            110              5
              4            111              6
              5            000              0
              5            001              1
              5            010              3
              5            011              8
              5            100              3
              5            101              1
              5            110              6
              5            111              0
              6            000              3
              6            001              8
              6            010              6
              6            011              8
              6            100              4
              6            101              0
              6            110              4
              6            111              7
              7            000              6
              7            001              2
              7            010              0
              7            011              8
              7            100              7
              7            101              1
              7            110              3
              7            111              3
              8            000              6
              8            001              2
              8            010              2
              8            011              1
              8            100              3
              8            101              6
              8            110              6
              8            111              3
