Eaten part = 0.227283
Start state = 0
Significant inputs: 5 6 7
Moves: 1 0 1 0 2 0 0 2 0
          state         inputs     next state
              0            000              8
              0            001              6
              0            010              2
              0            011              5
              0            100              6
              0            101              1
              0            110              6
              0            111              4
              1            000              8
              1            001              2
              1            010              5
              1            011              3
              1            100              1
              1            101              0
              1            110              4
              1            111              8
              2            000              8
              2            001              4
              2            010              6
              2            011              3
              2            100              1
              2            101              7
              2            110              1
              2            111              3
              3            000              1
              3            001              5
              3            010              7
              3            011              7
              3            100              1
              3            101              5
              3            110              7
              3            111              4
              4            000              5
              4            001              8
              4            010              6
              4            011              8
              4            100              1
              4            101              8
              4            110              3
              4            111              1
              5            000              5
              5            001              1
              5            010              6
              5            011              1
              5            100              3
              5            101              3
              5            110              0
              5            111              2
              6            000              2
              6            001              3
              6            010              8
              6            011              4
              6            100              4
              6            101              2
              6            110              6
              6            111              1
              7            000              0
              7            001              3
              7            010              4
              7            011              6
              7            100              7
              7            101              1
              7            110              5
              7            111              3
              8            000              3
              8            001              8
              8            010              7
              8            011              4
              8            100              4
              8            101              1
              8            110              4
              8            111              5
