Eaten part = 0.239664
Start state = 2
Significant inputs: 0 2 3
Moves: 0 2 0 0 0 0 1 2 0
          state         inputs     next state
              0            000              6
              0            001              2
              0            010              7
              0            011              8
              0            100              2
              0            101              4
              0            110              5
              0            111              1
              1            000              2
              1            001              2
              1            010              8
              1            011              1
              1            100              3
              1            101              5
              1            110              6
              1            111              3
              2            000              2
              2            001              2
              2            010              6
              2            011              6
              2            100              4
              2            101              3
              2            110              2
              2            111              8
              3            000              2
              3            001              2
              3            010              5
              3            011              4
              3            100              3
              3            101              5
              3            110              6
              3            111              4
              4            000              2
              4            001              1
              4            010              2
              4            011              1
              4            100              3
              4            101              7
              4            110              4
              4            111              4
              5            000              7
              5            001              4
              5            010              4
              5            011              4
              5            100              5
              5            101              2
              5            110              6
              5            111              5
              6            000              2
              6            001              4
              6            010              4
              6            011              2
              6            100              3
              6            101              8
              6            110              7
              6            111              5
              7            000              3
              7            001              0
              7            010              7
              7            011              2
              7            100              3
              7            101              6
              7            110              0
              7            111              1
              8            000              0
              8            001              8
              8            010              8
              8            011              8
              8            100              3
              8            101              8
              8            110              6
              8            111              4
