Eaten part = 0.272843
Start state = 6
Significant inputs: 2 3 4
Moves: 1 0 0 0 0 0 0 0 2
          state         inputs     next state
              0            000              7
              0            001              2
              0            010              3
              0            011              3
              0            100              7
              0            101              7
              0            110              4
              0            111              1
              1            000              5
              1            001              7
              1            010              6
              1            011              0
              1            100              8
              1            101              7
              1            110              6
              1            111              7
              2            000              8
              2            001              0
              2            010              8
              2            011              6
              2            100              6
              2            101              7
              2            110              1
              2            111              2
              3            000              0
              3            001              6
              3            010              5
              3            011              2
              3            100              6
              3            101              5
              3            110              8
              3            111              5
              4            000              7
              4            001              0
              4            010              8
              4            011              0
              4            100              7
              4            101              3
              4            110              2
              4            111              5
              5            000              6
              5            001              2
              5            010              3
              5            011              3
              5            100              4
              5            101              5
              5            110              1
              5            111              8
              6            000              6
              6            001              0
              6            010              2
              6            011              0
              6            100              1
              6            101              2
              6            110              6
              6            111              7
              7            000              4
              7            001              0
              7            010              6
              7            011              6
              7            100              5
              7            101              0
              7            110              4
              7            111              5
              8            000              6
              8            001              6
              8            010              2
              8            011              8
              8            100              7
              8            101              6
              8            110              4
              8            111              1
