Eaten part = 0.247502
Start state = 5
Significant inputs: 3 4 6
Moves: 1 0 0 0 1 2 0 2 0
          state         inputs     next state
              0            000              6
              0            001              2
              0            010              1
              0            011              0
              0            100              6
              0            101              5
              0            110              3
              0            111              1
              1            000              1
              1            001              3
              1            010              3
              1            011              8
              1            100              5
              1            101              5
              1            110              2
              1            111              5
              2            000              4
              2            001              6
              2            010              7
              2            011              1
              2            100              6
              2            101              7
              2            110              4
              2            111              6
              3            000              1
              3            001              1
              3            010              2
              3            011              2
              3            100              0
              3            101              6
              3            110              4
              3            111              2
              4            000              1
              4            001              4
              4            010              1
              4            011              6
              4            100              7
              4            101              7
              4            110              7
              4            111              2
              5            000              3
              5            001              3
              5            010              3
              5            011              4
              5            100              6
              5            101              8
              5            110              6
              5            111              7
              6            000              1
              6            001              0
              6            010              3
              6            011              3
              6            100              6
              6            101              3
              6            110              6
              6            111              7
              7            000              2
              7            001              6
              7            010              5
              7            011              5
              7            100              3
              7            101              1
              7            110              2
              7            111              3
              8            000              1
              8            001              3
              8            010              0
              8            011              8
              8            100              7
              8            101              7
              8            110              0
              8            111              2
