Eaten part = 0.238675
Start state = 8
Significant inputs: 5 6 7
Moves: 0 0 2 2 0 0 0 2 0
          state         inputs     next state
              0            000              4
              0            001              2
              0            010              6
              0            011              5
              0            100              5
              0            101              8
              0            110              2
              0            111              6
              1            000              6
              1            001              1
              1            010              2
              1            011              5
              1            100              0
              1            101              6
              1            110              7
              1            111              3
              2            000              6
              2            001              8
              2            010              0
              2            011              4
              2            100              1
              2            101              6
              2            110              5
              2            111              4
              3            000              4
              3            001              1
              3            010              7
              3            011              4
              3            100              6
              3            101              5
              3            110              4
              3            111              6
              4            000              8
              4            001              4
              4            010              7
              4            011              6
              4            100              6
              4            101              8
              4            110              3
              4            111              6
              5            000              6
              5            001              0
              5            010              1
              5            011              7
              5            100              0
              5            101              0
              5            110              3
              5            111              1
              6            000              1
              6            001              5
              6            010              5
              6            011              3
              6            100              8
              6            101              4
              6            110              7
              6            111              0
              7            000              5
              7            001              5
              7            010              8
              7            011              5
              7            100              3
              7            101              6
              7            110              4
              7            111              5
              8            000              4
              8            001              3
              8            010              7
              8            011              4
              8            100              0
              8            101              3
              8            110              3
              8            111              4
