Eaten part = 0.248587
Start state = 6
Significant inputs: 1 2 5
Moves: 0 0 0 1 0 2 0 1 0
          state         inputs     next state
              0            000              2
              0            001              5
              0            010              3
              0            011              3
              0            100              6
              0            101              3
              0            110              3
              0            111              6
              1            000              0
              1            001              8
              1            010              3
              1            011              7
              1            100              8
              1            101              2
              1            110              5
              1            111              4
              2            000              4
              2            001              4
              2            010              3
              2            011              7
              2            100              1
              2            101              1
              2            110              3
              2            111              7
              3            000              3
              3            001              0
              3            010              6
              3            011              8
              3            100              8
              3            101              1
              3            110              3
              3            111              6
              4            000              2
              4            001              5
              4            010              3
              4            011              3
              4            100              8
              4            101              8
              4            110              1
              4            111              1
              5            000              0
              5            001              3
              5            010              6
              5            011              2
              5            100              8
              5            101              6
              5            110              2
              5            111              2
              6            000              6
              6            001              0
              6            010              3
              6            011              8
              6            100              5
              6            101              5
              6            110              8
              6            111              1
              7            000              8
              7            001              0
              7            010              4
              7            011              6
              7            100              8
              7            101              8
              7            110              1
              7            111              3
              8            000              4
              8            001              8
              8            010              2
              8            011              1
              8            100              5
              8            101              8
              8            110              4
              8            111              6
