Eaten part = 0.252865
Start state = 4
Significant inputs: 2 3 5
Moves: 2 1 0 2 0 1 0 0 1
          state         inputs     next state
              0            000              6
              0            001              6
              0            010              2
              0            011              7
              0            100              2
              0            101              6
              0            110              4
              0            111              6
              1            000              6
              1            001              8
              1            010              7
              1            011              0
              1            100              6
              1            101              2
              1            110              0
              1            111              4
              2            000              2
              2            001              8
              2            010              2
              2            011              8
              2            100              5
              2            101              1
              2            110              5
              2            111              8
              3            000              2
              3            001              2
              3            010              8
              3            011              8
              3            100              3
              3            101              2
              3            110              7
              3            111              6
              4            000              5
              4            001              2
              4            010              0
              4            011              1
              4            100              7
              4            101              4
              4            110              4
              4            111              4
              5            000              8
              5            001              7
              5            010              0
              5            011              5
              5            100              1
              5            101              8
              5            110              5
              5            111              4
              6            000              3
              6            001              1
              6            010              2
              6            011              8
              6            100              7
              6            101              4
              6            110              6
              6            111              4
              7            000              0
              7            001              2
              7            010              5
              7            011              1
              7            100              6
              7            101              1
              7            110              3
              7            111              1
              8            000              2
              8            001              2
              8            010              2
              8            011              6
              8            100              7
              8            101              4
              8            110              3
              8            111              6
