Eaten part = 0.283975
Start state = 7
Significant inputs: 2 6 7
Moves: 0 0 0 0 2 2 1 0 1
          state         inputs     next state
              0            000              1
              0            001              7
              0            010              4
              0            011              5
              0            100              1
              0            101              6
              0            110              5
              0            111              4
              1            000              3
              1            001              8
              1            010              7
              1            011              7
              1            100              3
              1            101              6
              1            110              0
              1            111              7
              2            000              7
              2            001              6
              2            010              1
              2            011              5
              2            100              3
              2            101              1
              2            110              8
              2            111              3
              3            000              0
              3            001              6
              3            010              5
              3            011              2
              3            100              1
              3            101              1
              3            110              4
              3            111              4
              4            000              0
              4            001              1
              4            010              3
              4            011              8
              4            100              2
              4            101              1
              4            110              2
              4            111              6
              5            000              0
              5            001              3
              5            010              1
              5            011              7
              5            100              2
              5            101              8
              5            110              1
              5            111              7
              6            000              3
              6            001              0
              6            010              1
              6            011              0
              6            100              7
              6            101              3
              6            110              0
              6            111              4
              7            000              0
              7            001              6
              7            010              4
              7            011              0
              7            100              1
              7            101              6
              7            110              8
              7            111              7
              8            000              1
              8            001              3
              8            010              0
              8            011              8
              8            100              2
              8            101              0
              8            110              5
              8            111              1
