Eaten part = 0.239135
Start state = 8
Significant inputs: 1 2 3
Moves: 2 0 2 0 1 0 0 1 1
          state         inputs     next state
              0            000              1
              0            001              0
              0            010              0
              0            011              0
              0            100              7
              0            101              1
              0            110              3
              0            111              0
              1            000              1
              1            001              5
              1            010              8
              1            011              8
              1            100              6
              1            101              6
              1            110              8
              1            111              0
              2            000              6
              2            001              4
              2            010              5
              2            011              3
              2            100              5
              2            101              1
              2            110              6
              2            111              7
              3            000              2
              3            001              1
              3            010              3
              3            011              3
              3            100              4
              3            101              2
              3            110              7
              3            111              0
              4            000              6
              4            001              8
              4            010              4
              4            011              2
              4            100              4
              4            101              3
              4            110              0
              4            111              5
              5            000              1
              5            001              5
              5            010              4
              5            011              0
              5            100              5
              5            101              6
              5            110              4
              5            111              4
              6            000              1
              6            001              1
              6            010              6
              6            011              1
              6            100              1
              6            101              6
              6            110              6
              6            111              1
              7            000              6
              7            001              4
              7            010              2
              7            011              7
              7            100              3
              7            101              2
              7            110              6
              7            111              4
              8            000              2
              8            001              1
              8            010              3
              8            011              5
              8            100              8
              8            101              6
              8            110              2
              8            111              1
