Eaten part = 0.301284
Start state = 5
Significant inputs: 2 4 6
Moves: 0 0 0 0 0 2 1 0 1
          state         inputs     next state
              0            000              0
              0            001              7
              0            010              1
              0            011              4
              0            100              5
              0            101              2
              0            110              6
              0            111              0
              1            000              4
              1            001              8
              1            010              1
              1            011              3
              1            100              4
              1            101              5
              1            110              2
              1            111              3
              2            000              4
              2            001              6
              2            010              4
              2            011              2
              2            100              4
              2            101              5
              2            110              0
              2            111              2
              3            000              1
              3            001              8
              3            010              1
              3            011              4
              3            100              2
              3            101              8
              3            110              5
              3            111              5
              4            000              4
              4            001              6
              4            010              1
              4            011              2
              4            100              5
              4            101              5
              4            110              4
              4            111              1
              5            000              1
              5            001              0
              5            010              2
              5            011              2
              5            100              3
              5            101              0
              5            110              0
              5            111              1
              6            000              4
              6            001              3
              6            010              3
              6            011              4
              6            100              4
              6            101              5
              6            110              4
              6            111              7
              7            000              6
              7            001              1
              7            010              6
              7            011              5
              7            100              8
              7            101              4
              7            110              6
              7            111              2
              8            000              2
              8            001              1
              8            010              2
              8            011              0
              8            100              1
              8            101              4
              8            110              2
              8            111              4
