Eaten part = 0.251392
Start state = 8
Significant inputs: 3 4 6
Moves: 0 0 0 0 2 1 0 0 0
          state         inputs     next state
              0            000              1
              0            001              1
              0            010              7
              0            011              8
              0            100              7
              0            101              5
              0            110              4
              0            111              2
              1            000              3
              1            001              7
              1            010              8
              1            011              1
              1            100              6
              1            101              0
              1            110              8
              1            111              1
              2            000              8
              2            001              3
              2            010              0
              2            011              0
              2            100              5
              2            101              8
              2            110              6
              2            111              6
              3            000              3
              3            001              3
              3            010              8
              3            011              1
              3            100              4
              3            101              8
              3            110              0
              3            111              3
              4            000              0
              4            001              3
              4            010              8
              4            011              7
              4            100              6
              4            101              2
              4            110              0
              4            111              6
              5            000              8
              5            001              7
              5            010              2
              5            011              5
              5            100              0
              5            101              6
              5            110              7
              5            111              8
              6            000              1
              6            001              5
              6            010              7
              6            011              6
              6            100              1
              6            101              3
              6            110              2
              6            111              1
              7            000              1
              7            001              3
              7            010              3
              7            011              2
              7            100              6
              7            101              1
              7            110              5
              7            111              6
              8            000              6
              8            001              3
              8            010              5
              8            011              8
              8            100              1
              8            101              4
              8            110              4
              8            111              2
