Eaten part = 0.239145
Start state = 1
Significant inputs: 2 4 7
Moves: 1 0 1 0 0 0 0 0 0
          state         inputs     next state
              0            000              5
              0            001              1
              0            010              6
              0            011              4
              0            100              7
              0            101              1
              0            110              0
              0            111              3
              1            000              3
              1            001              7
              1            010              3
              1            011              6
              1            100              2
              1            101              8
              1            110              2
              1            111              3
              2            000              1
              2            001              1
              2            010              3
              2            011              7
              2            100              1
              2            101              1
              2            110              1
              2            111              0
              3            000              3
              3            001              0
              3            010              5
              3            011              3
              3            100              4
              3            101              2
              3            110              7
              3            111              6
              4            000              8
              4            001              0
              4            010              4
              4            011              5
              4            100              3
              4            101              3
              4            110              7
              4            111              7
              5            000              3
              5            001              7
              5            010              7
              5            011              6
              5            100              1
              5            101              5
              5            110              1
              5            111              4
              6            000              6
              6            001              3
              6            010              5
              6            011              8
              6            100              7
              6            101              6
              6            110              5
              6            111              4
              7            000              3
              7            001              2
              7            010              3
              7            011              0
              7            100              8
              7            101              6
              7            110              5
              7            111              7
              8            000              8
              8            001              2
              8            010              3
              8            011              7
              8            100              2
              8            101              6
              8            110              7
              8            111              4
