Eaten part = 0.298579
Start state = 1
Significant inputs: 0 2 6
Moves: 0 0 0 0 2 0 1 0 0
          state         inputs     next state
              0            000              0
              0            001              2
              0            010              2
              0            011              3
              0            100              6
              0            101              6
              0            110              8
              0            111              8
              1            000              8
              1            001              8
              1            010              6
              1            011              1
              1            100              4
              1            101              4
              1            110              4
              1            111              1
              2            000              2
              2            001              3
              2            010              6
              2            011              6
              2            100              4
              2            101              7
              2            110              6
              2            111              8
              3            000              8
              3            001              8
              3            010              6
              3            011              3
              3            100              4
              3            101              2
              3            110              1
              3            111              6
              4            000              2
              4            001              7
              4            010              1
              4            011              1
              4            100              2
              4            101              1
              4            110              2
              4            111              2
              5            000              3
              5            001              2
              5            010              0
              5            011              8
              5            100              5
              5            101              6
              5            110              2
              5            111              3
              6            000              8
              6            001              5
              6            010              2
              6            011              5
              6            100              8
              6            101              7
              6            110              2
              6            111              4
              7            000              2
              7            001              1
              7            010              2
              7            011              6
              7            100              4
              7            101              7
              7            110              7
              7            111              6
              8            000              1
              8            001              7
              8            010              6
              8            011              1
              8            100              4
              8            101              8
              8            110              8
              8            111              2
