Eaten part = 0.262673
Start state = 6
Significant inputs: 1 2 4
Moves: 0 1 0 2 0 0 0 2 1
          state         inputs     next state
              0            000              4
              0            001              7
              0            010              8
              0            011              6
              0            100              0
              0            101              6
              0            110              6
              0            111              3
              1            000              6
              1            001              5
              1            010              6
              1            011              4
              1            100              0
              1            101              0
              1            110              5
              1            111              6
              2            000              2
              2            001              2
              2            010              8
              2            011              0
              2            100              0
              2            101              6
              2            110              5
              2            111              3
              3            000              1
              3            001              8
              3            010              5
              3            011              3
              3            100              6
              3            101              8
              3            110              0
              3            111              0
              4            000              7
              4            001              7
              4            010              8
              4            011              7
              4            100              2
              4            101              1
              4            110              5
              4            111              1
              5            000              4
              5            001              2
              5            010              4
              5            011              3
              5            100              6
              5            101              5
              5            110              7
              5            111              2
              6            000              4
              6            001              1
              6            010              1
              6            011              3
              6            100              4
              6            101              8
              6            110              0
              6            111              6
              7            000              2
              7            001              3
              7            010              2
              7            011              5
              7            100              0
              7            101              0
              7            110              7
              7            111              3
              8            000              1
              8            001              0
              8            010              8
              8            011              4
              8            100              1
              8            101              5
              8            110              0
              8            111              4
