Eaten part = 0.261673
Start state = 7
Significant inputs: 1 2 4
Moves: 0 0 2 0 0 0 0 1 0
          state         inputs     next state
              0            000              4
              0            001              6
              0            010              0
              0            011              6
              0            100              6
              0            101              7
              0            110              8
              0            111              0
              1            000              0
              1            001              3
              1            010              4
              1            011              2
              1            100              3
              1            101              8
              1            110              0
              1            111              4
              2            000              5
              2            001              8
              2            010              6
              2            011              8
              2            100              6
              2            101              8
              2            110              6
              2            111              6
              3            000              2
              3            001              7
              3            010              2
              3            011              7
              3            100              4
              3            101              7
              3            110              0
              3            111              8
              4            000              6
              4            001              4
              4            010              7
              4            011              7
              4            100              6
              4            101              4
              4            110              4
              4            111              6
              5            000              1
              5            001              2
              5            010              4
              5            011              4
              5            100              6
              5            101              0
              5            110              0
              5            111              7
              6            000              4
              6            001              2
              6            010              7
              6            011              1
              6            100              1
              6            101              4
              6            110              5
              6            111              0
              7            000              0
              7            001              8
              7            010              8
              7            011              3
              7            100              2
              7            101              0
              7            110              2
              7            111              0
              8            000              4
              8            001              5
              8            010              6
              8            011              3
              8            100              8
              8            101              0
              8            110              2
              8            111              6
