Eaten part = 0.208561
Start state = 6
Significant inputs: 1 3 4
Moves: 0 0 0 0 2 1 0 0 0
          state         inputs     next state
              0            000              0
              0            001              2
              0            010              5
              0            011              6
              0            100              7
              0            101              3
              0            110              4
              0            111              1
              1            000              5
              1            001              5
              1            010              5
              1            011              3
              1            100              1
              1            101              0
              1            110              8
              1            111              5
              2            000              2
              2            001              5
              2            010              1
              2            011              1
              2            100              8
              2            101              1
              2            110              3
              2            111              0
              3            000              8
              3            001              3
              3            010              0
              3            011              8
              3            100              0
              3            101              4
              3            110              2
              3            111              0
              4            000              1
              4            001              1
              4            010              6
              4            011              5
              4            100              5
              4            101              4
              4            110              6
              4            111              8
              5            000              7
              5            001              7
              5            010              8
              5            011              3
              5            100              7
              5            101              2
              5            110              5
              5            111              5
              6            000              3
              6            001              4
              6            010              6
              6            011              7
              6            100              1
              6            101              8
              6            110              6
              6            111              1
              7            000              4
              7            001              2
              7            010              4
              7            011              8
              7            100              7
              7            101              3
              7            110              8
              7            111              2
              8            000              5
              8            001              7
              8            010              4
              8            011              3
              8            100              3
              8            101              1
              8            110              2
              8            111              4
