Eaten part = 0.299852
Start state = 7
Significant inputs: 2 5 6
Moves: 0 2 0 0 0 0 0 1 2
          state         inputs     next state
              0            000              3
              0            001              3
              0            010              6
              0            011              2
              0            100              5
              0            101              6
              0            110              6
              0            111              8
              1            000              8
              1            001              2
              1            010              6
              1            011              6
              1            100              0
              1            101              5
              1            110              3
              1            111              3
              2            000              8
              2            001              7
              2            010              8
              2            011              3
              2            100              4
              2            101              4
              2            110              1
              2            111              0
              3            000              3
              3            001              7
              3            010              0
              3            011              2
              3            100              1
              3            101              0
              3            110              1
              3            111              3
              4            000              2
              4            001              7
              4            010              3
              4            011              6
              4            100              1
              4            101              6
              4            110              5
              4            111              2
              5            000              3
              5            001              1
              5            010              5
              5            011              0
              5            100              0
              5            101              4
              5            110              8
              5            111              0
              6            000              6
              6            001              7
              6            010              0
              6            011              7
              6            100              1
              6            101              1
              6            110              1
              6            111              1
              7            000              6
              7            001              6
              7            010              5
              7            011              5
              7            100              0
              7            101              3
              7            110              8
              7            111              2
              8            000              7
              8            001              3
              8            010              4
              8            011              4
              8            100              7
              8            101              8
              8            110              0
              8            111              6
