Eaten part = 0.275948
Start state = 4
Significant inputs: 0 2 6
Moves: 0 1 2 2 0 2 0 0 1
          state         inputs     next state
              0            000              4
              0            001              4
              0            010              1
              0            011              8
              0            100              0
              0            101              5
              0            110              1
              0            111              7
              1            000              0
              1            001              7
              1            010              7
              1            011              6
              1            100              4
              1            101              3
              1            110              6
              1            111              4
              2            000              8
              2            001              2
              2            010              5
              2            011              8
              2            100              7
              2            101              7
              2            110              1
              2            111              4
              3            000              4
              3            001              4
              3            010              6
              3            011              7
              3            100              0
              3            101              4
              3            110              0
              3            111              6
              4            000              0
              4            001              0
              4            010              1
              4            011              4
              4            100              3
              4            101              3
              4            110              3
              4            111              1
              5            000              3
              5            001              5
              5            010              6
              5            011              2
              5            100              8
              5            101              7
              5            110              3
              5            111              0
              6            000              4
              6            001              0
              6            010              4
              6            011              1
              6            100              3
              6            101              5
              6            110              6
              6            111              5
              7            000              6
              7            001              8
              7            010              4
              7            011              6
              7            100              3
              7            101              7
              7            110              7
              7            111              8
              8            000              0
              8            001              6
              8            010              8
              8            011              4
              8            100              3
              8            101              1
              8            110              0
              8            111              1
