Eaten part = 0.319283
Start state = 8
Significant inputs: 2 4 6
Moves: 2 0 0 0 0 1 0 0 0
          state         inputs     next state
              0            000              8
              0            001              8
              0            010              7
              0            011              6
              0            100              8
              0            101              8
              0            110              7
              0            111              6
              1            000              1
              1            001              5
              1            010              1
              1            011              5
              1            100              0
              1            101              5
              1            110              0
              1            111              1
              2            000              7
              2            001              5
              2            010              2
              2            011              2
              2            100              0
              2            101              5
              2            110              2
              2            111              7
              3            000              7
              3            001              3
              3            010              4
              3            011              4
              3            100              3
              3            101              6
              3            110              7
              3            111              0
              4            000              8
              4            001              5
              4            010              6
              4            011              4
              4            100              0
              4            101              6
              4            110              7
              4            111              6
              5            000              7
              5            001              4
              5            010              4
              5            011              2
              5            100              7
              5            101              4
              5            110              2
              5            111              1
              6            000              8
              6            001              7
              6            010              3
              6            011              1
              6            100              1
              6            101              4
              6            110              0
              6            111              4
              7            000              2
              7            001              5
              7            010              2
              7            011              3
              7            100              0
              7            101              4
              7            110              7
              7            111              3
              8            000              8
              8            001              5
              8            010              7
              8            011              6
              8            100              0
              8            101              5
              8            110              4
              8            111              1
