Eaten part = 0.258415
Start state = 2
Significant inputs: 2 4 5
Moves: 2 0 2 0 0 0 0 1 2
          state         inputs     next state
              0            000              6
              0            001              3
              0            010              6
              0            011              7
              0            100              5
              0            101              3
              0            110              3
              0            111              1
              1            000              6
              1            001              2
              1            010              4
              1            011              3
              1            100              0
              1            101              7
              1            110              2
              1            111              3
              2            000              3
              2            001              8
              2            010              3
              2            011              3
              2            100              1
              2            101              3
              2            110              4
              2            111              3
              3            000              6
              3            001              7
              3            010              4
              3            011              3
              3            100              0
              3            101              3
              3            110              4
              3            111              4
              4            000              4
              4            001              6
              4            010              6
              4            011              3
              4            100              4
              4            101              7
              4            110              4
              4            111              2
              5            000              0
              5            001              7
              5            010              5
              5            011              5
              5            100              5
              5            101              7
              5            110              8
              5            111              8
              6            000              6
              6            001              7
              6            010              5
              6            011              6
              6            100              6
              6            101              1
              6            110              6
              6            111              3
              7            000              1
              7            001              5
              7            010              1
              7            011              5
              7            100              5
              7            101              6
              7            110              5
              7            111              3
              8            000              1
              8            001              7
              8            010              7
              8            011              4
              8            100              5
              8            101              5
              8            110              2
              8            111              6
