Eaten part = 0.265057
Start state = 1
Significant inputs: 1 4 6
Moves: 0 0 0 1 0 0 2 0 0
          state         inputs     next state
              0            000              5
              0            001              8
              0            010              7
              0            011              7
              0            100              6
              0            101              5
              0            110              5
              0            111              2
              1            000              3
              1            001              8
              1            010              7
              1            011              2
              1            100              6
              1            101              0
              1            110              7
              1            111              3
              2            000              3
              2            001              0
              2            010              1
              2            011              7
              2            100              6
              2            101              5
              2            110              2
              2            111              7
              3            000              4
              3            001              1
              3            010              8
              3            011              5
              3            100              6
              3            101              2
              3            110              6
              3            111              1
              4            000              8
              4            001              2
              4            010              0
              4            011              7
              4            100              6
              4            101              4
              4            110              5
              4            111              7
              5            000              7
              5            001              1
              5            010              2
              5            011              4
              5            100              6
              5            101              5
              5            110              0
              5            111              2
              6            000              7
              6            001              2
              6            010              4
              6            011              4
              6            100              2
              6            101              2
              6            110              2
              6            111              7
              7            000              5
              7            001              4
              7            010              7
              7            011              1
              7            100              6
              7            101              0
              7            110              4
              7            111              1
              8            000              5
              8            001              7
              8            010              1
              8            011              1
              8            100              6
              8            101              3
              8            110              7
              8            111              6
