Eaten part = 0.256400
Start state = 2
Significant inputs: 2 4 5
Moves: 0 0 2 0 0 1 1 0 2
          state         inputs     next state
              0            000              0
              0            001              5
              0            010              0
              0            011              4
              0            100              1
              0            101              5
              0            110              7
              0            111              1
              1            000              8
              1            001              5
              1            010              0
              1            011              7
              1            100              7
              1            101              7
              1            110              7
              1            111              3
              2            000              4
              2            001              7
              2            010              6
              2            011              4
              2            100              4
              2            101              8
              2            110              2
              2            111              8
              3            000              8
              3            001              7
              3            010              8
              3            011              6
              3            100              3
              3            101              2
              3            110              0
              3            111              0
              4            000              0
              4            001              4
              4            010              4
              4            011              7
              4            100              1
              4            101              6
              4            110              3
              4            111              4
              5            000              0
              5            001              1
              5            010              4
              5            011              8
              5            100              1
              5            101              3
              5            110              4
              5            111              8
              6            000              5
              6            001              6
              6            010              8
              6            011              0
              6            100              6
              6            101              0
              6            110              4
              6            111              5
              7            000              0
              7            001              5
              7            010              1
              7            011              0
              7            100              0
              7            101              1
              7            110              2
              7            111              8
              8            000              4
              8            001              1
              8            010              4
              8            011              2
              8            100              7
              8            101              4
              8            110              2
              8            111              8
