Eaten part = 0.280907
Start state = 6
Significant inputs: 2 5 6
Moves: 0 0 0 0 0 0 1 2 1
          state         inputs     next state
              0            000              0
              0            001              6
              0            010              5
              0            011              3
              0            100              7
              0            101              0
              0            110              5
              0            111              6
              1            000              3
              1            001              8
              1            010              1
              1            011              7
              1            100              3
              1            101              8
              1            110              4
              1            111              8
              2            000              4
              2            001              1
              2            010              5
              2            011              3
              2            100              4
              2            101              8
              2            110              7
              2            111              1
              3            000              0
              3            001              8
              3            010              3
              3            011              6
              3            100              1
              3            101              8
              3            110              3
              3            111              0
              4            000              0
              4            001              4
              4            010              1
              4            011              1
              4            100              7
              4            101              3
              4            110              5
              4            111              3
              5            000              0
              5            001              6
              5            010              0
              5            011              8
              5            100              6
              5            101              2
              5            110              3
              5            111              0
              6            000              5
              6            001              4
              6            010              2
              6            011              4
              6            100              4
              6            101              3
              6            110              4
              6            111              7
              7            000              6
              7            001              4
              7            010              1
              7            011              5
              7            100              4
              7            101              1
              7            110              4
              7            111              1
              8            000              1
              8            001              4
              8            010              3
              8            011              2
              8            100              5
              8            101              3
              8            110              5
              8            111              2
