Eaten part = 0.208566
Start state = 8
Significant inputs: 0 2 4
Moves: 0 0 0 2 0 2 1 2 2
          state         inputs     next state
              0            000              6
              0            001              4
              0            010              2
              0            011              3
              0            100              7
              0            101              1
              0            110              4
              0            111              3
              1            000              2
              1            001              1
              1            010              2
              1            011              7
              1            100              0
              1            101              1
              1            110              0
              1            111              6
              2            000              2
              2            001              2
              2            010              6
              2            011              1
              2            100              2
              2            101              8
              2            110              2
              2            111              6
              3            000              7
              3            001              5
              3            010              2
              3            011              1
              3            100              3
              3            101              2
              3            110              6
              3            111              3
              4            000              6
              4            001              7
              4            010              4
              4            011              4
              4            100              4
              4            101              4
              4            110              0
              4            111              2
              5            000              3
              5            001              3
              5            010              2
              5            011              1
              5            100              6
              5            101              1
              5            110              5
              5            111              5
              6            000              2
              6            001              2
              6            010              5
              6            011              2
              6            100              4
              6            101              6
              6            110              3
              6            111              7
              7            000              1
              7            001              4
              7            010              3
              7            011              2
              7            100              4
              7            101              5
              7            110              6
              7            111              5
              8            000              6
              8            001              5
              8            010              2
              8            011              4
              8            100              4
              8            101              1
              8            110              8
              8            111              3
