Eaten part = 0.223802
Start state = 2
Significant inputs: 0 2 5
Moves: 0 2 1 0 0 1 0 0 0
          state         inputs     next state
              0            000              4
              0            001              4
              0            010              7
              0            011              5
              0            100              7
              0            101              1
              0            110              7
              0            111              5
              1            000              2
              1            001              2
              1            010              5
              1            011              4
              1            100              3
              1            101              0
              1            110              7
              1            111              4
              2            000              5
              2            001              6
              2            010              0
              2            011              8
              2            100              5
              2            101              3
              2            110              2
              2            111              0
              3            000              8
              3            001              7
              3            010              5
              3            011              4
              3            100              6
              3            101              7
              3            110              4
              3            111              5
              4            000              3
              4            001              0
              4            010              5
              4            011              3
              4            100              4
              4            101              4
              4            110              8
              4            111              0
              5            000              4
              5            001              7
              5            010              6
              5            011              0
              5            100              6
              5            101              3
              5            110              6
              5            111              6
              6            000              7
              6            001              8
              6            010              0
              6            011              8
              6            100              1
              6            101              8
              6            110              5
              6            111              1
              7            000              3
              7            001              4
              7            010              5
              7            011              5
              7            100              3
              7            101              5
              7            110              1
              7            111              7
              8            000              6
              8            001              0
              8            010              1
              8            011              5
              8            100              6
              8            101              7
              8            110              5
              8            111              5
