Eaten part = 0.218117
Start state = 4
Significant inputs: 0 1 6
Moves: 0 0 2 2 0 0 1 2 0
          state         inputs     next state
              0            000              4
              0            001              6
              0            010              5
              0            011              5
              0            100              0
              0            101              6
              0            110              4
              0            111              1
              1            000              6
              1            001              7
              1            010              5
              1            011              8
              1            100              4
              1            101              3
              1            110              6
              1            111              2
              2            000              5
              2            001              0
              2            010              3
              2            011              6
              2            100              2
              2            101              6
              2            110              7
              2            111              2
              3            000              8
              3            001              0
              3            010              8
              3            011              4
              3            100              8
              3            101              8
              3            110              0
              3            111              5
              4            000              8
              4            001              0
              4            010              0
              4            011              8
              4            100              5
              4            101              8
              4            110              0
              4            111              7
              5            000              8
              5            001              5
              5            010              4
              5            011              8
              5            100              0
              5            101              6
              5            110              5
              5            111              1
              6            000              7
              6            001              4
              6            010              5
              6            011              4
              6            100              3
              6            101              1
              6            110              1
              6            111              5
              7            000              5
              7            001              8
              7            010              0
              7            011              2
              7            100              4
              7            101              4
              7            110              3
              7            111              2
              8            000              6
              8            001              0
              8            010              8
              8            011              1
              8            100              3
              8            101              3
              8            110              8
              8            111              3
