Eaten part = 0.269972
Start state = 0
Significant inputs: 1 4 6
Moves: 0 0 0 0 0 2 0 1 0
          state         inputs     next state
              0            000              7
              0            001              1
              0            010              8
              0            011              2
              0            100              6
              0            101              5
              0            110              0
              0            111              8
              1            000              8
              1            001              4
              1            010              6
              1            011              8
              1            100              7
              1            101              5
              1            110              5
              1            111              8
              2            000              4
              2            001              2
              2            010              3
              2            011              2
              2            100              1
              2            101              7
              2            110              8
              2            111              5
              3            000              8
              3            001              5
              3            010              4
              3            011              3
              3            100              8
              3            101              7
              3            110              0
              3            111              8
              4            000              8
              4            001              6
              4            010              0
              4            011              0
              4            100              5
              4            101              1
              4            110              1
              4            111              3
              5            000              6
              5            001              3
              5            010              0
              5            011              4
              5            100              0
              5            101              0
              5            110              4
              5            111              7
              6            000              4
              6            001              2
              6            010              8
              6            011              1
              6            100              5
              6            101              0
              6            110              5
              6            111              2
              7            000              8
              7            001              3
              7            010              8
              7            011              8
              7            100              8
              7            101              2
              7            110              8
              7            111              6
              8            000              8
              8            001              8
              8            010              4
              8            011              0
              8            100              5
              8            101              5
              8            110              0
              8            111              2
