Eaten part = 0.231759
Start state = 6
Significant inputs: 5 6 7
Moves: 2 0 2 2 0 0 0 0 0
          state         inputs     next state
              0            000              4
              0            001              8
              0            010              7
              0            011              1
              0            100              7
              0            101              5
              0            110              1
              0            111              3
              1            000              5
              1            001              4
              1            010              6
              1            011              5
              1            100              7
              1            101              0
              1            110              7
              1            111              8
              2            000              7
              2            001              6
              2            010              1
              2            011              1
              2            100              5
              2            101              6
              2            110              5
              2            111              8
              3            000              6
              3            001              8
              3            010              0
              3            011              6
              3            100              0
              3            101              1
              3            110              8
              3            111              5
              4            000              5
              4            001              2
              4            010              3
              4            011              7
              4            100              4
              4            101              4
              4            110              0
              4            111              1
              5            000              4
              5            001              8
              5            010              2
              5            011              1
              5            100              5
              5            101              2
              5            110              7
              5            111              3
              6            000              5
              6            001              1
              6            010              0
              6            011              0
              6            100              1
              6            101              8
              6            110              3
              6            111              0
              7            000              6
              7            001              1
              7            010              7
              7            011              2
              7            100              8
              7            101              5
              7            110              2
              7            111              1
              8            000              8
              8            001              8
              8            010              1
              8            011              4
              8            100              4
              8            101              1
              8            110              2
              8            111              4
