Eaten part = 0.296429
Start state = 0
Significant inputs: 2 5 6
Moves: 0 0 2 0 0 1 1 2 0
          state         inputs     next state
              0            000              1
              0            001              5
              0            010              8
              0            011              0
              0            100              5
              0            101              2
              0            110              7
              0            111              6
              1            000              8
              1            001              1
              1            010              6
              1            011              4
              1            100              0
              1            101              7
              1            110              0
              1            111              8
              2            000              7
              2            001              2
              2            010              1
              2            011              3
              2            100              7
              2            101              3
              2            110              4
              2            111              7
              3            000              3
              3            001              6
              3            010              7
              3            011              5
              3            100              7
              3            101              4
              3            110              3
              3            111              7
              4            000              3
              4            001              5
              4            010              1
              4            011              5
              4            100              8
              4            101              1
              4            110              4
              4            111              1
              5            000              0
              5            001              1
              5            010              0
              5            011              6
              5            100              4
              5            101              8
              5            110              8
              5            111              7
              6            000              1
              6            001              4
              6            010              8
              6            011              1
              6            100              3
              6            101              0
              6            110              7
              6            111              8
              7            000              4
              7            001              7
              7            010              8
              7            011              1
              7            100              3
              7            101              1
              7            110              0
              7            111              8
              8            000              8
              8            001              5
              8            010              3
              8            011              6
              8            100              7
              8            101              2
              8            110              8
              8            111              6
