Eaten part = 0.238649
Start state = 6
Significant inputs: 0 5 6
Moves: 1 0 2 0 0 0 0 2 1
          state         inputs     next state
              0            000              1
              0            001              3
              0            010              4
              0            011              0
              0            100              8
              0            101              8
              0            110              4
              0            111              5
              1            000              4
              1            001              3
              1            010              4
              1            011              2
              1            100              2
              1            101              5
              1            110              3
              1            111              3
              2            000              8
              2            001              0
              2            010              6
              2            011              4
              2            100              5
              2            101              0
              2            110              5
              2            111              4
              3            000              1
              3            001              8
              3            010              1
              3            011              7
              3            100              2
              3            101              8
              3            110              1
              3            111              1
              4            000              1
              4            001              1
              4            010              4
              4            011              6
              4            100              2
              4            101              7
              4            110              1
              4            111              4
              5            000              0
              5            001              4
              5            010              1
              5            011              4
              5            100              5
              5            101              0
              5            110              8
              5            111              0
              6            000              4
              6            001              5
              6            010              7
              6            011              5
              6            100              5
              6            101              4
              6            110              0
              6            111              2
              7            000              6
              7            001              7
              7            010              3
              7            011              1
              7            100              4
              7            101              2
              7            110              1
              7            111              3
              8            000              7
              8            001              6
              8            010              8
              8            011              4
              8            100              5
              8            101              0
              8            110              6
              8            111              5
