Eaten part = 0.296067
Start state = 2
Significant inputs: 1 2 6
Moves: 1 1 0 2 0 0 0 0 2
          state         inputs     next state
              0            000              3
              0            001              2
              0            010              3
              0            011              7
              0            100              4
              0            101              6
              0            110              5
              0            111              5
              1            000              5
              1            001              7
              1            010              2
              1            011              7
              1            100              2
              1            101              2
              1            110              4
              1            111              5
              2            000              7
              2            001              6
              2            010              1
              2            011              4
              2            100              7
              2            101              2
              2            110              7
              2            111              4
              3            000              5
              3            001              4
              3            010              1
              3            011              8
              3            100              8
              3            101              3
              3            110              6
              3            111              6
              4            000              2
              4            001              4
              4            010              3
              4            011              7
              4            100              1
              4            101              7
              4            110              7
              4            111              4
              5            000              5
              5            001              0
              5            010              1
              5            011              0
              5            100              8
              5            101              8
              5            110              2
              5            111              3
              6            000              5
              6            001              7
              6            010              2
              6            011              2
              6            100              7
              6            101              4
              6            110              1
              6            111              6
              7            000              7
              7            001              7
              7            010              0
              7            011              6
              7            100              8
              7            101              4
              7            110              1
              7            111              5
              8            000              2
              8            001              7
              8            010              6
              8            011              3
              8            100              7
              8            101              0
              8            110              7
              8            111              4
