Eaten part = 0.225973
Start state = 1
Significant inputs: 0 5 6
Moves: 0 0 0 0 0 0 2 2 0
          state         inputs     next state
              0            000              0
              0            001              5
              0            010              4
              0            011              8
              0            100              6
              0            101              4
              0            110              1
              0            111              8
              1            000              3
              1            001              6
              1            010              6
              1            011              5
              1            100              5
              1            101              3
              1            110              6
              1            111              5
              2            000              6
              2            001              4
              2            010              3
              2            011              6
              2            100              7
              2            101              4
              2            110              1
              2            111              0
              3            000              8
              3            001              0
              3            010              3
              3            011              1
              3            100              6
              3            101              2
              3            110              2
              3            111              7
              4            000              4
              4            001              4
              4            010              8
              4            011              5
              4            100              7
              4            101              5
              4            110              7
              4            111              5
              5            000              0
              5            001              5
              5            010              2
              5            011              5
              5            100              0
              5            101              6
              5            110              4
              5            111              1
              6            000              7
              6            001              0
              6            010              3
              6            011              0
              6            100              1
              6            101              7
              6            110              4
              6            111              0
              7            000              8
              7            001              2
              7            010              8
              7            011              4
              7            100              8
              7            101              0
              7            110              4
              7            111              4
              8            000              0
              8            001              5
              8            010              5
              8            011              4
              8            100              7
              8            101              8
              8            110              2
              8            111              5
