Eaten part = 0.242632
Start state = 6
Significant inputs: 1 4 6
Moves: 2 0 0 0 0 0 1 2 2
          state         inputs     next state
              0            000              3
              0            001              1
              0            010              2
              0            011              6
              0            100              2
              0            101              1
              0            110              1
              0            111              2
              1            000              3
              1            001              7
              1            010              1
              1            011              1
              1            100              1
              1            101              4
              1            110              5
              1            111              2
              2            000              2
              2            001              5
              2            010              4
              2            011              1
              2            100              0
              2            101              8
              2            110              4
              2            111              7
              3            000              3
              3            001              3
              3            010              3
              3            011              3
              3            100              0
              3            101              0
              3            110              2
              3            111              1
              4            000              1
              4            001              7
              4            010              1
              4            011              2
              4            100              3
              4            101              8
              4            110              8
              4            111              2
              5            000              2
              5            001              3
              5            010              6
              5            011              2
              5            100              0
              5            101              6
              5            110              4
              5            111              7
              6            000              8
              6            001              5
              6            010              1
              6            011              2
              6            100              4
              6            101              5
              6            110              3
              6            111              4
              7            000              0
              7            001              7
              7            010              8
              7            011              5
              7            100              2
              7            101              1
              7            110              0
              7            111              6
              8            000              4
              8            001              2
              8            010              1
              8            011              7
              8            100              8
              8            101              7
              8            110              3
              8            111              7
