Eaten part = 0.262311
Start state = 4
Significant inputs: 2 3 4
Moves: 0 0 0 0 0 1 2 0 0
          state         inputs     next state
              0            000              2
              0            001              1
              0            010              5
              0            011              4
              0            100              5
              0            101              5
              0            110              8
              0            111              4
              1            000              8
              1            001              4
              1            010              6
              1            011              8
              1            100              8
              1            101              3
              1            110              7
              1            111              7
              2            000              3
              2            001              5
              2            010              6
              2            011              2
              2            100              1
              2            101              2
              2            110              8
              2            111              8
              3            000              6
              3            001              4
              3            010              1
              3            011              8
              3            100              8
              3            101              2
              3            110              0
              3            111              8
              4            000              8
              4            001              5
              4            010              6
              4            011              6
              4            100              2
              4            101              4
              4            110              2
              4            111              6
              5            000              1
              5            001              1
              5            010              1
              5            011              2
              5            100              1
              5            101              1
              5            110              0
              5            111              3
              6            000              8
              6            001              8
              6            010              2
              6            011              4
              6            100              8
              6            101              1
              6            110              3
              6            111              3
              7            000              7
              7            001              2
              7            010              8
              7            011              8
              7            100              1
              7            101              0
              7            110              2
              7            111              4
              8            000              8
              8            001              5
              8            010              8
              8            011              5
              8            100              8
              8            101              2
              8            110              7
              8            111              4
