Eaten part = 0.261325
Start state = 7
Significant inputs: 3 4 6
Moves: 0 0 2 0 1 0 0 0 0
          state         inputs     next state
              0            000              1
              0            001              4
              0            010              7
              0            011              0
              0            100              0
              0            101              3
              0            110              5
              0            111              7
              1            000              3
              1            001              5
              1            010              6
              1            011              0
              1            100              2
              1            101              1
              1            110              3
              1            111              0
              2            000              7
              2            001              3
              2            010              8
              2            011              5
              2            100              0
              2            101              3
              2            110              4
              2            111              5
              3            000              1
              3            001              0
              3            010              1
              3            011              5
              3            100              2
              3            101              8
              3            110              1
              3            111              0
              4            000              0
              4            001              8
              4            010              3
              4            011              5
              4            100              7
              4            101              4
              4            110              6
              4            111              2
              5            000              3
              5            001              3
              5            010              0
              5            011              5
              5            100              2
              5            101              5
              5            110              0
              5            111              0
              6            000              5
              6            001              5
              6            010              6
              6            011              5
              6            100              4
              6            101              3
              6            110              6
              6            111              3
              7            000              1
              7            001              5
              7            010              1
              7            011              8
              7            100              0
              7            101              1
              7            110              5
              7            111              6
              8            000              3
              8            001              6
              8            010              1
              8            011              5
              8            100              3
              8            101              1
              8            110              6
              8            111              1
