Eaten part = 0.200753
Start state = 3
Significant inputs: 0 3 4
Moves: 2 1 0 0 0 0 0 2 0
          state         inputs     next state
              0            000              5
              0            001              5
              0            010              3
              0            011              5
              0            100              6
              0            101              6
              0            110              5
              0            111              4
              1            000              3
              1            001              3
              1            010              1
              1            011              2
              1            100              0
              1            101              2
              1            110              3
              1            111              0
              2            000              1
              2            001              3
              2            010              4
              2            011              6
              2            100              2
              2            101              5
              2            110              4
              2            111              6
              3            000              0
              3            001              0
              3            010              5
              3            011              4
              3            100              5
              3            101              4
              3            110              4
              3            111              0
              4            000              5
              4            001              6
              4            010              2
              4            011              6
              4            100              3
              4            101              6
              4            110              2
              4            111              4
              5            000              2
              5            001              0
              5            010              4
              5            011              2
              5            100              5
              5            101              1
              5            110              2
              5            111              5
              6            000              4
              6            001              1
              6            010              8
              6            011              6
              6            100              5
              6            101              2
              6            110              5
              6            111              5
              7            000              2
              7            001              6
              7            010              2
              7            011              5
              7            100              2
              7            101              1
              7            110              6
              7            111              6
              8            000              1
              8            001              7
              8            010              0
              8            011              1
              8            100              4
              8            101              4
              8            110              1
              8            111              6
