Eaten part = 0.250387
Start state = 0
Significant inputs: 4 6 7
Moves: 0 2 2 0 0 0 0 2 1
          state         inputs     next state
              0            000              5
              0            001              0
              0            010              7
              0            011              3
              0            100              4
              0            101              4
              0            110              6
              0            111              4
              1            000              8
              1            001              0
              1            010              3
              1            011              5
              1            100              1
              1            101              5
              1            110              6
              1            111              2
              2            000              5
              2            001              3
              2            010              0
              2            011              6
              2            100              0
              2            101              5
              2            110              4
              2            111              4
              3            000              3
              3            001              0
              3            010              7
              3            011              4
              3            100              2
              3            101              3
              3            110              2
              3            111              2
              4            000              4
              4            001              6
              4            010              2
              4            011              4
              4            100              4
              4            101              8
              4            110              2
              4            111              0
              5            000              5
              5            001              5
              5            010              2
              5            011              3
              5            100              3
              5            101              8
              5            110              4
              5            111              0
              6            000              5
              6            001              2
              6            010              8
              6            011              0
              6            100              0
              6            101              4
              6            110              4
              6            111              6
              7            000              3
              7            001              3
              7            010              5
              7            011              6
              7            100              3
              7            101              4
              7            110              0
              7            111              4
              8            000              0
              8            001              7
              8            010              5
              8            011              7
              8            100              0
              8            101              1
              8            110              2
              8            111              0
