Eaten part = 0.303065
Start state = 4
Significant inputs: 1 2 6
Moves: 0 0 0 0 0 2 2 1 0
          state         inputs     next state
              0            000              5
              0            001              4
              0            010              1
              0            011              8
              0            100              5
              0            101              6
              0            110              0
              0            111              5
              1            000              4
              1            001              8
              1            010              7
              1            011              7
              1            100              4
              1            101              0
              1            110              2
              1            111              2
              2            000              2
              2            001              8
              2            010              4
              2            011              3
              2            100              5
              2            101              5
              2            110              8
              2            111              5
              3            000              4
              3            001              4
              3            010              8
              3            011              3
              3            100              6
              3            101              8
              3            110              4
              3            111              2
              4            000              4
              4            001              1
              4            010              7
              4            011              1
              4            100              5
              4            101              5
              4            110              8
              4            111              2
              5            000              8
              5            001              2
              5            010              3
              5            011              5
              5            100              1
              5            101              3
              5            110              4
              5            111              6
              6            000              0
              6            001              6
              6            010              2
              6            011              1
              6            100              4
              6            101              2
              6            110              0
              6            111              4
              7            000              2
              7            001              3
              7            010              7
              7            011              2
              7            100              7
              7            101              4
              7            110              3
              7            111              3
              8            000              4
              8            001              1
              8            010              2
              8            011              7
              8            100              5
              8            101              8
              8            110              7
              8            111              2
