Eaten part = 0.229272
Start state = 6
Significant inputs: 4 6 7
Moves: 0 0 1 2 0 0 0 0 2
          state         inputs     next state
              0            000              0
              0            001              7
              0            010              8
              0            011              1
              0            100              8
              0            101              6
              0            110              7
              0            111              3
              1            000              5
              1            001              2
              1            010              6
              1            011              7
              1            100              7
              1            101              8
              1            110              0
              1            111              7
              2            000              1
              2            001              5
              2            010              1
              2            011              4
              2            100              1
              2            101              8
              2            110              5
              2            111              3
              3            000              4
              3            001              1
              3            010              4
              3            011              6
              3            100              6
              3            101              5
              3            110              0
              3            111              0
              4            000              0
              4            001              0
              4            010              0
              4            011              6
              4            100              7
              4            101              4
              4            110              3
              4            111              0
              5            000              6
              5            001              5
              5            010              2
              5            011              4
              5            100              5
              5            101              7
              5            110              0
              5            111              4
              6            000              7
              6            001              6
              6            010              3
              6            011              4
              6            100              2
              6            101              0
              6            110              0
              6            111              4
              7            000              6
              7            001              4
              7            010              3
              7            011              6
              7            100              6
              7            101              2
              7            110              8
              7            111              8
              8            000              4
              8            001              4
              8            010              1
              8            011              6
              8            100              0
              8            101              6
              8            110              4
              8            111              2
