Eaten part = 0.286514
Start state = 4
Significant inputs: 2 3 6
Moves: 0 0 0 0 1 0 2 0 0
          state         inputs     next state
              0            000              7
              0            001              0
              0            010              8
              0            011              1
              0            100              6
              0            101              2
              0            110              1
              0            111              7
              1            000              1
              1            001              7
              1            010              7
              1            011              8
              1            100              6
              1            101              5
              1            110              1
              1            111              8
              2            000              0
              2            001              4
              2            010              5
              2            011              5
              2            100              0
              2            101              0
              2            110              6
              2            111              2
              3            000              7
              3            001              3
              3            010              3
              3            011              2
              3            100              6
              3            101              6
              3            110              1
              3            111              2
              4            000              0
              4            001              2
              4            010              5
              4            011              2
              4            100              3
              4            101              1
              4            110              2
              4            111              7
              5            000              6
              5            001              2
              5            010              0
              5            011              8
              5            100              5
              5            101              4
              5            110              1
              5            111              4
              6            000              7
              6            001              3
              6            010              7
              6            011              8
              6            100              8
              6            101              1
              6            110              0
              6            111              7
              7            000              7
              7            001              4
              7            010              8
              7            011              8
              7            100              6
              7            101              2
              7            110              0
              7            111              7
              8            000              8
              8            001              4
              8            010              8
              8            011              4
              8            100              6
              8            101              7
              8            110              0
              8            111              1
