Eaten part = 0.309205
Start state = 7
Significant inputs: 2 5 6
Moves: 2 1 1 0 0 1 2 0 2
          state         inputs     next state
              0            000              8
              0            001              8
              0            010              3
              0            011              0
              0            100              2
              0            101              0
              0            110              4
              0            111              3
              1            000              0
              1            001              7
              1            010              5
              1            011              1
              1            100              0
              1            101              4
              1            110              8
              1            111              8
              2            000              4
              2            001              3
              2            010              2
              2            011              1
              2            100              4
              2            101              3
              2            110              4
              2            111              7
              3            000              3
              3            001              2
              3            010              8
              3            011              7
              3            100              8
              3            101              0
              3            110              8
              3            111              8
              4            000              3
              4            001              2
              4            010              3
              4            011              3
              4            100              3
              4            101              3
              4            110              6
              4            111              7
              5            000              0
              5            001              6
              5            010              6
              5            011              2
              5            100              7
              5            101              8
              5            110              0
              5            111              2
              6            000              4
              6            001              1
              6            010              7
              6            011              7
              6            100              1
              6            101              0
              6            110              0
              6            111              2
              7            000              3
              7            001              2
              7            010              4
              7            011              0
              7            100              0
              7            101              1
              7            110              4
              7            111              0
              8            000              2
              8            001              3
              8            010              3
              8            011              7
              8            100              4
              8            101              7
              8            110              7
              8            111              7
