Eaten part = 0.306678
Start state = 6
Significant inputs: 1 2 6
Moves: 1 1 0 0 1 1 0 1 2
          state         inputs     next state
              0            000              0
              0            001              0
              0            010              2
              0            011              7
              0            100              8
              0            101              1
              0            110              3
              0            111              7
              1            000              3
              1            001              0
              1            010              1
              1            011              7
              1            100              6
              1            101              7
              1            110              3
              1            111              7
              2            000              1
              2            001              1
              2            010              4
              2            011              6
              2            100              6
              2            101              2
              2            110              1
              2            111              1
              3            000              3
              3            001              6
              3            010              4
              3            011              8
              3            100              8
              3            101              2
              3            110              4
              3            111              6
              4            000              8
              4            001              3
              4            010              1
              4            011              3
              4            100              6
              4            101              6
              4            110              4
              4            111              2
              5            000              4
              5            001              6
              5            010              5
              5            011              3
              5            100              0
              5            101              3
              5            110              2
              5            111              6
              6            000              6
              6            001              4
              6            010              5
              6            011              4
              6            100              8
              6            101              3
              6            110              4
              6            111              1
              7            000              7
              7            001              1
              7            010              7
              7            011              7
              7            100              5
              7            101              1
              7            110              0
              7            111              0
              8            000              3
              8            001              4
              8            010              6
              8            011              5
              8            100              6
              8            101              3
              8            110              6
              8            111              0
