Eaten part = 0.236829
Start state = 5
Significant inputs: 1 4 6
Moves: 0 2 2 0 0 0 2 0 0
          state         inputs     next state
              0            000              5
              0            001              2
              0            010              7
              0            011              2
              0            100              3
              0            101              7
              0            110              7
              0            111              2
              1            000              0
              1            001              8
              1            010              8
              1            011              6
              1            100              6
              1            101              4
              1            110              6
              1            111              8
              2            000              8
              2            001              0
              2            010              8
              2            011              5
              2            100              8
              2            101              4
              2            110              0
              2            111              6
              3            000              8
              3            001              3
              3            010              5
              3            011              8
              3            100              2
              3            101              8
              3            110              3
              3            111              4
              4            000              3
              4            001              4
              4            010              4
              4            011              6
              4            100              4
              4            101              6
              4            110              3
              4            111              8
              5            000              0
              5            001              6
              5            010              8
              5            011              4
              5            100              1
              5            101              7
              5            110              0
              5            111              2
              6            000              4
              6            001              7
              6            010              2
              6            011              3
              6            100              1
              6            101              3
              6            110              4
              6            111              4
              7            000              0
              7            001              5
              7            010              0
              7            011              4
              7            100              8
              7            101              1
              7            110              0
              7            111              4
              8            000              8
              8            001              3
              8            010              8
              8            011              8
              8            100              2
              8            101              1
              8            110              7
              8            111              4
