Eaten part = 0.310786
Start state = 5
Significant inputs: 2 5 6
Moves: 0 0 0 0 0 0 2 1 0
          state         inputs     next state
              0            000              1
              0            001              1
              0            010              3
              0            011              2
              0            100              0
              0            101              1
              0            110              6
              0            111              3
              1            000              4
              1            001              8
              1            010              2
              1            011              8
              1            100              0
              1            101              1
              1            110              0
              1            111              1
              2            000              1
              2            001              6
              2            010              4
              2            011              6
              2            100              2
              2            101              2
              2            110              3
              2            111              1
              3            000              4
              3            001              0
              3            010              4
              3            011              2
              3            100              0
              3            101              2
              3            110              5
              3            111              1
              4            000              4
              4            001              0
              4            010              8
              4            011              1
              4            100              6
              4            101              6
              4            110              6
              4            111              0
              5            000              8
              5            001              7
              5            010              8
              5            011              7
              5            100              8
              5            101              7
              5            110              6
              5            111              1
              6            000              8
              6            001              4
              6            010              8
              6            011              8
              6            100              2
              6            101              3
              6            110              8
              6            111              5
              7            000              5
              7            001              4
              7            010              4
              7            011              8
              7            100              8
              7            101              4
              7            110              0
              7            111              3
              8            000              8
              8            001              7
              8            010              1
              8            011              0
              8            100              6
              8            101              6
              8            110              7
              8            111              4
