Eaten part = 0.225344
Start state = 1
Significant inputs: 0 1 2
Moves: 0 0 1 1 0 0 0 0 0
          state         inputs     next state
              0            000              0
              0            001              1
              0            010              0
              0            011              3
              0            100              3
              0            101              8
              0            110              5
              0            111              6
              1            000              7
              1            001              2
              1            010              8
              1            011              0
              1            100              2
              1            101              3
              1            110              2
              1            111              1
              2            000              5
              2            001              6
              2            010              6
              2            011              6
              2            100              1
              2            101              5
              2            110              6
              2            111              8
              3            000              0
              3            001              1
              3            010              5
              3            011              0
              3            100              8
              3            101              6
              3            110              7
              3            111              6
              4            000              4
              4            001              1
              4            010              4
              4            011              8
              4            100              2
              4            101              2
              4            110              2
              4            111              3
              5            000              6
              5            001              2
              5            010              0
              5            011              3
              5            100              8
              5            101              3
              5            110              8
              5            111              2
              6            000              0
              6            001              0
              6            010              1
              6            011              2
              6            100              6
              6            101              2
              6            110              7
              6            111              0
              7            000              7
              7            001              0
              7            010              3
              7            011              7
              7            100              2
              7            101              6
              7            110              1
              7            111              7
              8            000              8
              8            001              5
              8            010              1
              8            011              2
              8            100              0
              8            101              1
              8            110              2
              8            111              4
