Eaten part = 0.217406
Start state = 0
Significant inputs: 0 6 7
Moves: 2 1 0 0 0 1 0 0 0
          state         inputs     next state
              0            000              3
              0            001              2
              0            010              4
              0            011              4
              0            100              8
              0            101              6
              0            110              5
              0            111              1
              1            000              4
              1            001              1
              1            010              8
              1            011              2
              1            100              0
              1            101              4
              1            110              4
              1            111              4
              2            000              3
              2            001              1
              2            010              3
              2            011              2
              2            100              3
              2            101              4
              2            110              2
              2            111              8
              3            000              6
              3            001              3
              3            010              0
              3            011              8
              3            100              4
              3            101              2
              3            110              3
              3            111              3
              4            000              8
              4            001              6
              4            010              6
              4            011              4
              4            100              3
              4            101              1
              4            110              1
              4            111              3
              5            000              7
              5            001              3
              5            010              8
              5            011              4
              5            100              4
              5            101              2
              5            110              0
              5            111              5
              6            000              3
              6            001              5
              6            010              0
              6            011              1
              6            100              8
              6            101              6
              6            110              3
              6            111              3
              7            000              6
              7            001              7
              7            010              2
              7            011              4
              7            100              1
              7            101              5
              7            110              2
              7            111              5
              8            000              3
              8            001              5
              8            010              3
              8            011              5
              8            100              6
              8            101              3
              8            110              6
              8            111              6
