Eaten part = 0.240062
Start state = 4
Significant inputs: 1 3 6
Moves: 0 1 2 0 0 2 0 0 0
          state         inputs     next state
              0            000              7
              0            001              4
              0            010              0
              0            011              1
              0            100              8
              0            101              4
              0            110              2
              0            111              3
              1            000              4
              1            001              3
              1            010              2
              1            011              2
              1            100              6
              1            101              8
              1            110              2
              1            111              3
              2            000              0
              2            001              8
              2            010              7
              2            011              5
              2            100              6
              2            101              5
              2            110              4
              2            111              2
              3            000              4
              3            001              0
              3            010              8
              3            011              3
              3            100              2
              3            101              5
              3            110              0
              3            111              3
              4            000              4
              4            001              7
              4            010              8
              4            011              0
              4            100              5
              4            101              2
              4            110              5
              4            111              0
              5            000              8
              5            001              4
              5            010              7
              5            011              2
              5            100              3
              5            101              3
              5            110              6
              5            111              3
              6            000              1
              6            001              0
              6            010              6
              6            011              5
              6            100              8
              6            101              3
              6            110              7
              6            111              4
              7            000              4
              7            001              4
              7            010              7
              7            011              0
              7            100              2
              7            101              5
              7            110              3
              7            111              6
              8            000              6
              8            001              1
              8            010              4
              8            011              7
              8            100              4
              8            101              5
              8            110              2
              8            111              7
