Eaten part = 0.241560
Start state = 1
Significant inputs: 2 3 7
Moves: 0 2 0 1 0 0 0 0 0
          state         inputs     next state
              0            000              5
              0            001              5
              0            010              8
              0            011              6
              0            100              5
              0            101              7
              0            110              0
              0            111              0
              1            000              7
              1            001              8
              1            010              6
              1            011              0
              1            100              2
              1            101              7
              1            110              0
              1            111              4
              2            000              5
              2            001              6
              2            010              6
              2            011              8
              2            100              6
              2            101              6
              2            110              1
              2            111              7
              3            000              5
              3            001              7
              3            010              4
              3            011              5
              3            100              0
              3            101              3
              3            110              4
              3            111              8
              4            000              7
              4            001              3
              4            010              7
              4            011              1
              4            100              4
              4            101              3
              4            110              7
              4            111              7
              5            000              6
              5            001              3
              5            010              5
              5            011              0
              5            100              6
              5            101              8
              5            110              7
              5            111              6
              6            000              4
              6            001              3
              6            010              5
              6            011              3
              6            100              1
              6            101              5
              6            110              0
              6            111              3
              7            000              5
              7            001              3
              7            010              1
              7            011              0
              7            100              2
              7            101              5
              7            110              4
              7            111              7
              8            000              8
              8            001              3
              8            010              0
              8            011              7
              8            100              4
              8            101              3
              8            110              1
              8            111              1
