Eaten part = 0.300740
Start state = 0
Significant inputs: 1 2 6
Moves: 0 2 2 2 1 0 0 0 0
          state         inputs     next state
              0            000              7
              0            001              4
              0            010              7
              0            011              2
              0            100              3
              0            101              0
              0            110              4
              0            111              2
              1            000              6
              1            001              2
              1            010              8
              1            011              5
              1            100              5
              1            101              5
              1            110              5
              1            111              8
              2            000              3
              2            001              7
              2            010              3
              2            011              3
              2            100              5
              2            101              8
              2            110              1
              2            111              0
              3            000              8
              3            001              2
              3            010              8
              3            011              5
              3            100              5
              3            101              1
              3            110              6
              3            111              8
              4            000              5
              4            001              7
              4            010              5
              4            011              5
              4            100              7
              4            101              7
              4            110              0
              4            111              6
              5            000              6
              5            001              8
              5            010              4
              5            011              8
              5            100              3
              5            101              6
              5            110              6
              5            111              3
              6            000              8
              6            001              5
              6            010              8
              6            011              5
              6            100              1
              6            101              7
              6            110              6
              6            111              2
              7            000              7
              7            001              3
              7            010              4
              7            011              3
              7            100              3
              7            101              5
              7            110              4
              7            111              8
              8            000              7
              8            001              5
              8            010              8
              8            011              4
              8            100              7
              8            101              5
              8            110              4
              8            111              4
