Eaten part = 0.244453
Start state = 3
Significant inputs: 3 6 7
Moves: 0 2 0 0 2 0 0 0 0
          state         inputs     next state
              0            000              8
              0            001              2
              0            010              0
              0            011              1
              0            100              4
              0            101              7
              0            110              4
              0            111              1
              1            000              5
              1            001              3
              1            010              2
              1            011              5
              1            100              5
              1            101              6
              1            110              0
              1            111              5
              2            000              5
              2            001              7
              2            010              1
              2            011              5
              2            100              4
              2            101              7
              2            110              6
              2            111              0
              3            000              6
              3            001              7
              3            010              1
              3            011              4
              3            100              5
              3            101              5
              3            110              4
              3            111              3
              4            000              0
              4            001              7
              4            010              8
              4            011              0
              4            100              7
              4            101              2
              4            110              5
              4            111              1
              5            000              7
              5            001              6
              5            010              7
              5            011              0
              5            100              8
              5            101              7
              5            110              1
              5            111              1
              6            000              7
              6            001              8
              6            010              1
              6            011              7
              6            100              2
              6            101              7
              6            110              2
              6            111              5
              7            000              3
              7            001              3
              7            010              4
              7            011              2
              7            100              5
              7            101              0
              7            110              0
              7            111              1
              8            000              6
              8            001              8
              8            010              1
              8            011              1
              8            100              0
              8            101              2
              8            110              1
              8            111              2
