Eaten part = 0.257038
Start state = 0
Significant inputs: 2 4 5
Moves: 0 0 2 0 0 0 1 2 0
          state         inputs     next state
              0            000              0
              0            001              6
              0            010              5
              0            011              5
              0            100              8
              0            101              6
              0            110              1
              0            111              4
              1            000              2
              1            001              4
              1            010              4
              1            011              7
              1            100              6
              1            101              6
              1            110              0
              1            111              2
              2            000              3
              2            001              6
              2            010              6
              2            011              8
              2            100              3
              2            101              3
              2            110              3
              2            111              3
              3            000              5
              3            001              6
              3            010              0
              3            011              3
              3            100              6
              3            101              6
              3            110              3
              3            111              3
              4            000              3
              4            001              6
              4            010              7
              4            011              1
              4            100              0
              4            101              4
              4            110              6
              4            111              0
              5            000              7
              5            001              6
              5            010              0
              5            011              1
              5            100              1
              5            101              8
              5            110              4
              5            111              3
              6            000              3
              6            001              5
              6            010              8
              6            011              5
              6            100              8
              6            101              5
              6            110              4
              6            111              6
              7            000              0
              7            001              3
              7            010              8
              7            011              4
              7            100              8
              7            101              4
              7            110              8
              7            111              1
              8            000              8
              8            001              6
              8            010              0
              8            011              3
              8            100              2
              8            101              8
              8            110              4
              8            111              6
