Eaten part = 0.300559
Start state = 6
Significant inputs: 2 4 6
Moves: 0 2 0 1 0 0 2 0 2
          state         inputs     next state
              0            000              5
              0            001              3
              0            010              2
              0            011              2
              0            100              1
              0            101              3
              0            110              5
              0            111              0
              1            000              4
              1            001              2
              1            010              4
              1            011              6
              1            100              5
              1            101              4
              1            110              4
              1            111              0
              2            000              5
              2            001              7
              2            010              7
              2            011              0
              2            100              1
              2            101              6
              2            110              0
              2            111              0
              3            000              4
              3            001              0
              3            010              8
              3            011              2
              3            100              4
              3            101              5
              3            110              2
              3            111              2
              4            000              0
              4            001              2
              4            010              0
              4            011              0
              4            100              7
              4            101              1
              4            110              6
              4            111              8
              5            000              0
              5            001              3
              5            010              0
              5            011              3
              5            100              8
              5            101              5
              5            110              0
              5            111              4
              6            000              7
              6            001              6
              6            010              1
              6            011              7
              6            100              7
              6            101              5
              6            110              2
              6            111              6
              7            000              0
              7            001              0
              7            010              7
              7            011              4
              7            100              2
              7            101              2
              7            110              1
              7            111              7
              8            000              4
              8            001              4
              8            010              4
              8            011              5
              8            100              7
              8            101              4
              8            110              0
              8            111              6
