Eaten part = 0.286732
Start state = 5
Significant inputs: 0 2 6
Moves: 0 0 2 0 0 0 1 0 0
          state         inputs     next state
              0            000              4
              0            001              1
              0            010              6
              0            011              6
              0            100              0
              0            101              1
              0            110              6
              0            111              5
              1            000              5
              1            001              5
              1            010              7
              1            011              5
              1            100              8
              1            101              4
              1            110              4
              1            111              3
              2            000              5
              2            001              8
              2            010              8
              2            011              5
              2            100              7
              2            101              0
              2            110              8
              2            111              3
              3            000              0
              3            001              7
              3            010              3
              3            011              3
              3            100              1
              3            101              5
              3            110              3
              3            111              3
              4            000              7
              4            001              0
              4            010              6
              4            011              1
              4            100              2
              4            101              4
              4            110              6
              4            111              5
              5            000              4
              5            001              3
              5            010              5
              5            011              4
              5            100              3
              5            101              1
              5            110              0
              5            111              3
              6            000              5
              6            001              3
              6            010              4
              6            011              4
              6            100              4
              6            101              5
              6            110              7
              6            111              8
              7            000              4
              7            001              0
              7            010              6
              7            011              6
              7            100              2
              7            101              0
              7            110              2
              7            111              0
              8            000              7
              8            001              5
              8            010              6
              8            011              0
              8            100              7
              8            101              8
              8            110              4
              8            111              2
