Eaten part = 0.297559
Start state = 2
Significant inputs: 2 3 6
Moves: 0 1 0 0 0 0 2 0 0
          state         inputs     next state
              0            000              0
              0            001              2
              0            010              7
              0            011              1
              0            100              6
              0            101              0
              0            110              3
              0            111              6
              1            000              8
              1            001              7
              1            010              0
              1            011              7
              1            100              3
              1            101              2
              1            110              0
              1            111              8
              2            000              8
              2            001              4
              2            010              6
              2            011              1
              2            100              5
              2            101              5
              2            110              0
              2            111              1
              3            000              2
              3            001              8
              3            010              4
              3            011              4
              3            100              3
              3            101              2
              3            110              8
              3            111              1
              4            000              3
              4            001              1
              4            010              8
              4            011              5
              4            100              6
              4            101              6
              4            110              8
              4            111              6
              5            000              7
              5            001              1
              5            010              7
              5            011              5
              5            100              7
              5            101              1
              5            110              6
              5            111              5
              6            000              5
              6            001              7
              6            010              0
              6            011              7
              6            100              4
              6            101              5
              6            110              8
              6            111              7
              7            000              7
              7            001              1
              7            010              5
              7            011              1
              7            100              6
              7            101              1
              7            110              6
              7            111              6
              8            000              5
              8            001              1
              8            010              7
              8            011              2
              8            100              7
              8            101              1
              8            110              8
              8            111              0
