Eaten part = 0.226363
Start state = 0
Significant inputs: 0 2 5
Moves: 0 0 0 0 0 1 1 2 0
          state         inputs     next state
              0            000              8
              0            001              3
              0            010              4
              0            011              5
              0            100              1
              0            101              8
              0            110              6
              0            111              5
              1            000              4
              1            001              4
              1            010              0
              1            011              5
              1            100              1
              1            101              8
              1            110              4
              1            111              2
              2            000              1
              2            001              7
              2            010              3
              2            011              8
              2            100              7
              2            101              4
              2            110              5
              2            111              1
              3            000              4
              3            001              1
              3            010              5
              3            011              0
              3            100              8
              3            101              8
              3            110              3
              3            111              5
              4            000              3
              4            001              8
              4            010              2
              4            011              5
              4            100              3
              4            101              5
              4            110              6
              4            111              6
              5            000              3
              5            001              1
              5            010              3
              5            011              2
              5            100              8
              5            101              8
              5            110              7
              5            111              2
              6            000              0
              6            001              1
              6            010              2
              6            011              6
              6            100              1
              6            101              3
              6            110              7
              6            111              0
              7            000              0
              7            001              0
              7            010              1
              7            011              5
              7            100              2
              7            101              3
              7            110              6
              7            111              8
              8            000              3
              8            001              5
              8            010              5
              8            011              4
              8            100              3
              8            101              5
              8            110              6
              8            111              5
