Eaten part = 0.301714
Start state = 1
Significant inputs: 0 2 6
Moves: 1 0 0 0 0 0 2 0 2
          state         inputs     next state
              0            000              1
              0            001              3
              0            010              1
              0            011              5
              0            100              2
              0            101              5
              0            110              7
              0            111              7
              1            000              1
              1            001              1
              1            010              0
              1            011              0
              1            100              6
              1            101              6
              1            110              6
              1            111              0
              2            000              3
              2            001              0
              2            010              0
              2            011              1
              2            100              6
              2            101              3
              2            110              3
              2            111              6
              3            000              1
              3            001              0
              3            010              0
              3            011              5
              3            100              2
              3            101              8
              3            110              8
              3            111              1
              4            000              4
              4            001              7
              4            010              3
              4            011              3
              4            100              8
              4            101              3
              4            110              7
              4            111              6
              5            000              4
              5            001              5
              5            010              3
              5            011              8
              5            100              3
              5            101              6
              5            110              1
              5            111              2
              6            000              1
              6            001              3
              6            010              1
              6            011              7
              6            100              1
              6            101              2
              6            110              3
              6            111              7
              7            000              2
              7            001              1
              7            010              1
              7            011              7
              7            100              6
              7            101              3
              7            110              6
              7            111              4
              8            000              1
              8            001              5
              8            010              0
              8            011              8
              8            100              5
              8            101              5
              8            110              2
              8            111              4
