Eaten part = 0.227092
Start state = 5
Significant inputs: 3 6 7
Moves: 0 0 0 0 2 0 0 2 0
          state         inputs     next state
              0            000              0
              0            001              2
              0            010              7
              0            011              2
              0            100              5
              0            101              2
              0            110              7
              0            111              2
              1            000              6
              1            001              2
              1            010              4
              1            011              5
              1            100              8
              1            101              6
              1            110              1
              1            111              7
              2            000              0
              2            001              0
              2            010              4
              2            011              3
              2            100              8
              2            101              2
              2            110              6
              2            111              7
              3            000              8
              3            001              6
              3            010              6
              3            011              3
              3            100              7
              3            101              8
              3            110              2
              3            111              7
              4            000              5
              4            001              5
              4            010              0
              4            011              4
              4            100              2
              4            101              5
              4            110              2
              4            111              0
              5            000              1
              5            001              6
              5            010              4
              5            011              2
              5            100              5
              5            101              1
              5            110              1
              5            111              6
              6            000              2
              6            001              2
              6            010              4
              6            011              0
              6            100              6
              6            101              6
              6            110              4
              6            111              8
              7            000              8
              7            001              0
              7            010              2
              7            011              8
              7            100              0
              7            101              8
              7            110              0
              7            111              0
              8            000              2
              8            001              8
              8            010              5
              8            011              4
              8            100              0
              8            101              3
              8            110              4
              8            111              1
