Eaten part = 0.214500
Start state = 5
Significant inputs: 3 4 5
Moves: 0 2 2 2 0 0 1 0 0
          state         inputs     next state
              0            000              6
              0            001              8
              0            010              5
              0            011              5
              0            100              3
              0            101              5
              0            110              5
              0            111              5
              1            000              2
              1            001              2
              1            010              3
              1            011              1
              1            100              8
              1            101              3
              1            110              0
              1            111              2
              2            000              7
              2            001              8
              2            010              6
              2            011              0
              2            100              4
              2            101              6
              2            110              4
              2            111              0
              3            000              8
              3            001              5
              3            010              6
              3            011              5
              3            100              7
              3            101              4
              3            110              0
              3            111              2
              4            000              0
              4            001              7
              4            010              7
              4            011              0
              4            100              6
              4            101              4
              4            110              5
              4            111              5
              5            000              8
              5            001              0
              5            010              5
              5            011              0
              5            100              2
              5            101              8
              5            110              3
              5            111              5
              6            000              8
              6            001              5
              6            010              8
              6            011              3
              6            100              5
              6            101              5
              6            110              1
              6            111              1
              7            000              0
              7            001              0
              7            010              5
              7            011              5
              7            100              5
              7            101              4
              7            110              7
              7            111              8
              8            000              2
              8            001              5
              8            010              4
              8            011              8
              8            100              3
              8            101              8
              8            110              7
              8            111              0
