Eaten part = 0.305959
Start state = 1
Significant inputs: 1 2 6
Moves: 0 0 1 1 0 2 0 0 2
          state         inputs     next state
              0            000              6
              0            001              7
              0            010              8
              0            011              4
              0            100              5
              0            101              1
              0            110              5
              0            111              5
              1            000              4
              1            001              0
              1            010              3
              1            011              1
              1            100              8
              1            101              5
              1            110              2
              1            111              8
              2            000              8
              2            001              6
              2            010              4
              2            011              4
              2            100              8
              2            101              0
              2            110              3
              2            111              1
              3            000              3
              3            001              4
              3            010              8
              3            011              1
              3            100              6
              3            101              6
              3            110              8
              3            111              1
              4            000              7
              4            001              4
              4            010              0
              4            011              2
              4            100              6
              4            101              2
              4            110              3
              4            111              7
              5            000              7
              5            001              3
              5            010              6
              5            011              8
              5            100              6
              5            101              7
              5            110              7
              5            111              7
              6            000              7
              6            001              7
              6            010              2
              6            011              5
              6            100              5
              6            101              6
              6            110              2
              6            111              0
              7            000              6
              7            001              6
              7            010              3
              7            011              0
              7            100              5
              7            101              0
              7            110              7
              7            111              7
              8            000              7
              8            001              3
              8            010              7
              8            011              8
              8            100              6
              8            101              7
              8            110              7
              8            111              7
