Eaten part = 0.266544
Start state = 8
Significant inputs: 3 4 6
Moves: 2 0 2 1 0 0 2 0 0
          state         inputs     next state
              0            000              5
              0            001              5
              0            010              8
              0            011              7
              0            100              7
              0            101              3
              0            110              1
              0            111              3
              1            000              7
              1            001              4
              1            010              6
              1            011              4
              1            100              0
              1            101              6
              1            110              1
              1            111              4
              2            000              5
              2            001              1
              2            010              1
              2            011              8
              2            100              7
              2            101              5
              2            110              7
              2            111              7
              3            000              4
              3            001              2
              3            010              7
              3            011              3
              3            100              4
              3            101              2
              3            110              8
              3            111              6
              4            000              8
              4            001              8
              4            010              4
              4            011              4
              4            100              6
              4            101              2
              4            110              2
              4            111              7
              5            000              8
              5            001              8
              5            010              5
              5            011              5
              5            100              1
              5            101              3
              5            110              8
              5            111              7
              6            000              5
              6            001              5
              6            010              7
              6            011              6
              6            100              0
              6            101              4
              6            110              2
              6            111              6
              7            000              6
              7            001              3
              7            010              1
              7            011              5
              7            100              4
              7            101              5
              7            110              3
              7            111              4
              8            000              8
              8            001              3
              8            010              4
              8            011              5
              8            100              2
              8            101              8
              8            110              4
              8            111              6
