Eaten part = 0.237719
Start state = 4
Significant inputs: 1 2 4
Moves: 2 0 0 0 0 0 2 1 0
          state         inputs     next state
              0            000              8
              0            001              6
              0            010              0
              0            011              5
              0            100              3
              0            101              1
              0            110              6
              0            111              6
              1            000              5
              1            001              3
              1            010              5
              1            011              6
              1            100              4
              1            101              2
              1            110              5
              1            111              5
              2            000              2
              2            001              5
              2            010              6
              2            011              6
              2            100              4
              2            101              1
              2            110              7
              2            111              3
              3            000              2
              3            001              6
              3            010              8
              3            011              7
              3            100              5
              3            101              4
              3            110              0
              3            111              5
              4            000              4
              4            001              3
              4            010              7
              4            011              7
              4            100              4
              4            101              3
              4            110              3
              4            111              7
              5            000              2
              5            001              1
              5            010              2
              5            011              5
              5            100              5
              5            101              4
              5            110              4
              5            111              8
              6            000              2
              6            001              1
              6            010              8
              6            011              7
              6            100              4
              6            101              3
              6            110              6
              6            111              1
              7            000              7
              7            001              4
              7            010              4
              7            011              1
              7            100              1
              7            101              4
              7            110              3
              7            111              0
              8            000              2
              8            001              2
              8            010              7
              8            011              2
              8            100              1
              8            101              1
              8            110              5
              8            111              5
