Eaten part = 0.296109
Start state = 5
Significant inputs: 2 4 6
Moves: 0 2 0 0 0 2 0 1 0
          state         inputs     next state
              0            000              4
              0            001              2
              0            010              8
              0            011              0
              0            100              5
              0            101              3
              0            110              2
              0            111              7
              1            000              3
              1            001              0
              1            010              3
              1            011              0
              1            100              2
              1            101              4
              1            110              4
              1            111              0
              2            000              4
              2            001              2
              2            010              4
              2            011              0
              2            100              1
              2            101              6
              2            110              4
              2            111              6
              3            000              3
              3            001              4
              3            010              4
              3            011              2
              3            100              2
              3            101              1
              3            110              6
              3            111              2
              4            000              4
              4            001              7
              4            010              2
              4            011              3
              4            100              1
              4            101              7
              4            110              8
              4            111              2
              5            000              2
              5            001              0
              5            010              8
              5            011              4
              5            100              8
              5            101              6
              5            110              6
              5            111              7
              6            000              4
              6            001              6
              6            010              1
              6            011              5
              6            100              3
              6            101              0
              6            110              8
              6            111              0
              7            000              0
              7            001              4
              7            010              2
              7            011              8
              7            100              3
              7            101              6
              7            110              6
              7            111              0
              8            000              8
              8            001              2
              8            010              4
              8            011              2
              8            100              5
              8            101              7
              8            110              8
              8            111              7
