Eaten part = 0.258717
Start state = 3
Significant inputs: 0 1 2
Moves: 0 0 1 2 0 0 0 1 0
          state         inputs     next state
              0            000              0
              0            001              5
              0            010              0
              0            011              0
              0            100              2
              0            101              2
              0            110              7
              0            111              0
              1            000              0
              1            001              0
              1            010              5
              1            011              6
              1            100              4
              1            101              7
              1            110              0
              1            111              2
              2            000              3
              2            001              6
              2            010              4
              2            011              1
              2            100              2
              2            101              6
              2            110              8
              2            111              1
              3            000              1
              3            001              7
              3            010              5
              3            011              6
              3            100              1
              3            101              0
              3            110              1
              3            111              6
              4            000              8
              4            001              0
              4            010              5
              4            011              8
              4            100              1
              4            101              7
              4            110              0
              4            111              2
              5            000              5
              5            001              1
              5            010              3
              5            011              3
              5            100              2
              5            101              7
              5            110              7
              5            111              4
              6            000              6
              6            001              8
              6            010              3
              6            011              1
              6            100              8
              6            101              0
              6            110              2
              6            111              4
              7            000              2
              7            001              4
              7            010              5
              7            011              1
              7            100              5
              7            101              5
              7            110              4
              7            111              4
              8            000              3
              8            001              0
              8            010              8
              8            011              5
              8            100              8
              8            101              7
              8            110              3
              8            111              8
