Eaten part = 0.327983
Start state = 8
Significant inputs: 2 4 6
Moves: 0 0 1 0 0 1 0 2 0
          state         inputs     next state
              0            000              3
              0            001              2
              0            010              0
              0            011              0
              0            100              7
              0            101              1
              0            110              1
              0            111              8
              1            000              4
              1            001              8
              1            010              8
              1            011              5
              1            100              3
              1            101              4
              1            110              3
              1            111              5
              2            000              4
              2            001              4
              2            010              3
              2            011              0
              2            100              6
              2            101              4
              2            110              6
              2            111              0
              3            000              4
              3            001              2
              3            010              0
              3            011              4
              3            100              7
              3            101              2
              3            110              3
              3            111              3
              4            000              0
              4            001              2
              4            010              3
              4            011              8
              4            100              7
              4            101              7
              4            110              4
              4            111              3
              5            000              3
              5            001              6
              5            010              0
              5            011              3
              5            100              3
              5            101              4
              5            110              3
              5            111              3
              6            000              1
              6            001              2
              6            010              0
              6            011              7
              6            100              3
              6            101              8
              6            110              6
              6            111              4
              7            000              1
              7            001              4
              7            010              8
              7            011              1
              7            100              0
              7            101              4
              7            110              4
              7            111              1
              8            000              3
              8            001              5
              8            010              3
              8            011              1
              8            100              7
              8            101              5
              8            110              6
              8            111              2
