Eaten part = 0.260965
Start state = 7
Significant inputs: 2 4 5
Moves: 0 2 1 0 1 0 0 0 0
          state         inputs     next state
              0            000              3
              0            001              2
              0            010              8
              0            011              4
              0            100              5
              0            101              3
              0            110              3
              0            111              5
              1            000              0
              1            001              7
              1            010              0
              1            011              5
              1            100              7
              1            101              3
              1            110              3
              1            111              2
              2            000              0
              2            001              7
              2            010              3
              2            011              0
              2            100              7
              2            101              8
              2            110              0
              2            111              5
              3            000              6
              3            001              4
              3            010              3
              3            011              3
              3            100              5
              3            101              7
              3            110              3
              3            111              8
              4            000              0
              4            001              7
              4            010              6
              4            011              1
              4            100              6
              4            101              7
              4            110              6
              4            111              7
              5            000              7
              5            001              2
              5            010              8
              5            011              2
              5            100              7
              5            101              4
              5            110              8
              5            111              0
              6            000              0
              6            001              4
              6            010              7
              6            011              4
              6            100              7
              6            101              7
              6            110              3
              6            111              8
              7            000              1
              7            001              2
              7            010              0
              7            011              0
              7            100              1
              7            101              7
              7            110              8
              7            111              0
              8            000              1
              8            001              4
              8            010              7
              8            011              7
              8            100              7
              8            101              2
              8            110              8
              8            111              1
