Eaten part = 0.299275
Start state = 2
Significant inputs: 2 3 6
Moves: 1 1 2 0 0 0 2 0 0
          state         inputs     next state
              0            000              4
              0            001              3
              0            010              5
              0            011              6
              0            100              3
              0            101              6
              0            110              4
              0            111              4
              1            000              4
              1            001              4
              1            010              8
              1            011              8
              1            100              8
              1            101              5
              1            110              5
              1            111              5
              2            000              8
              2            001              5
              2            010              7
              2            011              1
              2            100              7
              2            101              3
              2            110              7
              2            111              3
              3            000              3
              3            001              1
              3            010              3
              3            011              1
              3            100              2
              3            101              5
              3            110              6
              3            111              4
              4            000              5
              4            001              7
              4            010              8
              4            011              2
              4            100              8
              4            101              7
              4            110              2
              4            111              6
              5            000              3
              5            001              0
              5            010              5
              5            011              0
              5            100              3
              5            101              4
              5            110              3
              5            111              6
              6            000              8
              6            001              3
              6            010              1
              6            011              4
              6            100              8
              6            101              3
              6            110              1
              6            111              2
              7            000              3
              7            001              1
              7            010              5
              7            011              1
              7            100              3
              7            101              8
              7            110              6
              7            111              1
              8            000              3
              8            001              7
              8            010              3
              8            011              1
              8            100              6
              8            101              2
              8            110              2
              8            111              7
