Eaten part = 0.320626
Start state = 7
Significant inputs: 2 4 6
Moves: 0 0 2 0 0 1 0 0 0
          state         inputs     next state
              0            000              4
              0            001              1
              0            010              8
              0            011              1
              0            100              4
              0            101              2
              0            110              1
              0            111              5
              1            000              8
              1            001              5
              1            010              7
              1            011              7
              1            100              2
              1            101              6
              1            110              4
              1            111              2
              2            000              4
              2            001              3
              2            010              4
              2            011              4
              2            100              8
              2            101              4
              2            110              7
              2            111              3
              3            000              8
              3            001              2
              3            010              4
              3            011              0
              3            100              6
              3            101              2
              3            110              4
              3            111              0
              4            000              8
              4            001              5
              4            010              1
              4            011              1
              4            100              2
              4            101              2
              4            110              1
              4            111              4
              5            000              0
              5            001              7
              5            010              1
              5            011              6
              5            100              0
              5            101              8
              5            110              2
              5            111              3
              6            000              7
              6            001              3
              6            010              4
              6            011              8
              6            100              2
              6            101              4
              6            110              0
              6            111              0
              7            000              4
              7            001              8
              7            010              3
              7            011              7
              7            100              2
              7            101              5
              7            110              7
              7            111              6
              8            000              8
              8            001              5
              8            010              4
              8            011              6
              8            100              2
              8            101              5
              8            110              8
              8            111              0
