Eaten part = 0.223935
Start state = 7
Significant inputs: 5 6 7
Moves: 0 1 2 0 2 0 0 0 0
          state         inputs     next state
              0            000              3
              0            001              7
              0            010              1
              0            011              0
              0            100              0
              0            101              3
              0            110              1
              0            111              8
              1            000              6
              1            001              6
              1            010              8
              1            011              5
              1            100              5
              1            101              6
              1            110              7
              1            111              3
              2            000              2
              2            001              8
              2            010              4
              2            011              5
              2            100              0
              2            101              5
              2            110              3
              2            111              7
              3            000              3
              3            001              2
              3            010              2
              3            011              6
              3            100              8
              3            101              7
              3            110              7
              3            111              7
              4            000              6
              4            001              5
              4            010              2
              4            011              6
              4            100              6
              4            101              0
              4            110              5
              4            111              4
              5            000              0
              5            001              1
              5            010              0
              5            011              2
              5            100              5
              5            101              0
              5            110              8
              5            111              2
              6            000              5
              6            001              1
              6            010              2
              6            011              6
              6            100              6
              6            101              4
              6            110              8
              6            111              6
              7            000              7
              7            001              8
              7            010              8
              7            011              1
              7            100              5
              7            101              8
              7            110              2
              7            111              5
              8            000              3
              8            001              6
              8            010              2
              8            011              5
              8            100              1
              8            101              7
              8            110              4
              8            111              7
