Eaten part = 0.204868
Start state = 5
Significant inputs: 1 3 4
Moves: 0 0 2 0 0 0 0 1 0
          state         inputs     next state
              0            000              4
              0            001              0
              0            010              7
              0            011              3
              0            100              6
              0            101              4
              0            110              4
              0            111              8
              1            000              7
              1            001              3
              1            010              7
              1            011              8
              1            100              1
              1            101              1
              1            110              1
              1            111              6
              2            000              8
              2            001              8
              2            010              7
              2            011              2
              2            100              8
              2            101              3
              2            110              0
              2            111              7
              3            000              1
              3            001              1
              3            010              2
              3            011              2
              3            100              4
              3            101              8
              3            110              0
              3            111              6
              4            000              2
              4            001              8
              4            010              2
              4            011              2
              4            100              3
              4            101              3
              4            110              6
              4            111              3
              5            000              2
              5            001              7
              5            010              8
              5            011              1
              5            100              0
              5            101              5
              5            110              6
              5            111              8
              6            000              1
              6            001              8
              6            010              6
              6            011              5
              6            100              4
              6            101              5
              6            110              8
              6            111              7
              7            000              4
              7            001              3
              7            010              2
              7            011              2
              7            100              2
              7            101              4
              7            110              6
              7            111              1
              8            000              1
              8            001              8
              8            010              3
              8            011              7
              8            100              1
              8            101              3
              8            110              0
              8            111              4
