Eaten part = 0.242654
Start state = 4
Significant inputs: 2 3 4
Moves: 0 0 2 0 0 1 0 0 0
          state         inputs     next state
              0            000              4
              0            001              5
              0            010              2
              0            011              8
              0            100              0
              0            101              7
              0            110              4
              0            111              5
              1            000              0
              1            001              5
              1            010              1
              1            011              8
              1            100              8
              1            101              7
              1            110              6
              1            111              3
              2            000              0
              2            001              1
              2            010              3
              2            011              4
              2            100              7
              2            101              8
              2            110              7
              2            111              3
              3            000              1
              3            001              6
              3            010              7
              3            011              8
              3            100              6
              3            101              6
              3            110              8
              3            111              6
              4            000              0
              4            001              5
              4            010              4
              4            011              1
              4            100              1
              4            101              4
              4            110              3
              4            111              5
              5            000              0
              5            001              1
              5            010              5
              5            011              0
              5            100              1
              5            101              7
              5            110              1
              5            111              2
              6            000              0
              6            001              4
              6            010              7
              6            011              5
              6            100              5
              6            101              5
              6            110              1
              6            111              0
              7            000              8
              7            001              4
              7            010              8
              7            011              4
              7            100              4
              7            101              4
              7            110              8
              7            111              8
              8            000              0
              8            001              0
              8            010              5
              8            011              2
              8            100              7
              8            101              4
              8            110              7
              8            111              5
