Eaten part = 0.232991
Start state = 1
Significant inputs: 0 1 2
Moves: 0 2 1 0 2 0 1 0 1
          state         inputs     next state
              0            000              5
              0            001              3
              0            010              3
              0            011              2
              0            100              5
              0            101              5
              0            110              2
              0            111              7
              1            000              7
              1            001              7
              1            010              0
              1            011              4
              1            100              5
              1            101              2
              1            110              5
              1            111              2
              2            000              5
              2            001              4
              2            010              2
              2            011              3
              2            100              6
              2            101              3
              2            110              1
              2            111              7
              3            000              7
              3            001              3
              3            010              2
              3            011              3
              3            100              6
              3            101              6
              3            110              3
              3            111              7
              4            000              1
              4            001              1
              4            010              7
              4            011              1
              4            100              0
              4            101              0
              4            110              0
              4            111              6
              5            000              3
              5            001              3
              5            010              5
              5            011              5
              5            100              5
              5            101              5
              5            110              0
              5            111              5
              6            000              6
              6            001              6
              6            010              0
              6            011              5
              6            100              7
              6            101              5
              6            110              3
              6            111              7
              7            000              3
              7            001              5
              7            010              8
              7            011              5
              7            100              6
              7            101              7
              7            110              3
              7            111              7
              8            000              1
              8            001              0
              8            010              3
              8            011              7
              8            100              1
              8            101              3
              8            110              6
              8            111              3
