Eaten part = 0.235641
Start state = 5
Significant inputs: 5 6 7
Moves: 2 0 1 0 2 0 0 0 0
          state         inputs     next state
              0            000              5
              0            001              5
              0            010              8
              0            011              4
              0            100              6
              0            101              5
              0            110              6
              0            111              4
              1            000              8
              1            001              4
              1            010              3
              1            011              4
              1            100              5
              1            101              0
              1            110              0
              1            111              6
              2            000              8
              2            001              8
              2            010              3
              2            011              6
              2            100              3
              2            101              0
              2            110              1
              2            111              4
              3            000              3
              3            001              7
              3            010              4
              3            011              4
              3            100              6
              3            101              1
              3            110              3
              3            111              8
              4            000              5
              4            001              8
              4            010              2
              4            011              7
              4            100              8
              4            101              7
              4            110              2
              4            111              5
              5            000              6
              5            001              8
              5            010              7
              5            011              0
              5            100              8
              5            101              0
              5            110              6
              5            111              4
              6            000              7
              6            001              0
              6            010              8
              6            011              5
              6            100              7
              6            101              3
              6            110              4
              6            111              3
              7            000              7
              7            001              7
              7            010              4
              7            011              4
              7            100              8
              7            101              3
              7            110              5
              7            111              7
              8            000              3
              8            001              6
              8            010              3
              8            011              7
              8            100              2
              8            101              3
              8            110              4
              8            111              5
