Eaten part = 0.321237
Start state = 7
Significant inputs: 2 4 6
Moves: 1 0 0 0 2 0 0 0 1
          state         inputs     next state
              0            000              2
              0            001              5
              0            010              5
              0            011              6
              0            100              1
              0            101              1
              0            110              2
              0            111              2
              1            000              2
              1            001              0
              1            010              5
              1            011              8
              1            100              4
              1            101              0
              1            110              5
              1            111              8
              2            000              5
              2            001              0
              2            010              5
              2            011              6
              2            100              4
              2            101              4
              2            110              3
              2            111              4
              3            000              1
              3            001              2
              3            010              6
              3            011              3
              3            100              0
              3            101              3
              3            110              2
              3            111              5
              4            000              2
              4            001              1
              4            010              7
              4            011              2
              4            100              1
              4            101              2
              4            110              6
              4            111              6
              5            000              2
              5            001              0
              5            010              1
              5            011              5
              5            100              4
              5            101              4
              5            110              1
              5            111              5
              6            000              8
              6            001              8
              6            010              1
              6            011              0
              6            100              4
              6            101              3
              6            110              3
              6            111              4
              7            000              2
              7            001              8
              7            010              1
              7            011              8
              7            100              5
              7            101              0
              7            110              4
              7            111              7
              8            000              2
              8            001              7
              8            010              0
              8            011              5
              8            100              2
              8            101              0
              8            110              8
              8            111              7
