Eaten part = 0.249864
Start state = 8
Significant inputs: 3 4 6
Moves: 1 0 0 2 2 0 1 0 0
          state         inputs     next state
              0            000              6
              0            001              0
              0            010              7
              0            011              5
              0            100              7
              0            101              5
              0            110              4
              0            111              5
              1            000              1
              1            001              5
              1            010              1
              1            011              7
              1            100              4
              1            101              7
              1            110              2
              1            111              7
              2            000              1
              2            001              5
              2            010              5
              2            011              7
              2            100              4
              2            101              8
              2            110              5
              2            111              8
              3            000              2
              3            001              0
              3            010              8
              3            011              2
              3            100              8
              3            101              4
              3            110              5
              3            111              6
              4            000              1
              4            001              3
              4            010              7
              4            011              1
              4            100              1
              4            101              2
              4            110              7
              4            111              4
              5            000              2
              5            001              2
              5            010              5
              5            011              7
              5            100              2
              5            101              2
              5            110              5
              5            111              7
              6            000              2
              6            001              3
              6            010              5
              6            011              7
              6            100              2
              6            101              5
              6            110              6
              6            111              6
              7            000              5
              7            001              6
              7            010              7
              7            011              1
              7            100              4
              7            101              1
              7            110              3
              7            111              1
              8            000              1
              8            001              4
              8            010              8
              8            011              3
              8            100              1
              8            101              3
              8            110              4
              8            111              3
