Eaten part = 0.266710
Start state = 3
Significant inputs: 4 6 7
Moves: 1 0 0 0 2 0 0 0 0
          state         inputs     next state
              0            000              7
              0            001              1
              0            010              1
              0            011              3
              0            100              1
              0            101              0
              0            110              3
              0            111              6
              1            000              6
              1            001              8
              1            010              4
              1            011              7
              1            100              1
              1            101              5
              1            110              4
              1            111              3
              2            000              3
              2            001              1
              2            010              8
              2            011              2
              2            100              0
              2            101              1
              2            110              1
              2            111              1
              3            000              5
              3            001              6
              3            010              2
              3            011              2
              3            100              7
              3            101              5
              3            110              5
              3            111              5
              4            000              6
              4            001              1
              4            010              8
              4            011              8
              4            100              2
              4            101              8
              4            110              2
              4            111              7
              5            000              0
              5            001              5
              5            010              4
              5            011              8
              5            100              8
              5            101              5
              5            110              5
              5            111              3
              6            000              7
              6            001              7
              6            010              4
              6            011              2
              6            100              0
              6            101              7
              6            110              4
              6            111              2
              7            000              6
              7            001              1
              7            010              4
              7            011              1
              7            100              6
              7            101              1
              7            110              4
              7            111              7
              8            000              0
              8            001              3
              8            010              7
              8            011              6
              8            100              4
              8            101              8
              8            110              7
              8            111              1
