Eaten part = 0.306367
Start state = 2
Significant inputs: 1 2 6
Moves: 2 0 0 0 2 0 1 0 0
          state         inputs     next state
              0            000              7
              0            001              5
              0            010              5
              0            011              7
              0            100              2
              0            101              7
              0            110              7
              0            111              0
              1            000              2
              1            001              0
              1            010              3
              1            011              2
              1            100              2
              1            101              8
              1            110              6
              1            111              8
              2            000              7
              2            001              5
              2            010              6
              2            011              2
              2            100              0
              2            101              8
              2            110              6
              2            111              0
              3            000              5
              3            001              7
              3            010              6
              3            011              6
              3            100              3
              3            101              3
              3            110              4
              3            111              2
              4            000              3
              4            001              7
              4            010              3
              4            011              7
              4            100              8
              4            101              8
              4            110              8
              4            111              2
              5            000              8
              5            001              8
              5            010              3
              5            011              0
              5            100              1
              5            101              6
              5            110              3
              5            111              5
              6            000              3
              6            001              7
              6            010              1
              6            011              2
              6            100              7
              6            101              1
              6            110              1
              6            111              2
              7            000              8
              7            001              1
              7            010              2
              7            011              6
              7            100              4
              7            101              7
              7            110              8
              7            111              2
              8            000              8
              8            001              6
              8            010              6
              8            011              6
              8            100              0
              8            101              5
              8            110              6
              8            111              6
