Eaten part = 0.293730
Start state = 2
Significant inputs: 2 3 6
Moves: 2 0 0 0 0 0 0 0 1
          state         inputs     next state
              0            000              6
              0            001              1
              0            010              4
              0            011              3
              0            100              7
              0            101              7
              0            110              8
              0            111              1
              1            000              7
              1            001              6
              1            010              7
              1            011              4
              1            100              3
              1            101              1
              1            110              5
              1            111              8
              2            000              6
              2            001              6
              2            010              5
              2            011              2
              2            100              0
              2            101              6
              2            110              0
              2            111              8
              3            000              5
              3            001              0
              3            010              4
              3            011              6
              3            100              7
              3            101              3
              3            110              5
              3            111              4
              4            000              7
              4            001              3
              4            010              7
              4            011              2
              4            100              7
              4            101              8
              4            110              1
              4            111              1
              5            000              5
              5            001              8
              5            010              7
              5            011              1
              5            100              0
              5            101              0
              5            110              4
              5            111              6
              6            000              6
              6            001              8
              6            010              7
              6            011              3
              6            100              2
              6            101              6
              6            110              0
              6            111              3
              7            000              5
              7            001              8
              7            010              7
              7            011              8
              7            100              0
              7            101              0
              7            110              5
              7            111              3
              8            000              4
              8            001              6
              8            010              3
              8            011              6
              8            100              5
              8            101              2
              8            110              2
              8            111              1
