Eaten part = 0.252393
Start state = 5
Significant inputs: 3 4 6
Moves: 0 0 0 2 0 0 2 0 0
          state         inputs     next state
              0            000              0
              0            001              5
              0            010              4
              0            011              7
              0            100              6
              0            101              2
              0            110              7
              0            111              5
              1            000              2
              1            001              6
              1            010              7
              1            011              7
              1            100              2
              1            101              4
              1            110              8
              1            111              5
              2            000              5
              2            001              8
              2            010              7
              2            011              8
              2            100              2
              2            101              1
              2            110              3
              2            111              0
              3            000              7
              3            001              6
              3            010              7
              3            011              6
              3            100              3
              3            101              8
              3            110              7
              3            111              3
              4            000              4
              4            001              0
              4            010              0
              4            011              7
              4            100              0
              4            101              3
              4            110              6
              4            111              4
              5            000              0
              5            001              3
              5            010              7
              5            011              1
              5            100              5
              5            101              0
              5            110              0
              5            111              3
              6            000              7
              6            001              7
              6            010              7
              6            011              8
              6            100              0
              6            101              3
              6            110              4
              6            111              5
              7            000              1
              7            001              0
              7            010              1
              7            011              7
              7            100              5
              7            101              0
              7            110              3
              7            111              0
              8            000              6
              8            001              1
              8            010              6
              8            011              3
              8            100              3
              8            101              8
              8            110              3
              8            111              5
