Eaten part = 0.288179
Start state = 1
Significant inputs: 2 6 7
Moves: 0 1 2 2 0 0 0 1 0
          state         inputs     next state
              0            000              0
              0            001              7
              0            010              2
              0            011              3
              0            100              6
              0            101              6
              0            110              3
              0            111              3
              1            000              0
              1            001              4
              1            010              3
              1            011              2
              1            100              5
              1            101              5
              1            110              6
              1            111              0
              2            000              4
              2            001              1
              2            010              0
              2            011              4
              2            100              5
              2            101              5
              2            110              0
              2            111              7
              3            000              6
              3            001              6
              3            010              8
              3            011              8
              3            100              5
              3            101              6
              3            110              4
              3            111              0
              4            000              4
              4            001              7
              4            010              3
              4            011              3
              4            100              6
              4            101              4
              4            110              2
              4            111              0
              5            000              6
              5            001              0
              5            010              6
              5            011              2
              5            100              3
              5            101              0
              5            110              5
              5            111              7
              6            000              4
              6            001              1
              6            010              2
              6            011              8
              6            100              0
              6            101              0
              6            110              5
              6            111              3
              7            000              8
              7            001              0
              7            010              8
              7            011              0
              7            100              0
              7            101              8
              7            110              3
              7            111              0
              8            000              0
              8            001              0
              8            010              3
              8            011              0
              8            100              5
              8            101              8
              8            110              1
              8            111              8
