Eaten part = 0.194642
Start state = 2
Significant inputs: 3 4 5
Moves: 1 1 0 0 0 2 0 1 0
          state         inputs     next state
              0            000              6
              0            001              6
              0            010              5
              0            011              8
              0            100              7
              0            101              5
              0            110              7
              0            111              5
              1            000              6
              1            001              2
              1            010              2
              1            011              6
              1            100              7
              1            101              4
              1            110              3
              1            111              6
              2            000              0
              2            001              1
              2            010              2
              2            011              2
              2            100              6
              2            101              6
              2            110              3
              2            111              2
              3            000              0
              3            001              8
              3            010              6
              3            011              4
              3            100              3
              3            101              3
              3            110              4
              3            111              1
              4            000              3
              4            001              6
              4            010              4
              4            011              8
              4            100              1
              4            101              3
              4            110              2
              4            111              6
              5            000              8
              5            001              4
              5            010              7
              5            011              1
              5            100              5
              5            101              4
              5            110              4
              5            111              6
              6            000              6
              6            001              4
              6            010              6
              6            011              4
              6            100              2
              6            101              2
              6            110              8
              6            111              3
              7            000              0
              7            001              5
              7            010              2
              7            011              8
              7            100              1
              7            101              4
              7            110              4
              7            111              5
              8            000              6
              8            001              8
              8            010              3
              8            011              2
              8            100              3
              8            101              4
              8            110              4
              8            111              6
