Eaten part = 0.238110
Start state = 4
Significant inputs: 1 2 3
Moves: 0 2 0 0 0 0 1 0 0
          state         inputs     next state
              0            000              0
              0            001              0
              0            010              6
              0            011              0
              0            100              0
              0            101              2
              0            110              0
              0            111              4
              1            000              0
              1            001              0
              1            010              8
              1            011              7
              1            100              2
              1            101              5
              1            110              2
              1            111              7
              2            000              0
              2            001              7
              2            010              5
              2            011              3
              2            100              0
              2            101              2
              2            110              2
              2            111              2
              3            000              1
              3            001              4
              3            010              4
              3            011              1
              3            100              1
              3            101              6
              3            110              4
              3            111              1
              4            000              0
              4            001              7
              4            010              2
              4            011              2
              4            100              8
              4            101              5
              4            110              6
              4            111              0
              5            000              5
              5            001              7
              5            010              3
              5            011              6
              5            100              7
              5            101              4
              5            110              0
              5            111              7
              6            000              5
              6            001              7
              6            010              3
              6            011              3
              6            100              8
              6            101              1
              6            110              7
              6            111              5
              7            000              2
              7            001              6
              7            010              1
              7            011              0
              7            100              4
              7            101              6
              7            110              4
              7            111              1
              8            000              7
              8            001              1
              8            010              4
              8            011              3
              8            100              2
              8            101              4
              8            110              5
              8            111              1
