Eaten part = 0.230873
Start state = 8
Significant inputs: 1 2 4
Moves: 0 0 0 0 0 0 1 1 0
          state         inputs     next state
              0            000              6
              0            001              5
              0            010              7
              0            011              6
              0            100              2
              0            101              6
              0            110              6
              0            111              5
              1            000              4
              1            001              2
              1            010              6
              1            011              8
              1            100              3
              1            101              0
              1            110              7
              1            111              2
              2            000              8
              2            001              0
              2            010              3
              2            011              8
              2            100              8
              2            101              7
              2            110              7
              2            111              7
              3            000              4
              3            001              7
              3            010              6
              3            011              3
              3            100              5
              3            101              5
              3            110              8
              3            111              6
              4            000              3
              4            001              3
              4            010              7
              4            011              3
              4            100              3
              4            101              5
              4            110              0
              4            111              4
              5            000              4
              5            001              2
              5            010              6
              5            011              8
              5            100              2
              5            101              0
              5            110              2
              5            111              2
              6            000              2
              6            001              4
              6            010              6
              6            011              5
              6            100              7
              6            101              5
              6            110              8
              6            111              2
              7            000              2
              7            001              5
              7            010              0
              7            011              1
              7            100              4
              7            101              8
              7            110              1
              7            111              8
              8            000              1
              8            001              5
              8            010              7
              8            011              4
              8            100              5
              8            101              5
              8            110              3
              8            111              6
