Eaten part = 0.239693
Start state = 3
Significant inputs: 3 6 7
Moves: 0 0 2 0 2 0 0 0 0
          state         inputs     next state
              0            000              3
              0            001              6
              0            010              3
              0            011              6
              0            100              7
              0            101              4
              0            110              5
              0            111              1
              1            000              6
              1            001              8
              1            010              1
              1            011              6
              1            100              6
              1            101              8
              1            110              2
              1            111              6
              2            000              8
              2            001              3
              2            010              1
              2            011              2
              2            100              6
              2            101              1
              2            110              4
              2            111              8
              3            000              3
              3            001              6
              3            010              4
              3            011              4
              3            100              8
              3            101              6
              3            110              4
              3            111              3
              4            000              0
              4            001              6
              4            010              5
              4            011              3
              4            100              5
              4            101              1
              4            110              7
              4            111              5
              5            000              7
              5            001              1
              5            010              7
              5            011              8
              5            100              6
              5            101              5
              5            110              7
              5            111              5
              6            000              8
              6            001              0
              6            010              2
              6            011              2
              6            100              8
              6            101              8
              6            110              2
              6            111              2
              7            000              3
              7            001              6
              7            010              1
              7            011              2
              7            100              3
              7            101              0
              7            110              2
              7            111              3
              8            000              3
              8            001              0
              8            010              2
              8            011              8
              8            100              7
              8            101              7
              8            110              2
              8            111              5
