Eaten part = 0.229455
Start state = 4
Significant inputs: 0 1 2
Moves: 0 1 0 0 0 0 0 1 0
          state         inputs     next state
              0            000              0
              0            001              7
              0            010              3
              0            011              1
              0            100              1
              0            101              8
              0            110              1
              0            111              1
              1            000              3
              1            001              6
              1            010              3
              1            011              6
              1            100              6
              1            101              0
              1            110              0
              1            111              5
              2            000              3
              2            001              2
              2            010              2
              2            011              6
              2            100              6
              2            101              7
              2            110              7
              2            111              2
              3            000              4
              3            001              8
              3            010              5
              3            011              4
              3            100              1
              3            101              4
              3            110              2
              3            111              6
              4            000              4
              4            001              6
              4            010              6
              4            011              8
              4            100              7
              4            101              7
              4            110              1
              4            111              8
              5            000              5
              5            001              3
              5            010              4
              5            011              1
              5            100              2
              5            101              2
              5            110              4
              5            111              5
              6            000              0
              6            001              3
              6            010              8
              6            011              5
              6            100              4
              6            101              2
              6            110              6
              6            111              2
              7            000              5
              7            001              5
              7            010              4
              7            011              4
              7            100              4
              7            101              2
              7            110              3
              7            111              0
              8            000              4
              8            001              0
              8            010              8
              8            011              7
              8            100              4
              8            101              4
              8            110              3
              8            111              7
