Eaten part = 0.232551
Start state = 6
Significant inputs: 2 5 7
Moves: 0 0 0 1 0 0 1 2 1
          state         inputs     next state
              0            000              4
              0            001              6
              0            010              4
              0            011              7
              0            100              5
              0            101              6
              0            110              7
              0            111              2
              1            000              1
              1            001              8
              1            010              1
              1            011              5
              1            100              1
              1            101              6
              1            110              4
              1            111              8
              2            000              1
              2            001              2
              2            010              1
              2            011              7
              2            100              0
              2            101              3
              2            110              3
              2            111              2
              3            000              6
              3            001              4
              3            010              0
              3            011              6
              3            100              0
              3            101              8
              3            110              3
              3            111              0
              4            000              0
              4            001              6
              4            010              4
              4            011              3
              4            100              7
              4            101              7
              4            110              2
              4            111              8
              5            000              1
              5            001              3
              5            010              4
              5            011              0
              5            100              0
              5            101              3
              5            110              0
              5            111              6
              6            000              1
              6            001              2
              6            010              5
              6            011              2
              6            100              6
              6            101              3
              6            110              1
              6            111              6
              7            000              3
              7            001              7
              7            010              5
              7            011              1
              7            100              0
              7            101              0
              7            110              1
              7            111              0
              8            000              0
              8            001              4
              8            010              5
              8            011              2
              8            100              5
              8            101              1
              8            110              1
              8            111              4
