Eaten part = 0.226229
Start state = 5
Significant inputs: 1 2 3
Moves: 2 0 1 0 2 2 0 0 2
          state         inputs     next state
              0            000              7
              0            001              2
              0            010              1
              0            011              8
              0            100              3
              0            101              6
              0            110              6
              0            111              1
              1            000              1
              1            001              1
              1            010              2
              1            011              6
              1            100              7
              1            101              0
              1            110              4
              1            111              2
              2            000              2
              2            001              1
              2            010              2
              2            011              6
              2            100              1
              2            101              0
              2            110              7
              2            111              1
              3            000              3
              3            001              7
              3            010              1
              3            011              2
              3            100              4
              3            101              0
              3            110              4
              3            111              1
              4            000              3
              4            001              8
              4            010              1
              4            011              6
              4            100              0
              4            101              8
              4            110              1
              4            111              3
              5            000              6
              5            001              0
              5            010              6
              5            011              6
              5            100              7
              5            101              2
              5            110              0
              5            111              0
              6            000              1
              6            001              6
              6            010              7
              6            011              1
              6            100              3
              6            101              0
              6            110              3
              6            111              2
              7            000              1
              7            001              7
              7            010              7
              7            011              6
              7            100              1
              7            101              5
              7            110              1
              7            111              4
              8            000              4
              8            001              0
              8            010              0
              8            011              7
              8            100              5
              8            101              2
              8            110              5
              8            111              6
