Eaten part = 0.255410
Start state = 0
Significant inputs: 0 2 4
Moves: 0 0 0 1 0 2 0 0 1
          state         inputs     next state
              0            000              5
              0            001              4
              0            010              3
              0            011              4
              0            100              7
              0            101              2
              0            110              6
              0            111              0
              1            000              6
              1            001              1
              1            010              2
              1            011              5
              1            100              1
              1            101              7
              1            110              2
              1            111              0
              2            000              6
              2            001              3
              2            010              3
              2            011              2
              2            100              0
              2            101              7
              2            110              6
              2            111              3
              3            000              7
              3            001              7
              3            010              0
              3            011              1
              3            100              0
              3            101              0
              3            110              2
              3            111              8
              4            000              2
              4            001              4
              4            010              5
              4            011              7
              4            100              5
              4            101              2
              4            110              6
              4            111              1
              5            000              2
              5            001              6
              5            010              6
              5            011              0
              5            100              3
              5            101              8
              5            110              4
              5            111              4
              6            000              2
              6            001              5
              6            010              3
              6            011              8
              6            100              6
              6            101              0
              6            110              1
              6            111              1
              7            000              7
              7            001              4
              7            010              3
              7            011              2
              7            100              0
              7            101              1
              7            110              0
              7            111              1
              8            000              1
              8            001              1
              8            010              3
              8            011              1
              8            100              1
              8            101              7
              8            110              5
              8            111              2
