Eaten part = 0.214533
Start state = 6
Significant inputs: 0 2 5
Moves: 1 0 1 0 0 0 1 0 0
          state         inputs     next state
              0            000              8
              0            001              4
              0            010              2
              0            011              6
              0            100              7
              0            101              5
              0            110              6
              0            111              4
              1            000              3
              1            001              4
              1            010              1
              1            011              8
              1            100              6
              1            101              5
              1            110              7
              1            111              3
              2            000              8
              2            001              8
              2            010              0
              2            011              4
              2            100              1
              2            101              8
              2            110              3
              2            111              3
              3            000              3
              3            001              7
              3            010              6
              3            011              3
              3            100              7
              3            101              8
              3            110              4
              3            111              2
              4            000              1
              4            001              4
              4            010              4
              4            011              6
              4            100              2
              4            101              2
              4            110              6
              4            111              0
              5            000              1
              5            001              2
              5            010              0
              5            011              6
              5            100              7
              5            101              3
              5            110              0
              5            111              0
              6            000              4
              6            001              3
              6            010              8
              6            011              8
              6            100              5
              6            101              0
              6            110              8
              6            111              6
              7            000              3
              7            001              4
              7            010              6
              7            011              5
              7            100              4
              7            101              1
              7            110              6
              7            111              5
              8            000              7
              8            001              2
              8            010              6
              8            011              4
              8            100              3
              8            101              7
              8            110              0
              8            111              4
