Eaten part = 0.188753
Start state = 7
Significant inputs: 4 5 7
Moves: 0 2 2 1 0 0 2 0 0
          state         inputs     next state
              0            000              8
              0            001              1
              0            010              5
              0            011              7
              0            100              0
              0            101              6
              0            110              8
              0            111              2
              1            000              3
              1            001              3
              1            010              8
              1            011              3
              1            100              8
              1            101              4
              1            110              5
              1            111              8
              2            000              1
              2            001              5
              2            010              7
              2            011              1
              2            100              0
              2            101              6
              2            110              5
              2            111              5
              3            000              4
              3            001              1
              3            010              7
              3            011              6
              3            100              3
              3            101              7
              3            110              0
              3            111              0
              4            000              1
              4            001              5
              4            010              8
              4            011              4
              4            100              7
              4            101              5
              4            110              1
              4            111              0
              5            000              7
              5            001              0
              5            010              5
              5            011              5
              5            100              7
              5            101              4
              5            110              8
              5            111              3
              6            000              2
              6            001              6
              6            010              7
              6            011              8
              6            100              5
              6            101              5
              6            110              4
              6            111              3
              7            000              1
              7            001              8
              7            010              4
              7            011              8
              7            100              5
              7            101              8
              7            110              7
              7            111              6
              8            000              8
              8            001              5
              8            010              6
              8            011              7
              8            100              8
              8            101              3
              8            110              4
              8            111              0
