Eaten part = 0.250408
Start state = 3
Significant inputs: 1 2 4
Moves: 1 1 1 2 2 0 0 1 0
          state         inputs     next state
              0            000              5
              0            001              0
              0            010              2
              0            011              5
              0            100              8
              0            101              6
              0            110              0
              0            111              3
              1            000              3
              1            001              8
              1            010              3
              1            011              8
              1            100              7
              1            101              8
              1            110              0
              1            111              5
              2            000              1
              2            001              6
              2            010              4
              2            011              5
              2            100              6
              2            101              3
              2            110              2
              2            111              7
              3            000              8
              3            001              6
              3            010              6
              3            011              8
              3            100              5
              3            101              2
              3            110              4
              3            111              7
              4            000              4
              4            001              4
              4            010              8
              4            011              7
              4            100              4
              4            101              6
              4            110              8
              4            111              2
              5            000              3
              5            001              6
              5            010              0
              5            011              8
              5            100              6
              5            101              6
              5            110              2
              5            111              8
              6            000              6
              6            001              5
              6            010              8
              6            011              0
              6            100              8
              6            101              5
              6            110              5
              6            111              0
              7            000              1
              7            001              5
              7            010              8
              7            011              2
              7            100              3
              7            101              7
              7            110              6
              7            111              0
              8            000              8
              8            001              8
              8            010              1
              8            011              1
              8            100              8
              8            101              8
              8            110              8
              8            111              5
