Eaten part = 0.236212
Start state = 6
Significant inputs: 1 2 5
Moves: 1 2 2 2 1 0 0 1 2
          state         inputs     next state
              0            000              6
              0            001              6
              0            010              7
              0            011              6
              0            100              2
              0            101              6
              0            110              6
              0            111              8
              1            000              7
              1            001              0
              1            010              8
              1            011              0
              1            100              6
              1            101              3
              1            110              0
              1            111              7
              2            000              3
              2            001              2
              2            010              4
              2            011              6
              2            100              7
              2            101              5
              2            110              1
              2            111              5
              3            000              6
              3            001              5
              3            010              3
              3            011              4
              3            100              6
              3            101              1
              3            110              8
              3            111              5
              4            000              5
              4            001              5
              4            010              2
              4            011              0
              4            100              6
              4            101              1
              4            110              0
              4            111              0
              5            000              6
              5            001              5
              5            010              7
              5            011              5
              5            100              5
              5            101              8
              5            110              0
              5            111              8
              6            000              5
              6            001              4
              6            010              0
              6            011              4
              6            100              6
              6            101              1
              6            110              0
              6            111              4
              7            000              4
              7            001              5
              7            010              7
              7            011              3
              7            100              5
              7            101              5
              7            110              5
              7            111              8
              8            000              2
              8            001              6
              8            010              0
              8            011              6
              8            100              2
              8            101              5
              8            110              7
              8            111              0
