Eaten part = 0.263434
Start state = 3
Significant inputs: 4 6 7
Moves: 2 0 0 0 0 0 1 0 0
          state         inputs     next state
              0            000              1
              0            001              6
              0            010              2
              0            011              2
              0            100              3
              0            101              4
              0            110              3
              0            111              0
              1            000              4
              1            001              4
              1            010              6
              1            011              6
              1            100              6
              1            101              7
              1            110              5
              1            111              6
              2            000              6
              2            001              8
              2            010              0
              2            011              7
              2            100              7
              2            101              6
              2            110              0
              2            111              5
              3            000              1
              3            001              4
              3            010              0
              3            011              5
              3            100              4
              3            101              4
              3            110              3
              3            111              7
              4            000              8
              4            001              8
              4            010              0
              4            011              2
              4            100              3
              4            101              1
              4            110              0
              4            111              1
              5            000              5
              5            001              3
              5            010              8
              5            011              7
              5            100              2
              5            101              4
              5            110              0
              5            111              7
              6            000              3
              6            001              4
              6            010              4
              6            011              2
              6            100              2
              6            101              4
              6            110              2
              6            111              5
              7            000              1
              7            001              7
              7            010              0
              7            011              1
              7            100              6
              7            101              5
              7            110              6
              7            111              5
              8            000              3
              8            001              3
              8            010              0
              8            011              0
              8            100              4
              8            101              7
              8            110              0
              8            111              5
