Eaten part = 0.327460
Start state = 4
Significant inputs: 2 4 6
Moves: 0 0 0 1 0 0 2 0 0
          state         inputs     next state
              0            000              1
              0            001              0
              0            010              1
              0            011              4
              0            100              6
              0            101              1
              0            110              8
              0            111              6
              1            000              4
              1            001              3
              1            010              4
              1            011              8
              1            100              6
              1            101              5
              1            110              4
              1            111              2
              2            000              4
              2            001              4
              2            010              4
              2            011              4
              2            100              2
              2            101              5
              2            110              6
              2            111              8
              3            000              2
              3            001              1
              3            010              0
              3            011              0
              3            100              7
              3            101              1
              3            110              2
              3            111              2
              4            000              4
              4            001              3
              4            010              4
              4            011              4
              4            100              6
              4            101              6
              4            110              0
              4            111              1
              5            000              3
              5            001              3
              5            010              7
              5            011              7
              5            100              0
              5            101              4
              5            110              7
              5            111              4
              6            000              8
              6            001              8
              6            010              0
              6            011              2
              6            100              4
              6            101              4
              6            110              8
              6            111              1
              7            000              1
              7            001              8
              7            010              0
              7            011              8
              7            100              7
              7            101              7
              7            110              1
              7            111              8
              8            000              4
              8            001              3
              8            010              0
              8            011              2
              8            100              7
              8            101              1
              8            110              8
              8            111              7
