Eaten part = 0.237108
Start state = 4
Significant inputs: 2 4 5
Moves: 0 0 1 1 0 0 0 0 0
          state         inputs     next state
              0            000              6
              0            001              7
              0            010              1
              0            011              0
              0            100              5
              0            101              8
              0            110              8
              0            111              4
              1            000              6
              1            001              7
              1            010              1
              1            011              2
              1            100              3
              1            101              1
              1            110              4
              1            111              1
              2            000              1
              2            001              8
              2            010              5
              2            011              6
              2            100              7
              2            101              1
              2            110              0
              2            111              6
              3            000              8
              3            001              6
              3            010              7
              3            011              7
              3            100              8
              3            101              5
              3            110              4
              3            111              2
              4            000              8
              4            001              2
              4            010              0
              4            011              8
              4            100              4
              4            101              3
              4            110              1
              4            111              2
              5            000              8
              5            001              2
              5            010              4
              5            011              0
              5            100              3
              5            101              8
              5            110              5
              5            111              1
              6            000              7
              6            001              8
              6            010              1
              6            011              8
              6            100              8
              6            101              2
              6            110              8
              6            111              1
              7            000              5
              7            001              3
              7            010              5
              7            011              5
              7            100              5
              7            101              8
              7            110              1
              7            111              3
              8            000              4
              8            001              3
              8            010              4
              8            011              0
              8            100              8
              8            101              1
              8            110              7
              8            111              0
