Eaten part = 0.291346
Start state = 8
Significant inputs: 2 6 7
Moves: 0 0 0 0 2 2 1 0 0
          state         inputs     next state
              0            000              7
              0            001              3
              0            010              8
              0            011              8
              0            100              7
              0            101              7
              0            110              5
              0            111              2
              1            000              8
              1            001              1
              1            010              4
              1            011              2
              1            100              4
              1            101              0
              1            110              2
              1            111              2
              2            000              8
              2            001              8
              2            010              4
              2            011              3
              2            100              2
              2            101              6
              2            110              4
              2            111              6
              3            000              0
              3            001              8
              3            010              4
              3            011              2
              3            100              4
              3            101              2
              3            110              0
              3            111              5
              4            000              7
              4            001              3
              4            010              8
              4            011              8
              4            100              2
              4            101              2
              4            110              3
              4            111              1
              5            000              2
              5            001              1
              5            010              8
              5            011              6
              5            100              8
              5            101              0
              5            110              1
              5            111              7
              6            000              0
              6            001              1
              6            010              7
              6            011              8
              6            100              2
              6            101              7
              6            110              2
              6            111              4
              7            000              7
              7            001              6
              7            010              4
              7            011              4
              7            100              2
              7            101              7
              7            110              5
              7            111              6
              8            000              7
              8            001              6
              8            010              4
              8            011              4
              8            100              8
              8            101              6
              8            110              0
              8            111              2
