Eaten part = 0.305220
Start state = 8
Significant inputs: 0 2 6
Moves: 0 0 0 0 0 0 2 1 0
          state         inputs     next state
              0            000              2
              0            001              2
              0            010              0
              0            011              2
              0            100              4
              0            101              3
              0            110              3
              0            111              0
              1            000              3
              1            001              2
              1            010              7
              1            011              5
              1            100              6
              1            101              3
              1            110              5
              1            111              6
              2            000              2
              2            001              2
              2            010              7
              2            011              7
              2            100              6
              2            101              6
              2            110              6
              2            111              6
              3            000              0
              3            001              4
              3            010              7
              3            011              5
              3            100              0
              3            101              1
              3            110              6
              3            111              6
              4            000              2
              4            001              3
              4            010              8
              4            011              6
              4            100              4
              4            101              6
              4            110              6
              4            111              8
              5            000              2
              5            001              1
              5            010              6
              5            011              4
              5            100              3
              5            101              8
              5            110              2
              5            111              3
              6            000              2
              6            001              5
              6            010              1
              6            011              5
              6            100              3
              6            101              1
              6            110              3
              6            111              3
              7            000              2
              7            001              8
              7            010              2
              7            011              8
              7            100              2
              7            101              2
              7            110              2
              7            111              4
              8            000              2
              8            001              3
              8            010              5
              8            011              0
              8            100              2
              8            101              0
              8            110              3
              8            111              5
