Eaten part = 0.237092
Start state = 2
Significant inputs: 0 2 5
Moves: 1 0 0 0 1 0 1 1 0
          state         inputs     next state
              0            000              6
              0            001              8
              0            010              7
              0            011              8
              0            100              6
              0            101              7
              0            110              7
              0            111              8
              1            000              8
              1            001              8
              1            010              1
              1            011              1
              1            100              3
              1            101              8
              1            110              1
              1            111              6
              2            000              2
              2            001              3
              2            010              6
              2            011              5
              2            100              1
              2            101              8
              2            110              1
              2            111              3
              3            000              3
              3            001              5
              3            010              4
              3            011              1
              3            100              0
              3            101              1
              3            110              3
              3            111              4
              4            000              5
              4            001              8
              4            010              2
              4            011              2
              4            100              1
              4            101              2
              4            110              0
              4            111              3
              5            000              3
              5            001              3
              5            010              8
              5            011              5
              5            100              3
              5            101              1
              5            110              6
              5            111              7
              6            000              8
              6            001              8
              6            010              5
              6            011              8
              6            100              8
              6            101              5
              6            110              8
              6            111              4
              7            000              8
              7            001              1
              7            010              5
              7            011              5
              7            100              0
              7            101              5
              7            110              2
              7            111              4
              8            000              5
              8            001              1
              8            010              7
              8            011              6
              8            100              5
              8            101              1
              8            110              5
              8            111              6
