Eaten part = 0.207653
Start state = 5
Significant inputs: 2 6 7
Moves: 2 0 0 1 2 1 2 1 1
          state         inputs     next state
              0            000              8
              0            001              1
              0            010              0
              0            011              0
              0            100              1
              0            101              1
              0            110              1
              0            111              0
              1            000              1
              1            001              5
              1            010              1
              1            011              1
              1            100              1
              1            101              8
              1            110              1
              1            111              0
              2            000              4
              2            001              0
              2            010              7
              2            011              0
              2            100              1
              2            101              4
              2            110              2
              2            111              7
              3            000              4
              3            001              6
              3            010              1
              3            011              6
              3            100              7
              3            101              0
              3            110              8
              3            111              1
              4            000              1
              4            001              8
              4            010              8
              4            011              7
              4            100              6
              4            101              5
              4            110              5
              4            111              1
              5            000              1
              5            001              1
              5            010              7
              5            011              2
              5            100              1
              5            101              3
              5            110              1
              5            111              0
              6            000              2
              6            001              5
              6            010              1
              6            011              2
              6            100              1
              6            101              6
              6            110              7
              6            111              1
              7            000              4
              7            001              3
              7            010              0
              7            011              8
              7            100              6
              7            101              0
              7            110              1
              7            111              8
              8            000              2
              8            001              2
              8            010              8
              8            011              3
              8            100              6
              8            101              7
              8            110              1
              8            111              5
