Eaten part = 0.254777
Start state = 0
Significant inputs: 4 6 7
Moves: 0 1 0 2 0 0 2 0 1
          state         inputs     next state
              0            000              4
              0            001              0
              0            010              3
              0            011              5
              0            100              5
              0            101              4
              0            110              1
              0            111              6
              1            000              4
              1            001              6
              1            010              3
              1            011              2
              1            100              5
              1            101              7
              1            110              1
              1            111              6
              2            000              5
              2            001              7
              2            010              8
              2            011              0
              2            100              4
              2            101              0
              2            110              6
              2            111              7
              3            000              7
              3            001              4
              3            010              5
              3            011              0
              3            100              5
              3            101              4
              3            110              5
              3            111              0
              4            000              0
              4            001              7
              4            010              6
              4            011              4
              4            100              1
              4            101              7
              4            110              3
              4            111              4
              5            000              1
              5            001              7
              5            010              7
              5            011              2
              5            100              3
              5            101              5
              5            110              6
              5            111              5
              6            000              0
              6            001              8
              6            010              4
              6            011              5
              6            100              5
              6            101              0
              6            110              0
              6            111              0
              7            000              4
              7            001              0
              7            010              3
              7            011              5
              7            100              6
              7            101              5
              7            110              6
              7            111              5
              8            000              0
              8            001              3
              8            010              5
              8            011              2
              8            100              5
              8            101              0
              8            110              8
              8            111              5
