Eaten part = 0.253671
Start state = 6
Significant inputs: 0 1 2
Moves: 1 2 0 0 0 0 0 0 1
          state         inputs     next state
              0            000              2
              0            001              2
              0            010              0
              0            011              7
              0            100              8
              0            101              3
              0            110              6
              0            111              5
              1            000              4
              1            001              6
              1            010              0
              1            011              0
              1            100              5
              1            101              8
              1            110              2
              1            111              1
              2            000              1
              2            001              1
              2            010              4
              2            011              8
              2            100              2
              2            101              5
              2            110              0
              2            111              2
              3            000              3
              3            001              6
              3            010              6
              3            011              3
              3            100              8
              3            101              4
              3            110              3
              3            111              0
              4            000              3
              4            001              1
              4            010              6
              4            011              3
              4            100              8
              4            101              1
              4            110              2
              4            111              2
              5            000              5
              5            001              1
              5            010              3
              5            011              4
              5            100              6
              5            101              3
              5            110              5
              5            111              0
              6            000              6
              6            001              6
              6            010              6
              6            011              5
              6            100              8
              6            101              8
              6            110              8
              6            111              2
              7            000              7
              7            001              6
              7            010              0
              7            011              2
              7            100              3
              7            101              7
              7            110              4
              7            111              8
              8            000              4
              8            001              5
              8            010              3
              8            011              6
              8            100              4
              8            101              1
              8            110              2
              8            111              2
