Eaten part = 0.226650
Start state = 3
Significant inputs: 0 2 7
Moves: 0 1 0 0 2 0 0 1 0
          state         inputs     next state
              0            000              3
              0            001              2
              0            010              5
              0            011              1
              0            100              2
              0            101              4
              0            110              8
              0            111              3
              1            000              4
              1            001              5
              1            010              3
              1            011              8
              1            100              5
              1            101              4
              1            110              8
              1            111              4
              2            000              2
              2            001              4
              2            010              7
              2            011              3
              2            100              3
              2            101              3
              2            110              2
              2            111              7
              3            000              3
              3            001              0
              3            010              7
              3            011              2
              3            100              2
              3            101              6
              3            110              7
              3            111              2
              4            000              2
              4            001              0
              4            010              0
              4            011              5
              4            100              8
              4            101              6
              4            110              0
              4            111              5
              5            000              5
              5            001              4
              5            010              2
              5            011              6
              5            100              3
              5            101              3
              5            110              4
              5            111              0
              6            000              4
              6            001              0
              6            010              0
              6            011              7
              6            100              7
              6            101              0
              6            110              0
              6            111              0
              7            000              3
              7            001              8
              7            010              2
              7            011              5
              7            100              3
              7            101              1
              7            110              5
              7            111              2
              8            000              2
              8            001              8
              8            010              8
              8            011              1
              8            100              6
              8            101              2
              8            110              8
              8            111              2
