Eaten part = 0.226494
Start state = 3
Significant inputs: 2 3 5
Moves: 0 1 2 0 0 0 0 1 0
          state         inputs     next state
              0            000              5
              0            001              1
              0            010              8
              0            011              1
              0            100              0
              0            101              2
              0            110              8
              0            111              0
              1            000              5
              1            001              3
              1            010              8
              1            011              7
              1            100              5
              1            101              8
              1            110              7
              1            111              4
              2            000              3
              2            001              1
              2            010              7
              2            011              6
              2            100              4
              2            101              2
              2            110              5
              2            111              6
              3            000              0
              3            001              1
              3            010              4
              3            011              1
              3            100              7
              3            101              4
              3            110              0
              3            111              1
              4            000              4
              4            001              1
              4            010              0
              4            011              7
              4            100              2
              4            101              7
              4            110              4
              4            111              0
              5            000              8
              5            001              7
              5            010              8
              5            011              3
              5            100              8
              5            101              0
              5            110              6
              5            111              0
              6            000              5
              6            001              5
              6            010              3
              6            011              5
              6            100              2
              6            101              8
              6            110              7
              6            111              6
              7            000              5
              7            001              0
              7            010              2
              7            011              1
              7            100              4
              7            101              8
              7            110              7
              7            111              3
              8            000              3
              8            001              7
              8            010              0
              8            011              0
              8            100              6
              8            101              6
              8            110              5
              8            111              1
