Eaten part = 0.305424
Start state = 2
Significant inputs: 2 5 6
Moves: 2 2 0 0 1 2 0 2 1
          state         inputs     next state
              0            000              1
              0            001              6
              0            010              1
              0            011              6
              0            100              2
              0            101              6
              0            110              7
              0            111              8
              1            000              3
              1            001              8
              1            010              4
              1            011              2
              1            100              7
              1            101              7
              1            110              2
              1            111              5
              2            000              2
              2            001              4
              2            010              2
              2            011              3
              2            100              5
              2            101              5
              2            110              7
              2            111              8
              3            000              2
              3            001              4
              3            010              3
              3            011              3
              3            100              5
              3            101              1
              3            110              6
              3            111              2
              4            000              6
              4            001              2
              4            010              4
              4            011              5
              4            100              2
              4            101              2
              4            110              2
              4            111              8
              5            000              6
              5            001              2
              5            010              2
              5            011              6
              5            100              0
              5            101              6
              5            110              2
              5            111              2
              6            000              2
              6            001              2
              6            010              2
              6            011              4
              6            100              7
              6            101              1
              6            110              0
              6            111              7
              7            000              6
              7            001              0
              7            010              2
              7            011              2
              7            100              5
              7            101              3
              7            110              3
              7            111              2
              8            000              0
              8            001              7
              8            010              8
              8            011              3
              8            100              2
              8            101              1
              8            110              2
              8            111              5
