Eaten part = 0.191071
Start state = 5
Significant inputs: 0 3 4
Moves: 0 2 1 0 0 0 0 0 0
          state         inputs     next state
              0            000              1
              0            001              6
              0            010              5
              0            011              6
              0            100              7
              0            101              6
              0            110              5
              0            111              4
              1            000              4
              1            001              1
              1            010              4
              1            011              3
              1            100              8
              1            101              1
              1            110              3
              1            111              1
              2            000              6
              2            001              5
              2            010              2
              2            011              3
              2            100              8
              2            101              7
              2            110              0
              2            111              5
              3            000              2
              3            001              4
              3            010              6
              3            011              1
              3            100              8
              3            101              0
              3            110              5
              3            111              2
              4            000              8
              4            001              5
              4            010              6
              4            011              8
              4            100              4
              4            101              2
              4            110              3
              4            111              6
              5            000              5
              5            001              2
              5            010              0
              5            011              4
              5            100              7
              5            101              7
              5            110              8
              5            111              4
              6            000              5
              6            001              4
              6            010              2
              6            011              1
              6            100              5
              6            101              8
              6            110              4
              6            111              8
              7            000              3
              7            001              8
              7            010              0
              7            011              7
              7            100              8
              7            101              5
              7            110              3
              7            111              7
              8            000              7
              8            001              5
              8            010              8
              8            011              5
              8            100              6
              8            101              5
              8            110              3
              8            111              4
