Eaten part = 0.271321
Start state = 3
Significant inputs: 2 3 4
Moves: 0 1 0 1 0 0 0 0 2
          state         inputs     next state
              0            000              4
              0            001              8
              0            010              5
              0            011              4
              0            100              4
              0            101              4
              0            110              2
              0            111              6
              1            000              0
              1            001              2
              1            010              4
              1            011              0
              1            100              0
              1            101              2
              1            110              2
              1            111              4
              2            000              7
              2            001              1
              2            010              8
              2            011              3
              2            100              8
              2            101              3
              2            110              5
              2            111              6
              3            000              2
              3            001              2
              3            010              5
              3            011              4
              3            100              0
              3            101              5
              3            110              4
              3            111              7
              4            000              5
              4            001              1
              4            010              4
              4            011              1
              4            100              4
              4            101              5
              4            110              2
              4            111              0
              5            000              4
              5            001              3
              5            010              5
              5            011              3
              5            100              5
              5            101              6
              5            110              2
              5            111              4
              6            000              4
              6            001              4
              6            010              5
              6            011              5
              6            100              3
              6            101              7
              6            110              5
              6            111              5
              7            000              4
              7            001              8
              7            010              4
              7            011              3
              7            100              4
              7            101              7
              7            110              7
              7            111              3
              8            000              4
              8            001              7
              8            010              6
              8            011              3
              8            100              7
              8            101              4
              8            110              6
              8            111              1
