Eaten part = 0.223054
Start state = 6
Significant inputs: 1 3 6
Moves: 0 0 0 0 2 0 0 0 1
          state         inputs     next state
              0            000              2
              0            001              6
              0            010              7
              0            011              2
              0            100              0
              0            101              2
              0            110              4
              0            111              7
              1            000              1
              1            001              7
              1            010              3
              1            011              7
              1            100              6
              1            101              2
              1            110              2
              1            111              7
              2            000              7
              2            001              4
              2            010              1
              2            011              3
              2            100              3
              2            101              6
              2            110              1
              2            111              2
              3            000              0
              3            001              1
              3            010              3
              3            011              2
              3            100              5
              3            101              1
              3            110              0
              3            111              8
              4            000              0
              4            001              7
              4            010              0
              4            011              2
              4            100              3
              4            101              1
              4            110              2
              4            111              8
              5            000              1
              5            001              5
              5            010              6
              5            011              0
              5            100              5
              5            101              6
              5            110              6
              5            111              3
              6            000              7
              6            001              0
              6            010              6
              6            011              3
              6            100              8
              6            101              7
              6            110              8
              6            111              4
              7            000              7
              7            001              6
              7            010              7
              7            011              0
              7            100              4
              7            101              4
              7            110              7
              7            111              6
              8            000              2
              8            001              7
              8            010              1
              8            011              1
              8            100              1
              8            101              7
              8            110              0
              8            111              2
