Eaten part = 0.231857
Start state = 7
Significant inputs: 0 6 7
Moves: 0 1 0 2 0 0 0 0 2
          state         inputs     next state
              0            000              7
              0            001              4
              0            010              3
              0            011              8
              0            100              6
              0            101              4
              0            110              3
              0            111              5
              1            000              4
              1            001              0
              1            010              1
              1            011              2
              1            100              5
              1            101              0
              1            110              5
              1            111              7
              2            000              2
              2            001              4
              2            010              5
              2            011              3
              2            100              5
              2            101              4
              2            110              7
              2            111              4
              3            000              0
              3            001              2
              3            010              2
              3            011              4
              3            100              0
              3            101              4
              3            110              6
              3            111              2
              4            000              5
              4            001              0
              4            010              3
              4            011              8
              4            100              4
              4            101              3
              4            110              8
              4            111              8
              5            000              4
              5            001              0
              5            010              3
              5            011              1
              5            100              0
              5            101              0
              5            110              2
              5            111              8
              6            000              7
              6            001              1
              6            010              5
              6            011              4
              6            100              4
              6            101              1
              6            110              1
              6            111              3
              7            000              0
              7            001              7
              7            010              8
              7            011              4
              7            100              6
              7            101              7
              7            110              4
              7            111              8
              8            000              2
              8            001              7
              8            010              6
              8            011              6
              8            100              7
              8            101              7
              8            110              2
              8            111              4
