Eaten part = 0.262828
Start state = 8
Significant inputs: 3 5 6
Moves: 0 0 1 0 1 0 0 2 0
          state         inputs     next state
              0            000              3
              0            001              2
              0            010              4
              0            011              6
              0            100              7
              0            101              5
              0            110              7
              0            111              1
              1            000              4
              1            001              6
              1            010              2
              1            011              6
              1            100              1
              1            101              7
              1            110              5
              1            111              6
              2            000              1
              2            001              3
              2            010              0
              2            011              0
              2            100              5
              2            101              7
              2            110              2
              2            111              1
              3            000              3
              3            001              3
              3            010              3
              3            011              6
              3            100              7
              3            101              7
              3            110              4
              3            111              5
              4            000              6
              4            001              7
              4            010              6
              4            011              2
              4            100              2
              4            101              3
              4            110              2
              4            111              8
              5            000              4
              5            001              5
              5            010              3
              5            011              8
              5            100              6
              5            101              8
              5            110              0
              5            111              7
              6            000              3
              6            001              6
              6            010              5
              6            011              0
              6            100              1
              6            101              8
              6            110              1
              6            111              1
              7            000              6
              7            001              2
              7            010              3
              7            011              1
              7            100              0
              7            101              2
              7            110              0
              7            111              1
              8            000              3
              8            001              0
              8            010              4
              8            011              3
              8            100              3
              8            101              3
              8            110              5
              8            111              6
