Eaten part = 0.182453
Start state = 0
Significant inputs: 0 1 4
Moves: 0 0 2 0 0 0 2 2 0
          state         inputs     next state
              0            000              3
              0            001              6
              0            010              4
              0            011              7
              0            100              4
              0            101              8
              0            110              8
              0            111              3
              1            000              4
              1            001              1
              1            010              0
              1            011              4
              1            100              1
              1            101              3
              1            110              3
              1            111              3
              2            000              1
              2            001              5
              2            010              2
              2            011              2
              2            100              4
              2            101              5
              2            110              8
              2            111              1
              3            000              8
              3            001              7
              3            010              8
              3            011              8
              3            100              8
              3            101              3
              3            110              8
              3            111              7
              4            000              5
              4            001              8
              4            010              7
              4            011              7
              4            100              1
              4            101              5
              4            110              4
              4            111              1
              5            000              4
              5            001              5
              5            010              3
              5            011              5
              5            100              0
              5            101              3
              5            110              2
              5            111              8
              6            000              1
              6            001              1
              6            010              0
              6            011              7
              6            100              3
              6            101              8
              6            110              7
              6            111              6
              7            000              1
              7            001              0
              7            010              0
              7            011              6
              7            100              4
              7            101              7
              7            110              1
              7            111              0
              8            000              0
              8            001              5
              8            010              5
              8            011              0
              8            100              3
              8            101              0
              8            110              8
              8            111              1
