Eaten part = 0.291248
Start state = 0
Significant inputs: 1 2 6
Moves: 0 0 0 0 1 0 0 2 0
          state         inputs     next state
              0            000              0
              0            001              3
              0            010              4
              0            011              8
              0            100              6
              0            101              5
              0            110              6
              0            111              0
              1            000              1
              1            001              2
              1            010              4
              1            011              2
              1            100              7
              1            101              5
              1            110              7
              1            111              5
              2            000              1
              2            001              1
              2            010              3
              2            011              0
              2            100              7
              2            101              1
              2            110              1
              2            111              5
              3            000              2
              3            001              3
              3            010              4
              3            011              4
              3            100              7
              3            101              0
              3            110              6
              3            111              2
              4            000              4
              4            001              8
              4            010              5
              4            011              8
              4            100              1
              4            101              3
              4            110              1
              4            111              8
              5            000              1
              5            001              1
              5            010              2
              5            011              2
              5            100              7
              5            101              7
              5            110              8
              5            111              4
              6            000              1
              6            001              3
              6            010              1
              6            011              5
              6            100              3
              6            101              5
              6            110              8
              6            111              7
              7            000              6
              7            001              2
              7            010              1
              7            011              1
              7            100              1
              7            101              1
              7            110              5
              7            111              2
              8            000              1
              8            001              8
              8            010              2
              8            011              7
              8            100              2
              8            101              0
              8            110              4
              8            111              0
