Eaten part = 0.310705
Start state = 1
Significant inputs: 2 4 6
Moves: 0 0 0 0 0 0 1 0 2
          state         inputs     next state
              0            000              0
              0            001              6
              0            010              0
              0            011              3
              0            100              8
              0            101              8
              0            110              0
              0            111              5
              1            000              4
              1            001              4
              1            010              4
              1            011              0
              1            100              8
              1            101              2
              1            110              6
              1            111              8
              2            000              4
              2            001              1
              2            010              5
              2            011              8
              2            100              4
              2            101              3
              2            110              6
              2            111              4
              3            000              3
              3            001              6
              3            010              4
              3            011              1
              3            100              8
              3            101              8
              3            110              3
              3            111              7
              4            000              3
              4            001              6
              4            010              3
              4            011              3
              4            100              8
              4            101              6
              4            110              1
              4            111              0
              5            000              6
              5            001              4
              5            010              4
              5            011              3
              5            100              4
              5            101              8
              5            110              1
              5            111              1
              6            000              1
              6            001              4
              6            010              3
              6            011              0
              6            100              0
              6            101              3
              6            110              7
              6            111              5
              7            000              0
              7            001              4
              7            010              2
              7            011              2
              7            100              0
              7            101              3
              7            110              5
              7            111              3
              8            000              0
              8            001              5
              8            010              0
              8            011              1
              8            100              1
              8            101              5
              8            110              3
              8            111              4
