Eaten part = 0.244273
Start state = 8
Significant inputs: 1 4 6
Moves: 0 0 0 2 2 0 1 0 0
          state         inputs     next state
              0            000              0
              0            001              8
              0            010              0
              0            011              5
              0            100              4
              0            101              7
              0            110              7
              0            111              1
              1            000              5
              1            001              1
              1            010              0
              1            011              8
              1            100              1
              1            101              8
              1            110              4
              1            111              2
              2            000              2
              2            001              4
              2            010              5
              2            011              7
              2            100              4
              2            101              8
              2            110              6
              2            111              2
              3            000              8
              3            001              7
              3            010              0
              3            011              2
              3            100              2
              3            101              4
              3            110              2
              3            111              1
              4            000              0
              4            001              8
              4            010              0
              4            011              0
              4            100              8
              4            101              0
              4            110              0
              4            111              0
              5            000              8
              5            001              2
              5            010              1
              5            011              1
              5            100              3
              5            101              4
              5            110              5
              5            111              6
              6            000              6
              6            001              7
              6            010              2
              6            011              8
              6            100              7
              6            101              1
              6            110              4
              6            111              0
              7            000              0
              7            001              6
              7            010              8
              7            011              0
              7            100              5
              7            101              5
              7            110              8
              7            111              4
              8            000              0
              8            001              4
              8            010              8
              8            011              1
              8            100              4
              8            101              1
              8            110              8
              8            111              8
