Eaten part = 0.246652
Start state = 7
Significant inputs: 1 4 6
Moves: 0 0 0 0 0 0 1 2 0
          state         inputs     next state
              0            000              1
              0            001              8
              0            010              4
              0            011              3
              0            100              8
              0            101              4
              0            110              3
              0            111              6
              1            000              1
              1            001              7
              1            010              4
              1            011              4
              1            100              7
              1            101              0
              1            110              2
              1            111              3
              2            000              4
              2            001              4
              2            010              4
              2            011              1
              2            100              2
              2            101              0
              2            110              2
              2            111              6
              3            000              6
              3            001              3
              3            010              4
              3            011              2
              3            100              2
              3            101              0
              3            110              7
              3            111              4
              4            000              4
              4            001              2
              4            010              3
              4            011              0
              4            100              7
              4            101              1
              4            110              1
              4            111              2
              5            000              1
              5            001              2
              5            010              0
              5            011              8
              5            100              6
              5            101              8
              5            110              5
              5            111              2
              6            000              0
              6            001              2
              6            010              0
              6            011              2
              6            100              2
              6            101              1
              6            110              0
              6            111              4
              7            000              2
              7            001              1
              7            010              2
              7            011              5
              7            100              3
              7            101              3
              7            110              3
              7            111              5
              8            000              1
              8            001              1
              8            010              5
              8            011              0
              8            100              4
              8            101              6
              8            110              2
              8            111              6
