Eaten part = 0.248174
Start state = 4
Significant inputs: 2 4 5
Moves: 0 0 0 0 0 2 0 1 0
          state         inputs     next state
              0            000              0
              0            001              7
              0            010              0
              0            011              8
              0            100              0
              0            101              7
              0            110              2
              0            111              3
              1            000              8
              1            001              2
              1            010              1
              1            011              0
              1            100              0
              1            101              0
              1            110              2
              1            111              2
              2            000              8
              2            001              0
              2            010              4
              2            011              6
              2            100              0
              2            101              0
              2            110              2
              2            111              8
              3            000              6
              3            001              4
              3            010              2
              3            011              3
              3            100              3
              3            101              7
              3            110              7
              3            111              5
              4            000              5
              4            001              2
              4            010              0
              4            011              2
              4            100              5
              4            101              6
              4            110              8
              4            111              0
              5            000              1
              5            001              0
              5            010              1
              5            011              7
              5            100              6
              5            101              2
              5            110              3
              5            111              0
              6            000              0
              6            001              1
              6            010              1
              6            011              2
              6            100              3
              6            101              5
              6            110              2
              6            111              2
              7            000              2
              7            001              0
              7            010              5
              7            011              3
              7            100              0
              7            101              0
              7            110              2
              7            111              3
              8            000              0
              8            001              4
              8            010              1
              8            011              2
              8            100              0
              8            101              0
              8            110              8
              8            111              8
