Eaten part = 0.251079
Start state = 4
Significant inputs: 4 6 7
Moves: 2 0 0 0 0 0 0 2 0
          state         inputs     next state
              0            000              8
              0            001              2
              0            010              8
              0            011              8
              0            100              8
              0            101              2
              0            110              6
              0            111              6
              1            000              2
              1            001              7
              1            010              4
              1            011              6
              1            100              0
              1            101              0
              1            110              3
              1            111              2
              2            000              2
              2            001              6
              2            010              3
              2            011              2
              2            100              0
              2            101              5
              2            110              8
              2            111              6
              3            000              8
              3            001              8
              3            010              0
              3            011              8
              3            100              5
              3            101              6
              3            110              7
              3            111              0
              4            000              5
              4            001              5
              4            010              5
              4            011              3
              4            100              2
              4            101              3
              4            110              1
              4            111              6
              5            000              3
              5            001              5
              5            010              7
              5            011              3
              5            100              7
              5            101              5
              5            110              0
              5            111              5
              6            000              8
              6            001              4
              6            010              7
              6            011              6
              6            100              8
              6            101              5
              6            110              0
              6            111              2
              7            000              6
              7            001              2
              7            010              6
              7            011              6
              7            100              5
              7            101              5
              7            110              5
              7            111              5
              8            000              8
              8            001              3
              8            010              7
              8            011              4
              8            100              3
              8            101              8
              8            110              7
              8            111              3
