Eaten part = 0.272277
Start state = 1
Significant inputs: 3 4 6
Moves: 0 0 2 2 2 1 0 0 2
          state         inputs     next state
              0            000              1
              0            001              5
              0            010              6
              0            011              0
              0            100              2
              0            101              4
              0            110              8
              0            111              0
              1            000              6
              1            001              6
              1            010              1
              1            011              7
              1            100              2
              1            101              3
              1            110              6
              1            111              6
              2            000              1
              2            001              3
              2            010              6
              2            011              3
              2            100              0
              2            101              6
              2            110              6
              2            111              5
              3            000              1
              3            001              6
              3            010              0
              3            011              8
              3            100              0
              3            101              2
              3            110              3
              3            111              5
              4            000              1
              4            001              6
              4            010              7
              4            011              0
              4            100              6
              4            101              0
              4            110              0
              4            111              2
              5            000              0
              5            001              4
              5            010              7
              5            011              6
              5            100              0
              5            101              0
              5            110              1
              5            111              8
              6            000              1
              6            001              5
              6            010              7
              6            011              6
              6            100              2
              6            101              6
              6            110              0
              6            111              1
              7            000              0
              7            001              1
              7            010              1
              7            011              6
              7            100              4
              7            101              2
              7            110              3
              7            111              0
              8            000              3
              8            001              1
              8            010              7
              8            011              7
              8            100              2
              8            101              0
              8            110              8
              8            111              5
