Eaten part = 0.308997
Start state = 3
Significant inputs: 1 2 6
Moves: 0 0 1 0 1 0 0 0 2
          state         inputs     next state
              0            000              0
              0            001              0
              0            010              2
              0            011              5
              0            100              8
              0            101              5
              0            110              2
              0            111              1
              1            000              1
              1            001              1
              1            010              2
              1            011              0
              1            100              8
              1            101              2
              1            110              5
              1            111              8
              2            000              6
              2            001              3
              2            010              3
              2            011              1
              2            100              2
              2            101              5
              2            110              2
              2            111              1
              3            000              1
              3            001              2
              3            010              7
              3            011              3
              3            100              3
              3            101              5
              3            110              0
              3            111              0
              4            000              5
              4            001              6
              4            010              4
              4            011              1
              4            100              3
              4            101              6
              4            110              6
              4            111              0
              5            000              3
              5            001              6
              5            010              7
              5            011              8
              5            100              3
              5            101              7
              5            110              8
              5            111              0
              6            000              0
              6            001              0
              6            010              4
              6            011              2
              6            100              0
              6            101              5
              6            110              2
              6            111              6
              7            000              8
              7            001              6
              7            010              2
              7            011              4
              7            100              3
              7            101              2
              7            110              3
              7            111              0
              8            000              0
              8            001              3
              8            010              0
              8            011              7
              8            100              6
              8            101              0
              8            110              3
              8            111              6
