Eaten part = 0.268936
Start state = 2
Significant inputs: 0 2 6
Moves: 0 0 0 2 1 1 0 0 2
          state         inputs     next state
              0            000              0
              0            001              7
              0            010              5
              0            011              1
              0            100              6
              0            101              0
              0            110              1
              0            111              8
              1            000              6
              1            001              0
              1            010              5
              1            011              4
              1            100              1
              1            101              1
              1            110              4
              1            111              8
              2            000              6
              2            001              6
              2            010              5
              2            011              2
              2            100              1
              2            101              1
              2            110              4
              2            111              5
              3            000              1
              3            001              7
              3            010              5
              3            011              5
              3            100              7
              3            101              6
              3            110              0
              3            111              5
              4            000              2
              4            001              6
              4            010              7
              4            011              6
              4            100              6
              4            101              6
              4            110              7
              4            111              7
              5            000              2
              5            001              2
              5            010              6
              5            011              0
              5            100              1
              5            101              4
              5            110              3
              5            111              8
              6            000              6
              6            001              1
              6            010              4
              6            011              6
              6            100              3
              6            101              3
              6            110              5
              6            111              6
              7            000              1
              7            001              4
              7            010              0
              7            011              1
              7            100              7
              7            101              2
              7            110              4
              7            111              8
              8            000              2
              8            001              0
              8            010              5
              8            011              1
              8            100              2
              8            101              8
              8            110              3
              8            111              8
