Eaten part = 0.313915
Start state = 6
Significant inputs: 2 4 6
Moves: 1 2 0 2 2 0 0 0 0
          state         inputs     next state
              0            000              8
              0            001              7
              0            010              8
              0            011              6
              0            100              6
              0            101              8
              0            110              6
              0            111              3
              1            000              5
              1            001              8
              1            010              7
              1            011              7
              1            100              0
              1            101              4
              1            110              7
              1            111              2
              2            000              7
              2            001              0
              2            010              1
              2            011              0
              2            100              0
              2            101              5
              2            110              1
              2            111              8
              3            000              8
              3            001              6
              3            010              8
              3            011              5
              3            100              6
              3            101              2
              3            110              8
              3            111              1
              4            000              0
              4            001              8
              4            010              6
              4            011              6
              4            100              2
              4            101              7
              4            110              8
              4            111              5
              5            000              7
              5            001              2
              5            010              0
              5            011              3
              5            100              6
              5            101              1
              5            110              3
              5            111              6
              6            000              6
              6            001              0
              6            010              6
              6            011              6
              6            100              3
              6            101              3
              6            110              8
              6            111              7
              7            000              3
              7            001              5
              7            010              5
              7            011              7
              7            100              3
              7            101              6
              7            110              7
              7            111              3
              8            000              6
              8            001              0
              8            010              8
              8            011              8
              8            100              3
              8            101              4
              8            110              7
              8            111              8
