Eaten part = 0.254851
Start state = 7
Significant inputs: 1 4 6
Moves: 0 2 0 0 0 0 2 1 0
          state         inputs     next state
              0            000              5
              0            001              4
              0            010              8
              0            011              2
              0            100              1
              0            101              2
              0            110              6
              0            111              5
              1            000              5
              1            001              5
              1            010              4
              1            011              5
              1            100              4
              1            101              8
              1            110              2
              1            111              3
              2            000              2
              2            001              5
              2            010              5
              2            011              3
              2            100              0
              2            101              5
              2            110              7
              2            111              7
              3            000              3
              3            001              1
              3            010              7
              3            011              8
              3            100              6
              3            101              5
              3            110              4
              3            111              4
              4            000              7
              4            001              8
              4            010              7
              4            011              2
              4            100              8
              4            101              6
              4            110              4
              4            111              6
              5            000              5
              5            001              0
              5            010              0
              5            011              0
              5            100              1
              5            101              1
              5            110              5
              5            111              4
              6            000              4
              6            001              4
              6            010              4
              6            011              7
              6            100              2
              6            101              8
              6            110              8
              6            111              6
              7            000              5
              7            001              5
              7            010              5
              7            011              3
              7            100              2
              7            101              8
              7            110              6
              7            111              5
              8            000              7
              8            001              7
              8            010              5
              8            011              5
              8            100              7
              8            101              0
              8            110              3
              8            111              7
