Eaten part = 0.271685
Start state = 8
Significant inputs: 3 4 6
Moves: 0 2 1 0 2 0 2 0 0
          state         inputs     next state
              0            000              3
              0            001              2
              0            010              4
              0            011              2
              0            100              3
              0            101              7
              0            110              0
              0            111              7
              1            000              0
              1            001              3
              1            010              5
              1            011              3
              1            100              7
              1            101              5
              1            110              8
              1            111              6
              2            000              7
              2            001              8
              2            010              5
              2            011              8
              2            100              7
              2            101              2
              2            110              8
              2            111              1
              3            000              2
              3            001              5
              3            010              7
              3            011              7
              3            100              2
              3            101              4
              3            110              5
              3            111              1
              4            000              3
              4            001              3
              4            010              0
              4            011              2
              4            100              6
              4            101              2
              4            110              6
              4            111              2
              5            000              7
              5            001              6
              5            010              7
              5            011              2
              5            100              6
              5            101              1
              5            110              8
              5            111              3
              6            000              7
              6            001              4
              6            010              8
              6            011              7
              6            100              8
              6            101              1
              6            110              0
              6            111              1
              7            000              7
              7            001              7
              7            010              8
              7            011              8
              7            100              6
              7            101              6
              7            110              7
              7            111              5
              8            000              7
              8            001              2
              8            010              3
              8            011              7
              8            100              0
              8            101              6
              8            110              7
              8            111              5
