Eaten part = 0.245202
Start state = 7
Significant inputs: 1 2 4
Moves: 2 1 0 2 0 0 1 2 0
          state         inputs     next state
              0            000              8
              0            001              6
              0            010              4
              0            011              2
              0            100              6
              0            101              6
              0            110              6
              0            111              7
              1            000              8
              1            001              8
              1            010              5
              1            011              8
              1            100              0
              1            101              8
              1            110              0
              1            111              4
              2            000              8
              2            001              5
              2            010              6
              2            011              3
              2            100              2
              2            101              5
              2            110              6
              2            111              8
              3            000              5
              3            001              1
              3            010              4
              3            011              4
              3            100              8
              3            101              4
              3            110              0
              3            111              6
              4            000              8
              4            001              4
              4            010              1
              4            011              1
              4            100              5
              4            101              4
              4            110              2
              4            111              8
              5            000              5
              5            001              1
              5            010              1
              5            011              3
              5            100              2
              5            101              0
              5            110              2
              5            111              6
              6            000              8
              6            001              2
              6            010              3
              6            011              8
              6            100              6
              6            101              1
              6            110              5
              6            111              8
              7            000              1
              7            001              2
              7            010              4
              7            011              5
              7            100              8
              7            101              3
              7            110              1
              7            111              8
              8            000              5
              8            001              1
              8            010              2
              8            011              4
              8            100              5
              8            101              8
              8            110              4
              8            111              6
