Eaten part = 0.271712
Start state = 0
Significant inputs: 2 6 7
Moves: 1 0 0 0 0 0 0 1 2
          state         inputs     next state
              0            000              4
              0            001              3
              0            010              3
              0            011              2
              0            100              3
              0            101              1
              0            110              3
              0            111              3
              1            000              2
              1            001              3
              1            010              8
              1            011              7
              1            100              6
              1            101              0
              1            110              1
              1            111              2
              2            000              6
              2            001              0
              2            010              8
              2            011              6
              2            100              1
              2            101              1
              2            110              1
              2            111              3
              3            000              2
              3            001              6
              3            010              1
              3            011              7
              3            100              8
              3            101              0
              3            110              3
              3            111              5
              4            000              1
              4            001              1
              4            010              6
              4            011              2
              4            100              1
              4            101              5
              4            110              7
              4            111              7
              5            000              3
              5            001              3
              5            010              2
              5            011              4
              5            100              5
              5            101              4
              5            110              2
              5            111              4
              6            000              2
              6            001              7
              6            010              8
              6            011              6
              6            100              1
              6            101              0
              6            110              5
              6            111              3
              7            000              4
              7            001              3
              7            010              3
              7            011              6
              7            100              3
              7            101              6
              7            110              6
              7            111              6
              8            000              6
              8            001              6
              8            010              1
              8            011              8
              8            100              6
              8            101              6
              8            110              3
              8            111              1
