Eaten part = 0.273039
Start state = 7
Significant inputs: 2 6 7
Moves: 0 2 0 1 0 0 0 1 0
          state         inputs     next state
              0            000              5
              0            001              5
              0            010              2
              0            011              6
              0            100              7
              0            101              8
              0            110              6
              0            111              5
              1            000              0
              1            001              0
              1            010              4
              1            011              7
              1            100              5
              1            101              6
              1            110              8
              1            111              8
              2            000              5
              2            001              1
              2            010              5
              2            011              0
              2            100              8
              2            101              0
              2            110              4
              2            111              8
              3            000              8
              3            001              1
              3            010              7
              3            011              3
              3            100              8
              3            101              3
              3            110              5
              3            111              2
              4            000              5
              4            001              4
              4            010              2
              4            011              8
              4            100              5
              4            101              3
              4            110              8
              4            111              7
              5            000              5
              5            001              7
              5            010              1
              5            011              7
              5            100              5
              5            101              7
              5            110              0
              5            111              8
              6            000              2
              6            001              2
              6            010              4
              6            011              2
              6            100              8
              6            101              0
              6            110              0
              6            111              1
              7            000              8
              7            001              2
              7            010              8
              7            011              5
              7            100              8
              7            101              5
              7            110              0
              7            111              1
              8            000              5
              8            001              5
              8            010              5
              8            011              1
              8            100              2
              8            101              0
              8            110              3
              8            111              6
