Eaten part = 0.246880
Start state = 6
Significant inputs: 3 4 6
Moves: 0 0 0 2 1 2 0 0 0
          state         inputs     next state
              0            000              4
              0            001              0
              0            010              2
              0            011              7
              0            100              3
              0            101              2
              0            110              8
              0            111              8
              1            000              0
              1            001              4
              1            010              5
              1            011              8
              1            100              2
              1            101              4
              1            110              3
              1            111              7
              2            000              2
              2            001              6
              2            010              6
              2            011              0
              2            100              3
              2            101              7
              2            110              2
              2            111              0
              3            000              0
              3            001              8
              3            010              8
              3            011              2
              3            100              0
              3            101              3
              3            110              8
              3            111              2
              4            000              2
              4            001              8
              4            010              6
              4            011              6
              4            100              2
              4            101              8
              4            110              3
              4            111              0
              5            000              4
              5            001              2
              5            010              4
              5            011              0
              5            100              1
              5            101              5
              5            110              8
              5            111              3
              6            000              2
              6            001              0
              6            010              6
              6            011              2
              6            100              3
              6            101              3
              6            110              6
              6            111              7
              7            000              4
              7            001              7
              7            010              6
              7            011              8
              7            100              8
              7            101              0
              7            110              8
              7            111              0
              8            000              5
              8            001              6
              8            010              1
              8            011              6
              8            100              6
              8            101              2
              8            110              7
              8            111              1
