Eaten part = 0.243120
Start state = 1
Significant inputs: 5 6 7
Moves: 0 1 0 2 1 0 0 0 2
          state         inputs     next state
              0            000              0
              0            001              2
              0            010              8
              0            011              0
              0            100              6
              0            101              4
              0            110              2
              0            111              8
              1            000              0
              1            001              8
              1            010              1
              1            011              7
              1            100              0
              1            101              7
              1            110              6
              1            111              6
              2            000              2
              2            001              2
              2            010              8
              2            011              6
              2            100              2
              2            101              3
              2            110              4
              2            111              0
              3            000              1
              3            001              0
              3            010              1
              3            011              6
              3            100              3
              3            101              2
              3            110              2
              3            111              0
              4            000              7
              4            001              2
              4            010              1
              4            011              7
              4            100              8
              4            101              8
              4            110              1
              4            111              6
              5            000              2
              5            001              6
              5            010              0
              5            011              6
              5            100              3
              5            101              7
              5            110              1
              5            111              6
              6            000              2
              6            001              5
              6            010              7
              6            011              3
              6            100              2
              6            101              0
              6            110              7
              6            111              5
              7            000              5
              7            001              8
              7            010              6
              7            011              3
              7            100              4
              7            101              0
              7            110              3
              7            111              5
              8            000              3
              8            001              6
              8            010              3
              8            011              5
              8            100              7
              8            101              7
              8            110              4
              8            111              5
