Eaten part = 0.230118
Start state = 7
Significant inputs: 0 1 2
Moves: 1 0 0 1 0 0 0 1 0
          state         inputs     next state
              0            000              4
              0            001              5
              0            010              6
              0            011              2
              0            100              6
              0            101              2
              0            110              1
              0            111              3
              1            000              8
              1            001              5
              1            010              5
              1            011              0
              1            100              7
              1            101              5
              1            110              5
              1            111              2
              2            000              8
              2            001              2
              2            010              5
              2            011              4
              2            100              3
              2            101              6
              2            110              7
              2            111              5
              3            000              8
              3            001              7
              3            010              8
              3            011              2
              3            100              6
              3            101              0
              3            110              8
              3            111              7
              4            000              6
              4            001              8
              4            010              0
              4            011              4
              4            100              1
              4            101              3
              4            110              2
              4            111              3
              5            000              2
              5            001              5
              5            010              3
              5            011              2
              5            100              3
              5            101              3
              5            110              3
              5            111              4
              6            000              5
              6            001              7
              6            010              2
              6            011              6
              6            100              3
              6            101              3
              6            110              2
              6            111              0
              7            000              0
              7            001              7
              7            010              4
              7            011              1
              7            100              6
              7            101              4
              7            110              4
              7            111              6
              8            000              2
              8            001              2
              8            010              4
              8            011              2
              8            100              0
              8            101              1
              8            110              0
              8            111              7
