Eaten part = 0.246395
Start state = 3
Significant inputs: 1 4 6
Moves: 2 0 0 0 1 0 0 2 0
          state         inputs     next state
              0            000              5
              0            001              8
              0            010              2
              0            011              1
              0            100              3
              0            101              8
              0            110              3
              0            111              5
              1            000              2
              1            001              6
              1            010              2
              1            011              2
              1            100              8
              1            101              7
              1            110              2
              1            111              6
              2            000              6
              2            001              1
              2            010              6
              2            011              3
              2            100              7
              2            101              1
              2            110              5
              2            111              0
              3            000              1
              3            001              7
              3            010              8
              3            011              6
              3            100              0
              3            101              3
              3            110              5
              3            111              5
              4            000              2
              4            001              1
              4            010              2
              4            011              5
              4            100              6
              4            101              4
              4            110              6
              4            111              3
              5            000              1
              5            001              0
              5            010              5
              5            011              8
              5            100              1
              5            101              8
              5            110              6
              5            111              4
              6            000              6
              6            001              2
              6            010              3
              6            011              6
              6            100              7
              6            101              7
              6            110              6
              6            111              5
              7            000              8
              7            001              8
              7            010              6
              7            011              8
              7            100              6
              7            101              2
              7            110              6
              7            111              6
              8            000              1
              8            001              2
              8            010              5
              8            011              7
              8            100              6
              8            101              7
              8            110              6
              8            111              7
