Eaten part = 0.258587
Start state = 8
Significant inputs: 5 6 7
Moves: 1 1 0 2 0 0 2 2 0
          state         inputs     next state
              0            000              8
              0            001              4
              0            010              4
              0            011              5
              0            100              5
              0            101              5
              0            110              4
              0            111              8
              1            000              4
              1            001              2
              1            010              8
              1            011              1
              1            100              8
              1            101              0
              1            110              4
              1            111              8
              2            000              1
              2            001              4
              2            010              5
              2            011              1
              2            100              1
              2            101              1
              2            110              0
              2            111              3
              3            000              1
              3            001              2
              3            010              1
              3            011              3
              3            100              7
              3            101              8
              3            110              8
              3            111              8
              4            000              4
              4            001              6
              4            010              6
              4            011              1
              4            100              4
              4            101              8
              4            110              7
              4            111              6
              5            000              1
              5            001              0
              5            010              8
              5            011              1
              5            100              6
              5            101              7
              5            110              8
              5            111              8
              6            000              0
              6            001              2
              6            010              7
              6            011              2
              6            100              8
              6            101              4
              6            110              0
              6            111              2
              7            000              1
              7            001              8
              7            010              2
              7            011              5
              7            100              8
              7            101              5
              7            110              1
              7            111              3
              8            000              4
              8            001              4
              8            010              5
              8            011              2
              8            100              6
              8            101              2
              8            110              2
              8            111              2
