Eaten part = 0.214672
Start state = 7
Significant inputs: 0 4 7
Moves: 2 0 0 0 0 2 0 1 0
          state         inputs     next state
              0            000              5
              0            001              3
              0            010              4
              0            011              6
              0            100              4
              0            101              2
              0            110              0
              0            111              7
              1            000              4
              1            001              1
              1            010              6
              1            011              2
              1            100              0
              1            101              6
              1            110              3
              1            111              5
              2            000              7
              2            001              4
              2            010              2
              2            011              6
              2            100              3
              2            101              4
              2            110              8
              2            111              2
              3            000              5
              3            001              5
              3            010              6
              3            011              3
              3            100              5
              3            101              4
              3            110              3
              3            111              8
              4            000              6
              4            001              2
              4            010              6
              4            011              6
              4            100              1
              4            101              7
              4            110              1
              4            111              3
              5            000              2
              5            001              8
              5            010              7
              5            011              4
              5            100              6
              5            101              3
              5            110              2
              5            111              8
              6            000              6
              6            001              5
              6            010              2
              6            011              2
              6            100              5
              6            101              3
              6            110              4
              6            111              4
              7            000              6
              7            001              6
              7            010              0
              7            011              6
              7            100              0
              7            101              4
              7            110              0
              7            111              4
              8            000              7
              8            001              2
              8            010              3
              8            011              6
              8            100              3
              8            101              4
              8            110              6
              8            111              6
