Eaten part = 0.328416
Start state = 3
Significant inputs: 2 4 6
Moves: 0 0 1 0 0 0 0 2 2
          state         inputs     next state
              0            000              5
              0            001              2
              0            010              3
              0            011              5
              0            100              5
              0            101              8
              0            110              3
              0            111              5
              1            000              1
              1            001              2
              1            010              4
              1            011              4
              1            100              7
              1            101              6
              1            110              6
              1            111              6
              2            000              1
              2            001              1
              2            010              5
              2            011              3
              2            100              6
              2            101              1
              2            110              6
              2            111              3
              3            000              5
              3            001              6
              3            010              5
              3            011              7
              3            100              7
              3            101              2
              3            110              7
              3            111              2
              4            000              6
              4            001              2
              4            010              4
              4            011              3
              4            100              7
              4            101              7
              4            110              6
              4            111              0
              5            000              1
              5            001              2
              5            010              3
              5            011              2
              5            100              7
              5            101              6
              5            110              0
              5            111              1
              6            000              4
              6            001              2
              6            010              1
              6            011              6
              6            100              7
              6            101              2
              6            110              1
              6            111              1
              7            000              1
              7            001              3
              7            010              4
              7            011              0
              7            100              0
              7            101              0
              7            110              0
              7            111              5
              8            000              5
              8            001              6
              8            010              1
              8            011              1
              8            100              4
              8            101              5
              8            110              2
              8            111              7
