Eaten part = 0.240778
Start state = 2
Significant inputs: 3 5 6
Moves: 0 2 0 0 0 2 2 0 0
          state         inputs     next state
              0            000              5
              0            001              3
              0            010              8
              0            011              2
              0            100              7
              0            101              6
              0            110              8
              0            111              5
              1            000              3
              1            001              3
              1            010              8
              1            011              7
              1            100              2
              1            101              3
              1            110              0
              1            111              3
              2            000              4
              2            001              7
              2            010              2
              2            011              6
              2            100              5
              2            101              4
              2            110              5
              2            111              6
              3            000              2
              3            001              5
              3            010              7
              3            011              7
              3            100              0
              3            101              5
              3            110              0
              3            111              8
              4            000              2
              4            001              8
              4            010              7
              4            011              7
              4            100              1
              4            101              4
              4            110              4
              4            111              0
              5            000              1
              5            001              2
              5            010              7
              5            011              2
              5            100              0
              5            101              4
              5            110              0
              5            111              3
              6            000              8
              6            001              0
              6            010              7
              6            011              1
              6            100              3
              6            101              2
              6            110              1
              6            111              0
              7            000              7
              7            001              2
              7            010              3
              7            011              1
              7            100              5
              7            101              1
              7            110              0
              7            111              8
              8            000              4
              8            001              8
              8            010              2
              8            011              8
              8            100              5
              8            101              0
              8            110              3
              8            111              3
