Eaten part = 0.283824
Start state = 8
Significant inputs: 2 3 6
Moves: 2 0 0 0 1 2 0 0 0
          state         inputs     next state
              0            000              5
              0            001              2
              0            010              7
              0            011              4
              0            100              4
              0            101              3
              0            110              0
              0            111              5
              1            000              3
              1            001              7
              1            010              1
              1            011              2
              1            100              3
              1            101              3
              1            110              5
              1            111              8
              2            000              3
              2            001              4
              2            010              3
              2            011              4
              2            100              5
              2            101              5
              2            110              5
              2            111              2
              3            000              3
              3            001              4
              3            010              3
              3            011              2
              3            100              5
              3            101              5
              3            110              6
              3            111              8
              4            000              7
              4            001              2
              4            010              3
              4            011              6
              4            100              2
              4            101              5
              4            110              8
              4            111              3
              5            000              2
              5            001              7
              5            010              2
              5            011              7
              5            100              8
              5            101              2
              5            110              8
              5            111              6
              6            000              1
              6            001              3
              6            010              2
              6            011              3
              6            100              3
              6            101              2
              6            110              5
              6            111              1
              7            000              0
              7            001              3
              7            010              2
              7            011              3
              7            100              0
              7            101              7
              7            110              5
              7            111              4
              8            000              1
              8            001              1
              8            010              8
              8            011              4
              8            100              8
              8            101              5
              8            110              3
              8            111              8
