Eaten part = 0.191818
Start state = 5
Significant inputs: 0 1 7
Moves: 0 1 2 2 0 1 0 0 0
          state         inputs     next state
              0            000              0
              0            001              7
              0            010              6
              0            011              0
              0            100              7
              0            101              1
              0            110              0
              0            111              5
              1            000              3
              1            001              0
              1            010              4
              1            011              7
              1            100              3
              1            101              3
              1            110              4
              1            111              6
              2            000              4
              2            001              3
              2            010              5
              2            011              3
              2            100              0
              2            101              8
              2            110              7
              2            111              5
              3            000              2
              3            001              8
              3            010              6
              3            011              4
              3            100              0
              3            101              7
              3            110              2
              3            111              3
              4            000              5
              4            001              4
              4            010              6
              4            011              3
              4            100              3
              4            101              4
              4            110              7
              4            111              3
              5            000              7
              5            001              0
              5            010              6
              5            011              3
              5            100              3
              5            101              0
              5            110              7
              5            111              4
              6            000              1
              6            001              6
              6            010              7
              6            011              5
              6            100              1
              6            101              5
              6            110              7
              6            111              0
              7            000              0
              7            001              2
              7            010              4
              7            011              1
              7            100              0
              7            101              1
              7            110              0
              7            111              1
              8            000              7
              8            001              4
              8            010              0
              8            011              2
              8            100              3
              8            101              6
              8            110              3
              8            111              1
