Eaten part = 0.283970
Start state = 3
Significant inputs: 2 3 6
Moves: 0 0 0 2 1 0 0 0 2
          state         inputs     next state
              0            000              0
              0            001              4
              0            010              7
              0            011              4
              0            100              8
              0            101              6
              0            110              8
              0            111              5
              1            000              0
              1            001              4
              1            010              6
              1            011              4
              1            100              8
              1            101              1
              1            110              3
              1            111              7
              2            000              6
              2            001              4
              2            010              6
              2            011              7
              2            100              8
              2            101              8
              2            110              3
              2            111              2
              3            000              5
              3            001              7
              3            010              8
              3            011              4
              3            100              0
              3            101              3
              3            110              7
              3            111              6
              4            000              0
              4            001              2
              4            010              7
              4            011              7
              4            100              2
              4            101              3
              4            110              0
              4            111              6
              5            000              7
              5            001              4
              5            010              7
              5            011              7
              5            100              8
              5            101              7
              5            110              0
              5            111              1
              6            000              0
              6            001              5
              6            010              8
              6            011              0
              6            100              8
              6            101              0
              6            110              3
              6            111              6
              7            000              0
              7            001              0
              7            010              1
              7            011              4
              7            100              8
              7            101              8
              7            110              3
              7            111              6
              8            000              7
              8            001              0
              8            010              4
              8            011              5
              8            100              6
              8            101              1
              8            110              1
              8            111              7
