Eaten part = 0.247465
Start state = 4
Significant inputs: 0 2 4
Moves: 0 0 0 1 2 0 1 0 0
          state         inputs     next state
              0            000              0
              0            001              0
              0            010              3
              0            011              6
              0            100              1
              0            101              2
              0            110              2
              0            111              8
              1            000              7
              1            001              4
              1            010              6
              1            011              6
              1            100              1
              1            101              1
              1            110              3
              1            111              5
              2            000              0
              2            001              1
              2            010              7
              2            011              3
              2            100              0
              2            101              4
              2            110              0
              2            111              7
              3            000              8
              3            001              8
              3            010              1
              3            011              8
              3            100              4
              3            101              2
              3            110              8
              3            111              3
              4            000              8
              4            001              6
              4            010              0
              4            011              4
              4            100              5
              4            101              3
              4            110              0
              4            111              4
              5            000              2
              5            001              7
              5            010              5
              5            011              4
              5            100              4
              5            101              5
              5            110              7
              5            111              5
              6            000              8
              6            001              8
              6            010              5
              6            011              7
              6            100              8
              6            101              4
              6            110              3
              6            111              0
              7            000              0
              7            001              0
              7            010              3
              7            011              6
              7            100              0
              7            101              7
              7            110              3
              7            111              1
              8            000              8
              8            001              7
              8            010              3
              8            011              8
              8            100              2
              8            101              1
              8            110              8
              8            111              0
