Eaten part = 0.263363
Start state = 8
Significant inputs: 4 5 6
Moves: 0 0 2 0 0 0 0 1 2
          state         inputs     next state
              0            000              1
              0            001              3
              0            010              0
              0            011              6
              0            100              6
              0            101              5
              0            110              6
              0            111              4
              1            000              6
              1            001              0
              1            010              0
              1            011              6
              1            100              2
              1            101              3
              1            110              4
              1            111              8
              2            000              5
              2            001              0
              2            010              6
              2            011              4
              2            100              0
              2            101              7
              2            110              4
              2            111              5
              3            000              7
              3            001              5
              3            010              7
              3            011              6
              3            100              1
              3            101              5
              3            110              4
              3            111              3
              4            000              7
              4            001              5
              4            010              1
              4            011              5
              4            100              3
              4            101              2
              4            110              1
              4            111              5
              5            000              7
              5            001              1
              5            010              7
              5            011              5
              5            100              4
              5            101              4
              5            110              5
              5            111              4
              6            000              6
              6            001              6
              6            010              1
              6            011              6
              6            100              2
              6            101              6
              6            110              2
              6            111              4
              7            000              6
              7            001              1
              7            010              3
              7            011              1
              7            100              5
              7            101              6
              7            110              1
              7            111              5
              8            000              1
              8            001              4
              8            010              1
              8            011              0
              8            100              3
              8            101              7
              8            110              6
              8            111              8
