Eaten part = 0.313948
Start state = 8
Significant inputs: 2 4 6
Moves: 1 0 0 0 2 0 0 0 0
          state         inputs     next state
              0            000              7
              0            001              2
              0            010              3
              0            011              8
              0            100              2
              0            101              5
              0            110              2
              0            111              8
              1            000              2
              1            001              3
              1            010              7
              1            011              2
              1            100              0
              1            101              0
              1            110              0
              1            111              1
              2            000              7
              2            001              7
              2            010              7
              2            011              6
              2            100              4
              2            101              4
              2            110              2
              2            111              4
              3            000              2
              3            001              0
              3            010              5
              3            011              5
              3            100              5
              3            101              8
              3            110              6
              3            111              8
              4            000              2
              4            001              7
              4            010              8
              4            011              6
              4            100              7
              4            101              8
              4            110              3
              4            111              8
              5            000              7
              5            001              0
              5            010              6
              5            011              5
              5            100              4
              5            101              0
              5            110              4
              5            111              7
              6            000              8
              6            001              5
              6            010              6
              6            011              3
              6            100              4
              6            101              0
              6            110              1
              6            111              1
              7            000              8
              7            001              0
              7            010              5
              7            011              5
              7            100              4
              7            101              4
              7            110              8
              7            111              6
              8            000              5
              8            001              0
              8            010              5
              8            011              8
              8            100              4
              8            101              6
              8            110              3
              8            111              7
