Eaten part = 0.237462
Start state = 7
Significant inputs: 0 6 7
Moves: 0 1 0 0 2 2 0 0 0
          state         inputs     next state
              0            000              3
              0            001              6
              0            010              8
              0            011              4
              0            100              2
              0            101              0
              0            110              3
              0            111              3
              1            000              4
              1            001              3
              1            010              5
              1            011              2
              1            100              0
              1            101              2
              1            110              2
              1            111              2
              2            000              7
              2            001              8
              2            010              5
              2            011              2
              2            100              1
              2            101              2
              2            110              6
              2            111              6
              3            000              6
              3            001              3
              3            010              4
              3            011              4
              3            100              3
              3            101              0
              3            110              2
              3            111              6
              4            000              0
              4            001              0
              4            010              8
              4            011              3
              4            100              2
              4            101              3
              4            110              8
              4            111              2
              5            000              6
              5            001              6
              5            010              2
              5            011              2
              5            100              8
              5            101              8
              5            110              8
              5            111              3
              6            000              3
              6            001              7
              6            010              5
              6            011              8
              6            100              0
              6            101              1
              6            110              5
              6            111              4
              7            000              3
              7            001              2
              7            010              3
              7            011              8
              7            100              5
              7            101              7
              7            110              5
              7            111              5
              8            000              0
              8            001              0
              8            010              3
              8            011              5
              8            100              4
              8            101              3
              8            110              8
              8            111              5
