Eaten part = 0.196266
Start state = 5
Significant inputs: 0 1 4
Moves: 1 0 1 0 0 1 0 0 0
          state         inputs     next state
              0            000              8
              0            001              4
              0            010              7
              0            011              3
              0            100              5
              0            101              7
              0            110              4
              0            111              7
              1            000              8
              1            001              3
              1            010              4
              1            011              3
              1            100              7
              1            101              6
              1            110              3
              1            111              4
              2            000              3
              2            001              3
              2            010              8
              2            011              4
              2            100              6
              2            101              7
              2            110              8
              2            111              4
              3            000              8
              3            001              6
              3            010              3
              3            011              6
              3            100              3
              3            101              8
              3            110              4
              3            111              6
              4            000              2
              4            001              3
              4            010              4
              4            011              7
              4            100              4
              4            101              6
              4            110              4
              4            111              4
              5            000              2
              5            001              1
              5            010              8
              5            011              2
              5            100              7
              5            101              5
              5            110              5
              5            111              6
              6            000              0
              6            001              0
              6            010              8
              6            011              7
              6            100              4
              6            101              7
              6            110              3
              6            111              4
              7            000              7
              7            001              7
              7            010              1
              7            011              2
              7            100              4
              7            101              6
              7            110              1
              7            111              4
              8            000              3
              8            001              7
              8            010              0
              8            011              2
              8            100              1
              8            101              7
              8            110              7
              8            111              8
