Eaten part = 0.251439
Start state = 2
Significant inputs: 0 2 4
Moves: 2 0 1 0 1 0 0 0 0
          state         inputs     next state
              0            000              6
              0            001              4
              0            010              7
              0            011              8
              0            100              6
              0            101              6
              0            110              3
              0            111              7
              1            000              3
              1            001              3
              1            010              3
              1            011              0
              1            100              6
              1            101              5
              1            110              7
              1            111              7
              2            000              7
              2            001              8
              2            010              8
              2            011              8
              2            100              1
              2            101              3
              2            110              6
              2            111              5
              3            000              3
              3            001              0
              3            010              4
              3            011              7
              3            100              3
              3            101              3
              3            110              6
              3            111              8
              4            000              6
              4            001              1
              4            010              3
              4            011              7
              4            100              7
              4            101              1
              4            110              7
              4            111              0
              5            000              6
              5            001              3
              5            010              5
              5            011              0
              5            100              2
              5            101              7
              5            110              3
              5            111              7
              6            000              3
              6            001              3
              6            010              2
              6            011              2
              6            100              3
              6            101              5
              6            110              8
              6            111              3
              7            000              7
              7            001              4
              7            010              4
              7            011              7
              7            100              3
              7            101              7
              7            110              6
              7            111              3
              8            000              7
              8            001              0
              8            010              0
              8            011              5
              8            100              8
              8            101              0
              8            110              5
              8            111              7
