Eaten part = 0.308625
Start state = 1
Significant inputs: 2 5 6
Moves: 0 1 0 2 0 0 0 0 0
          state         inputs     next state
              0            000              4
              0            001              8
              0            010              7
              0            011              8
              0            100              7
              0            101              3
              0            110              5
              0            111              0
              1            000              0
              1            001              7
              1            010              4
              1            011              7
              1            100              4
              1            101              7
              1            110              7
              1            111              6
              2            000              4
              2            001              5
              2            010              7
              2            011              3
              2            100              3
              2            101              8
              2            110              1
              2            111              3
              3            000              1
              3            001              2
              3            010              7
              3            011              2
              3            100              3
              3            101              8
              3            110              7
              3            111              5
              4            000              5
              4            001              1
              4            010              5
              4            011              8
              4            100              3
              4            101              6
              4            110              0
              4            111              4
              5            000              7
              5            001              1
              5            010              0
              5            011              3
              5            100              3
              5            101              1
              5            110              4
              5            111              3
              6            000              8
              6            001              4
              6            010              2
              6            011              5
              6            100              5
              6            101              8
              6            110              7
              6            111              6
              7            000              5
              7            001              1
              7            010              5
              7            011              0
              7            100              3
              7            101              3
              7            110              3
              7            111              1
              8            000              8
              8            001              7
              8            010              7
              8            011              2
              8            100              1
              8            101              5
              8            110              1
              8            111              8
