Eaten part = 0.189737
Start state = 1
Significant inputs: 0 1 4
Moves: 0 0 0 0 0 2 0 1 0
          state         inputs     next state
              0            000              4
              0            001              3
              0            010              4
              0            011              8
              0            100              2
              0            101              8
              0            110              4
              0            111              4
              1            000              5
              1            001              2
              1            010              6
              1            011              0
              1            100              3
              1            101              1
              1            110              7
              1            111              8
              2            000              3
              2            001              5
              2            010              1
              2            011              1
              2            100              4
              2            101              1
              2            110              4
              2            111              2
              3            000              8
              3            001              8
              3            010              6
              3            011              8
              3            100              1
              3            101              2
              3            110              1
              3            111              8
              4            000              0
              4            001              8
              4            010              0
              4            011              6
              4            100              4
              4            101              6
              4            110              0
              4            111              5
              5            000              2
              5            001              8
              5            010              0
              5            011              2
              5            100              8
              5            101              8
              5            110              0
              5            111              8
              6            000              3
              6            001              6
              6            010              5
              6            011              7
              6            100              6
              6            101              0
              6            110              8
              6            111              0
              7            000              1
              7            001              4
              7            010              4
              7            011              5
              7            100              2
              7            101              1
              7            110              4
              7            111              0
              8            000              2
              8            001              2
              8            010              7
              8            011              3
              8            100              8
              8            101              8
              8            110              4
              8            111              3
