Eaten part = 0.302623
Start state = 0
Significant inputs: 2 5 6
Moves: 0 0 1 2 0 0 0 0 0
          state         inputs     next state
              0            000              6
              0            001              6
              0            010              7
              0            011              1
              0            100              5
              0            101              3
              0            110              0
              0            111              5
              1            000              5
              1            001              2
              1            010              4
              1            011              7
              1            100              2
              1            101              7
              1            110              5
              1            111              8
              2            000              8
              2            001              6
              2            010              5
              2            011              4
              2            100              6
              2            101              5
              2            110              3
              2            111              7
              3            000              3
              3            001              3
              3            010              4
              3            011              4
              3            100              6
              3            101              7
              3            110              6
              3            111              1
              4            000              6
              4            001              6
              4            010              6
              4            011              8
              4            100              1
              4            101              2
              4            110              3
              4            111              0
              5            000              0
              5            001              4
              5            010              6
              5            011              5
              5            100              8
              5            101              4
              5            110              7
              5            111              4
              6            000              6
              6            001              2
              6            010              8
              6            011              1
              6            100              3
              6            101              3
              6            110              8
              6            111              7
              7            000              5
              7            001              7
              7            010              8
              7            011              6
              7            100              8
              7            101              3
              7            110              5
              7            111              0
              8            000              6
              8            001              0
              8            010              6
              8            011              2
              8            100              3
              8            101              0
              8            110              1
              8            111              7
