Eaten part = 0.293046
Start state = 3
Significant inputs: 2 4 6
Moves: 2 0 0 0 1 0 1 1 0
          state         inputs     next state
              0            000              1
              0            001              6
              0            010              3
              0            011              6
              0            100              2
              0            101              5
              0            110              3
              0            111              4
              1            000              3
              1            001              6
              1            010              3
              1            011              3
              1            100              2
              1            101              3
              1            110              2
              1            111              2
              2            000              6
              2            001              7
              2            010              5
              2            011              8
              2            100              3
              2            101              0
              2            110              8
              2            111              3
              3            000              3
              3            001              6
              3            010              3
              3            011              5
              3            100              0
              3            101              0
              3            110              8
              3            111              8
              4            000              1
              4            001              2
              4            010              8
              4            011              2
              4            100              1
              4            101              3
              4            110              3
              4            111              6
              5            000              3
              5            001              7
              5            010              5
              5            011              4
              5            100              1
              5            101              0
              5            110              2
              5            111              2
              6            000              1
              6            001              3
              6            010              5
              6            011              0
              6            100              1
              6            101              5
              6            110              1
              6            111              5
              7            000              3
              7            001              5
              7            010              2
              7            011              2
              7            100              3
              7            101              6
              7            110              5
              7            111              2
              8            000              1
              8            001              2
              8            010              8
              8            011              2
              8            100              8
              8            101              8
              8            110              5
              8            111              4
