Eaten part = 0.260470
Start state = 5
Significant inputs: 1 4 6
Moves: 0 0 0 0 2 0 0 1 0
          state         inputs     next state
              0            000              7
              0            001              4
              0            010              5
              0            011              6
              0            100              0
              0            101              4
              0            110              3
              0            111              4
              1            000              8
              1            001              7
              1            010              6
              1            011              0
              1            100              4
              1            101              4
              1            110              5
              1            111              5
              2            000              7
              2            001              2
              2            010              0
              2            011              7
              2            100              1
              2            101              5
              2            110              3
              2            111              4
              3            000              1
              3            001              3
              3            010              2
              3            011              0
              3            100              8
              3            101              6
              3            110              0
              3            111              8
              4            000              6
              4            001              5
              4            010              8
              4            011              8
              4            100              2
              4            101              2
              4            110              6
              4            111              4
              5            000              8
              5            001              7
              5            010              3
              5            011              3
              5            100              4
              5            101              2
              5            110              0
              5            111              3
              6            000              8
              6            001              8
              6            010              6
              6            011              3
              6            100              4
              6            101              1
              6            110              2
              6            111              0
              7            000              1
              7            001              5
              7            010              4
              7            011              6
              7            100              2
              7            101              3
              7            110              5
              7            111              1
              8            000              1
              8            001              5
              8            010              1
              8            011              6
              8            100              4
              8            101              4
              8            110              3
              8            111              1
