Eaten part = 0.229432
Start state = 7
Significant inputs: 5 6 7
Moves: 0 0 2 0 2 0 0 0 2
          state         inputs     next state
              0            000              1
              0            001              5
              0            010              2
              0            011              7
              0            100              5
              0            101              2
              0            110              6
              0            111              5
              1            000              0
              1            001              7
              1            010              2
              1            011              8
              1            100              0
              1            101              0
              1            110              2
              1            111              4
              2            000              5
              2            001              3
              2            010              3
              2            011              6
              2            100              5
              2            101              1
              2            110              1
              2            111              3
              3            000              5
              3            001              1
              3            010              2
              3            011              6
              3            100              4
              3            101              6
              3            110              4
              3            111              5
              4            000              8
              4            001              7
              4            010              7
              4            011              4
              4            100              5
              4            101              5
              4            110              6
              4            111              5
              5            000              5
              5            001              8
              5            010              2
              5            011              4
              5            100              1
              5            101              5
              5            110              3
              5            111              8
              6            000              3
              6            001              7
              6            010              7
              6            011              2
              6            100              5
              6            101              7
              6            110              4
              6            111              0
              7            000              6
              7            001              1
              7            010              2
              7            011              8
              7            100              6
              7            101              7
              7            110              1
              7            111              2
              8            000              3
              8            001              6
              8            010              8
              8            011              4
              8            100              5
              8            101              5
              8            110              5
              8            111              7
