Eaten part = 0.309842
Start state = 0
Significant inputs: 1 2 6
Moves: 0 2 1 0 0 0 1 0 2
          state         inputs     next state
              0            000              0
              0            001              3
              0            010              2
              0            011              2
              0            100              8
              0            101              0
              0            110              1
              0            111              1
              1            000              4
              1            001              3
              1            010              2
              1            011              4
              1            100              5
              1            101              5
              1            110              1
              1            111              7
              2            000              7
              2            001              3
              2            010              4
              2            011              3
              2            100              8
              2            101              7
              2            110              5
              2            111              3
              3            000              0
              3            001              4
              3            010              6
              3            011              7
              3            100              8
              3            101              5
              3            110              6
              3            111              2
              4            000              0
              4            001              4
              4            010              3
              4            011              6
              4            100              0
              4            101              1
              4            110              8
              4            111              8
              5            000              5
              5            001              3
              5            010              2
              5            011              5
              5            100              3
              5            101              0
              5            110              3
              5            111              7
              6            000              1
              6            001              0
              6            010              8
              6            011              3
              6            100              7
              6            101              1
              6            110              5
              6            111              4
              7            000              0
              7            001              2
              7            010              5
              7            011              7
              7            100              7
              7            101              0
              7            110              8
              7            111              1
              8            000              4
              8            001              0
              8            010              5
              8            011              2
              8            100              0
              8            101              1
              8            110              0
              8            111              5
