Eaten part = 0.183792
Start state = 8
Significant inputs: 4 5 7
Moves: 1 0 0 1 0 1 1 0 1
          state         inputs     next state
              0            000              5
              0            001              3
              0            010              6
              0            011              8
              0            100              8
              0            101              1
              0            110              8
              0            111              7
              1            000              7
              1            001              7
              1            010              3
              1            011              4
              1            100              1
              1            101              7
              1            110              5
              1            111              7
              2            000              7
              2            001              7
              2            010              5
              2            011              7
              2            100              4
              2            101              7
              2            110              7
              2            111              7
              3            000              1
              3            001              2
              3            010              4
              3            011              3
              3            100              6
              3            101              7
              3            110              6
              3            111              3
              4            000              2
              4            001              2
              4            010              4
              4            011              2
              4            100              2
              4            101              7
              4            110              2
              4            111              1
              5            000              2
              5            001              0
              5            010              4
              5            011              7
              5            100              0
              5            101              6
              5            110              6
              5            111              6
              6            000              3
              6            001              2
              6            010              0
              6            011              1
              6            100              6
              6            101              4
              6            110              1
              6            111              4
              7            000              2
              7            001              4
              7            010              7
              7            011              7
              7            100              3
              7            101              7
              7            110              1
              7            111              3
              8            000              7
              8            001              3
              8            010              8
              8            011              1
              8            100              3
              8            101              6
              8            110              7
              8            111              1
