Eaten part = 0.274273
Start state = 3
Significant inputs: 0 2 6
Moves: 0 0 1 0 1 0 2 0 0
          state         inputs     next state
              0            000              1
              0            001              1
              0            010              6
              0            011              5
              0            100              0
              0            101              3
              0            110              8
              0            111              3
              1            000              1
              1            001              5
              1            010              4
              1            011              0
              1            100              6
              1            101              6
              1            110              1
              1            111              2
              2            000              7
              2            001              6
              2            010              8
              2            011              2
              2            100              7
              2            101              3
              2            110              6
              2            111              2
              3            000              1
              3            001              6
              3            010              8
              3            011              2
              3            100              3
              3            101              7
              3            110              7
              3            111              6
              4            000              1
              4            001              3
              4            010              1
              4            011              1
              4            100              5
              4            101              7
              4            110              2
              4            111              6
              5            000              5
              5            001              1
              5            010              4
              5            011              5
              5            100              6
              5            101              6
              5            110              4
              5            111              5
              6            000              5
              6            001              0
              6            010              5
              6            011              1
              6            100              8
              6            101              5
              6            110              1
              6            111              6
              7            000              3
              7            001              3
              7            010              2
              7            011              1
              7            100              7
              7            101              0
              7            110              6
              7            111              2
              8            000              8
              8            001              0
              8            010              0
              8            011              8
              8            100              6
              8            101              7
              8            110              3
              8            111              6
