Eaten part = 0.276370
Start state = 1
Significant inputs: 0 2 4
Moves: 0 0 1 0 0 0 2 0 0
          state         inputs     next state
              0            000              6
              0            001              0
              0            010              2
              0            011              7
              0            100              1
              0            101              3
              0            110              1
              0            111              4
              1            000              6
              1            001              6
              1            010              2
              1            011              7
              1            100              5
              1            101              0
              1            110              4
              1            111              8
              2            000              5
              2            001              3
              2            010              0
              2            011              8
              2            100              8
              2            101              5
              2            110              1
              2            111              1
              3            000              5
              3            001              8
              3            010              1
              3            011              2
              3            100              8
              3            101              1
              3            110              0
              3            111              3
              4            000              5
              4            001              8
              4            010              5
              4            011              2
              4            100              8
              4            101              7
              4            110              4
              4            111              0
              5            000              1
              5            001              6
              5            010              2
              5            011              6
              5            100              8
              5            101              1
              5            110              1
              5            111              7
              6            000              8
              6            001              5
              6            010              8
              6            011              1
              6            100              2
              6            101              7
              6            110              2
              6            111              1
              7            000              6
              7            001              0
              7            010              2
              7            011              8
              7            100              3
              7            101              2
              7            110              0
              7            111              7
              8            000              8
              8            001              8
              8            010              2
              8            011              2
              8            100              1
              8            101              8
              8            110              1
              8            111              8
