Eaten part = 0.306429
Start state = 5
Significant inputs: 2 5 6
Moves: 0 0 2 0 2 0 1 0 0
          state         inputs     next state
              0            000              2
              0            001              3
              0            010              1
              0            011              6
              0            100              2
              0            101              4
              0            110              5
              0            111              1
              1            000              3
              1            001              6
              1            010              0
              1            011              8
              1            100              4
              1            101              6
              1            110              4
              1            111              4
              2            000              1
              2            001              7
              2            010              7
              2            011              3
              2            100              3
              2            101              8
              2            110              0
              2            111              4
              3            000              1
              3            001              6
              3            010              2
              3            011              8
              3            100              4
              3            101              4
              3            110              2
              3            111              7
              4            000              8
              4            001              7
              4            010              3
              4            011              5
              4            100              4
              4            101              2
              4            110              3
              4            111              1
              5            000              1
              5            001              1
              5            010              3
              5            011              4
              5            100              8
              5            101              1
              5            110              0
              5            111              5
              6            000              7
              6            001              3
              6            010              7
              6            011              8
              6            100              3
              6            101              3
              6            110              7
              6            111              0
              7            000              3
              7            001              3
              7            010              1
              7            011              1
              7            100              8
              7            101              2
              7            110              8
              7            111              0
              8            000              2
              8            001              8
              8            010              3
              8            011              3
              8            100              2
              8            101              1
              8            110              8
              8            111              7
