Eaten part = 0.253380
Start state = 2
Significant inputs: 0 4 6
Moves: 0 0 0 0 1 2 0 0 0
          state         inputs     next state
              0            000              8
              0            001              4
              0            010              0
              0            011              8
              0            100              7
              0            101              4
              0            110              7
              0            111              0
              1            000              7
              1            001              6
              1            010              1
              1            011              4
              1            100              6
              1            101              1
              1            110              2
              1            111              1
              2            000              0
              2            001              7
              2            010              3
              2            011              0
              2            100              5
              2            101              4
              2            110              7
              2            111              6
              3            000              7
              3            001              0
              3            010              5
              3            011              1
              3            100              5
              3            101              5
              3            110              0
              3            111              8
              4            000              2
              4            001              2
              4            010              8
              4            011              0
              4            100              2
              4            101              8
              4            110              5
              4            111              6
              5            000              1
              5            001              7
              5            010              0
              5            011              0
              5            100              2
              5            101              7
              5            110              2
              5            111              7
              6            000              4
              6            001              1
              6            010              8
              6            011              7
              6            100              3
              6            101              4
              6            110              4
              6            111              4
              7            000              7
              7            001              7
              7            010              0
              7            011              6
              7            100              5
              7            101              5
              7            110              0
              7            111              1
              8            000              7
              8            001              4
              8            010              7
              8            011              0
              8            100              5
              8            101              7
              8            110              6
              8            111              1
