Eaten part = 0.237420
Start state = 7
Significant inputs: 1 2 6
Moves: 0 0 0 0 2 0 0 1 0
          state         inputs     next state
              0            000              7
              0            001              3
              0            010              8
              0            011              6
              0            100              7
              0            101              0
              0            110              8
              0            111              0
              1            000              5
              1            001              1
              1            010              3
              1            011              5
              1            100              4
              1            101              4
              1            110              5
              1            111              5
              2            000              3
              2            001              3
              2            010              4
              2            011              7
              2            100              2
              2            101              5
              2            110              6
              2            111              4
              3            000              1
              3            001              5
              3            010              7
              3            011              8
              3            100              8
              3            101              2
              3            110              4
              3            111              6
              4            000              2
              4            001              1
              4            010              8
              4            011              1
              4            100              8
              4            101              0
              4            110              2
              4            111              2
              5            000              3
              5            001              8
              5            010              8
              5            011              6
              5            100              4
              5            101              5
              5            110              4
              5            111              7
              6            000              5
              6            001              2
              6            010              1
              6            011              7
              6            100              3
              6            101              2
              6            110              3
              6            111              7
              7            000              3
              7            001              3
              7            010              8
              7            011              2
              7            100              2
              7            101              1
              7            110              3
              7            111              6
              8            000              6
              8            001              5
              8            010              0
              8            011              3
              8            100              1
              8            101              1
              8            110              0
              8            111              7
