Eaten part = 0.266788
Start state = 7
Significant inputs: 1 4 6
Moves: 0 0 0 0 0 2 1 0 0
          state         inputs     next state
              0            000              3
              0            001              8
              0            010              3
              0            011              4
              0            100              8
              0            101              4
              0            110              0
              0            111              6
              1            000              1
              1            001              0
              1            010              8
              1            011              2
              1            100              5
              1            101              5
              1            110              1
              1            111              7
              2            000              6
              2            001              4
              2            010              3
              2            011              5
              2            100              1
              2            101              3
              2            110              1
              2            111              6
              3            000              6
              3            001              0
              3            010              3
              3            011              7
              3            100              5
              3            101              1
              3            110              8
              3            111              3
              4            000              3
              4            001              6
              4            010              4
              4            011              4
              4            100              4
              4            101              0
              4            110              4
              4            111              1
              5            000              1
              5            001              3
              5            010              0
              5            011              0
              5            100              2
              5            101              2
              5            110              4
              5            111              4
              6            000              1
              6            001              1
              6            010              5
              6            011              2
              6            100              2
              6            101              3
              6            110              4
              6            111              4
              7            000              4
              7            001              7
              7            010              4
              7            011              3
              7            100              1
              7            101              3
              7            110              7
              7            111              5
              8            000              3
              8            001              1
              8            010              8
              8            011              0
              8            100              5
              8            101              1
              8            110              3
              8            111              2
