Eaten part = 0.313645
Start state = 2
Significant inputs: 2 4 6
Moves: 0 1 0 0 2 0 1 0 0
          state         inputs     next state
              0            000              0
              0            001              6
              0            010              0
              0            011              3
              0            100              4
              0            101              1
              0            110              5
              0            111              8
              1            000              8
              1            001              3
              1            010              2
              1            011              0
              1            100              8
              1            101              8
              1            110              2
              1            111              3
              2            000              0
              2            001              7
              2            010              7
              2            011              8
              2            100              0
              2            101              4
              2            110              7
              2            111              3
              3            000              5
              3            001              1
              3            010              8
              3            011              2
              3            100              4
              3            101              4
              3            110              7
              3            111              6
              4            000              0
              4            001              0
              4            010              2
              4            011              7
              4            100              3
              4            101              3
              4            110              3
              4            111              4
              5            000              0
              5            001              5
              5            010              8
              5            011              0
              5            100              4
              5            101              3
              5            110              0
              5            111              3
              6            000              3
              6            001              5
              6            010              2
              6            011              0
              6            100              0
              6            101              1
              6            110              5
              6            111              7
              7            000              5
              7            001              8
              7            010              3
              7            011              8
              7            100              0
              7            101              0
              7            110              0
              7            111              2
              8            000              0
              8            001              1
              8            010              2
              8            011              6
              8            100              4
              8            101              2
              8            110              6
              8            111              3
