Eaten part = 0.273319
Start state = 5
Significant inputs: 2 4 7
Moves: 0 0 1 0 0 0 0 2 0
          state         inputs     next state
              0            000              4
              0            001              5
              0            010              4
              0            011              0
              0            100              5
              0            101              2
              0            110              8
              0            111              3
              1            000              5
              1            001              2
              1            010              6
              1            011              1
              1            100              0
              1            101              6
              1            110              5
              1            111              8
              2            000              1
              2            001              3
              2            010              5
              2            011              4
              2            100              4
              2            101              3
              2            110              0
              2            111              4
              3            000              7
              3            001              2
              3            010              6
              3            011              2
              3            100              6
              3            101              4
              3            110              1
              3            111              5
              4            000              1
              4            001              2
              4            010              0
              4            011              8
              4            100              7
              4            101              2
              4            110              6
              4            111              1
              5            000              4
              5            001              2
              5            010              6
              5            011              1
              5            100              6
              5            101              2
              5            110              1
              5            111              0
              6            000              1
              6            001              2
              6            010              5
              6            011              5
              6            100              4
              6            101              7
              6            110              5
              6            111              3
              7            000              0
              7            001              0
              7            010              8
              7            011              5
              7            100              3
              7            101              1
              7            110              5
              7            111              0
              8            000              4
              8            001              6
              8            010              4
              8            011              3
              8            100              2
              8            101              0
              8            110              8
              8            111              2
