Eaten part = 0.240715
Start state = 8
Significant inputs: 1 2 7
Moves: 0 1 2 0 1 0 1 0 0
          state         inputs     next state
              0            000              3
              0            001              0
              0            010              4
              0            011              6
              0            100              7
              0            101              0
              0            110              8
              0            111              1
              1            000              6
              1            001              7
              1            010              3
              1            011              5
              1            100              0
              1            101              8
              1            110              1
              1            111              0
              2            000              3
              2            001              0
              2            010              0
              2            011              7
              2            100              0
              2            101              3
              2            110              8
              2            111              0
              3            000              5
              3            001              2
              3            010              1
              3            011              3
              3            100              5
              3            101              5
              3            110              6
              3            111              1
              4            000              5
              4            001              3
              4            010              7
              4            011              7
              4            100              1
              4            101              3
              4            110              5
              4            111              8
              5            000              3
              5            001              0
              5            010              5
              5            011              8
              5            100              2
              5            101              6
              5            110              1
              5            111              7
              6            000              5
              6            001              5
              6            010              1
              6            011              4
              6            100              2
              6            101              0
              6            110              0
              6            111              4
              7            000              0
              7            001              2
              7            010              7
              7            011              7
              7            100              8
              7            101              3
              7            110              6
              7            111              4
              8            000              8
              8            001              0
              8            010              1
              8            011              0
              8            100              8
              8            101              7
              8            110              1
              8            111              2
