Eaten part = 0.301004
Start state = 1
Significant inputs: 1 2 6
Moves: 0 0 2 2 2 1 0 0 0
          state         inputs     next state
              0            000              1
              0            001              8
              0            010              3
              0            011              6
              0            100              3
              0            101              7
              0            110              5
              0            111              4
              1            000              1
              1            001              4
              1            010              5
              1            011              5
              1            100              3
              1            101              0
              1            110              7
              1            111              7
              2            000              7
              2            001              1
              2            010              3
              2            011              5
              2            100              4
              2            101              8
              2            110              8
              2            111              1
              3            000              0
              3            001              5
              3            010              8
              3            011              4
              3            100              1
              3            101              2
              3            110              1
              3            111              4
              4            000              0
              4            001              6
              4            010              1
              4            011              0
              4            100              1
              4            101              2
              4            110              4
              4            111              3
              5            000              2
              5            001              1
              5            010              8
              5            011              0
              5            100              1
              5            101              7
              5            110              4
              5            111              1
              6            000              1
              6            001              8
              6            010              5
              6            011              4
              6            100              6
              6            101              3
              6            110              7
              6            111              7
              7            000              0
              7            001              6
              7            010              6
              7            011              6
              7            100              2
              7            101              8
              7            110              4
              7            111              5
              8            000              6
              8            001              1
              8            010              5
              8            011              4
              8            100              0
              8            101              2
              8            110              2
              8            111              1
