Eaten part = 0.286883
Start state = 0
Significant inputs: 2 3 6
Moves: 0 1 0 2 0 2 0 0 0
          state         inputs     next state
              0            000              7
              0            001              1
              0            010              4
              0            011              4
              0            100              3
              0            101              0
              0            110              6
              0            111              1
              1            000              4
              1            001              8
              1            010              0
              1            011              8
              1            100              2
              1            101              0
              1            110              6
              1            111              3
              2            000              0
              2            001              0
              2            010              8
              2            011              1
              2            100              7
              2            101              0
              2            110              6
              2            111              0
              3            000              0
              3            001              7
              3            010              8
              3            011              0
              3            100              0
              3            101              7
              3            110              6
              3            111              8
              4            000              4
              4            001              1
              4            010              0
              4            011              8
              4            100              3
              4            101              7
              4            110              3
              4            111              0
              5            000              7
              5            001              0
              5            010              8
              5            011              7
              5            100              2
              5            101              6
              5            110              8
              5            111              2
              6            000              5
              6            001              4
              6            010              7
              6            011              2
              6            100              6
              6            101              4
              6            110              8
              6            111              1
              7            000              4
              7            001              8
              7            010              0
              7            011              4
              7            100              5
              7            101              4
              7            110              4
              7            111              1
              8            000              4
              8            001              1
              8            010              7
              8            011              8
              8            100              5
              8            101              8
              8            110              5
              8            111              8
