Eaten part = 0.309124
Start state = 4
Significant inputs: 2 4 6
Moves: 0 0 0 0 1 0 2 0 0
          state         inputs     next state
              0            000              2
              0            001              2
              0            010              4
              0            011              3
              0            100              4
              0            101              3
              0            110              8
              0            111              4
              1            000              1
              1            001              4
              1            010              1
              1            011              2
              1            100              6
              1            101              6
              1            110              8
              1            111              3
              2            000              1
              2            001              4
              2            010              2
              2            011              1
              2            100              1
              2            101              2
              2            110              8
              2            111              5
              3            000              7
              3            001              5
              3            010              3
              3            011              7
              3            100              7
              3            101              2
              3            110              1
              3            111              8
              4            000              1
              4            001              8
              4            010              6
              4            011              1
              4            100              8
              4            101              3
              4            110              1
              4            111              1
              5            000              7
              5            001              0
              5            010              3
              5            011              6
              5            100              6
              5            101              1
              5            110              7
              5            111              0
              6            000              1
              6            001              5
              6            010              1
              6            011              7
              6            100              2
              6            101              1
              6            110              2
              6            111              1
              7            000              2
              7            001              1
              7            010              2
              7            011              0
              7            100              6
              7            101              3
              7            110              6
              7            111              0
              8            000              5
              8            001              4
              8            010              2
              8            011              8
              8            100              6
              8            101              2
              8            110              3
              8            111              7
