Eaten part = 0.247331
Start state = 2
Significant inputs: 0 3 6
Moves: 2 2 0 1 0 0 0 0 0
          state         inputs     next state
              0            000              5
              0            001              4
              0            010              4
              0            011              5
              0            100              6
              0            101              2
              0            110              4
              0            111              2
              1            000              2
              1            001              1
              1            010              7
              1            011              7
              1            100              4
              1            101              5
              1            110              4
              1            111              6
              2            000              8
              2            001              8
              2            010              3
              2            011              4
              2            100              0
              2            101              0
              2            110              0
              2            111              8
              3            000              8
              3            001              6
              3            010              0
              3            011              4
              3            100              2
              3            101              4
              3            110              1
              3            111              4
              4            000              6
              4            001              8
              4            010              2
              4            011              5
              4            100              3
              4            101              2
              4            110              8
              4            111              6
              5            000              7
              5            001              8
              5            010              5
              5            011              3
              5            100              0
              5            101              2
              5            110              2
              5            111              1
              6            000              7
              6            001              8
              6            010              7
              6            011              3
              6            100              7
              6            101              8
              6            110              7
              6            111              7
              7            000              3
              7            001              3
              7            010              7
              7            011              2
              7            100              8
              7            101              0
              7            110              8
              7            111              5
              8            000              8
              8            001              8
              8            010              2
              8            011              2
              8            100              0
              8            101              0
              8            110              0
              8            111              1
