Eaten part = 0.195039
Start state = 5
Significant inputs: 1 3 4
Moves: 0 1 2 2 0 0 0 2 2
          state         inputs     next state
              0            000              0
              0            001              2
              0            010              3
              0            011              4
              0            100              5
              0            101              0
              0            110              5
              0            111              1
              1            000              4
              1            001              0
              1            010              2
              1            011              0
              1            100              2
              1            101              0
              1            110              7
              1            111              4
              2            000              0
              2            001              7
              2            010              1
              2            011              7
              2            100              0
              2            101              4
              2            110              2
              2            111              1
              3            000              0
              3            001              7
              3            010              1
              3            011              6
              3            100              4
              3            101              1
              3            110              7
              3            111              8
              4            000              2
              4            001              3
              4            010              1
              4            011              1
              4            100              0
              4            101              4
              4            110              7
              4            111              6
              5            000              2
              5            001              0
              5            010              1
              5            011              0
              5            100              1
              5            101              1
              5            110              0
              5            111              8
              6            000              3
              6            001              1
              6            010              6
              6            011              1
              6            100              1
              6            101              3
              6            110              5
              6            111              0
              7            000              3
              7            001              6
              7            010              1
              7            011              5
              7            100              5
              7            101              3
              7            110              1
              7            111              4
              8            000              3
              8            001              0
              8            010              1
              8            011              0
              8            100              2
              8            101              1
              8            110              1
              8            111              3
