Eaten part = 0.208050
Start state = 1
Significant inputs: 1 4 7
Moves: 2 0 0 0 0 1 0 0 0
          state         inputs     next state
              0            000              4
              0            001              7
              0            010              5
              0            011              7
              0            100              3
              0            101              4
              0            110              7
              0            111              7
              1            000              1
              1            001              6
              1            010              3
              1            011              8
              1            100              4
              1            101              1
              1            110              6
              1            111              2
              2            000              4
              2            001              7
              2            010              3
              2            011              3
              2            100              0
              2            101              6
              2            110              1
              2            111              4
              3            000              3
              3            001              8
              3            010              3
              3            011              7
              3            100              0
              3            101              4
              3            110              6
              3            111              6
              4            000              5
              4            001              0
              4            010              2
              4            011              6
              4            100              5
              4            101              3
              4            110              8
              4            111              4
              5            000              8
              5            001              3
              5            010              0
              5            011              7
              5            100              6
              5            101              7
              5            110              3
              5            111              6
              6            000              6
              6            001              3
              6            010              8
              6            011              6
              6            100              8
              6            101              7
              6            110              4
              6            111              6
              7            000              5
              7            001              8
              7            010              7
              7            011              7
              7            100              0
              7            101              5
              7            110              1
              7            111              8
              8            000              0
              8            001              8
              8            010              7
              8            011              6
              8            100              4
              8            101              2
              8            110              3
              8            111              6
