Eaten part = 0.232827
Start state = 4
Significant inputs: 0 1 2
Moves: 1 0 2 0 0 0 0 1 0
          state         inputs     next state
              0            000              1
              0            001              1
              0            010              4
              0            011              4
              0            100              4
              0            101              2
              0            110              6
              0            111              6
              1            000              1
              1            001              7
              1            010              6
              1            011              5
              1            100              7
              1            101              7
              1            110              7
              1            111              1
              2            000              1
              2            001              8
              2            010              3
              2            011              4
              2            100              0
              2            101              1
              2            110              2
              2            111              6
              3            000              8
              3            001              8
              3            010              8
              3            011              2
              3            100              8
              3            101              7
              3            110              6
              3            111              3
              4            000              3
              4            001              0
              4            010              6
              4            011              8
              4            100              0
              4            101              3
              4            110              8
              4            111              8
              5            000              8
              5            001              6
              5            010              3
              5            011              0
              5            100              5
              5            101              7
              5            110              0
              5            111              5
              6            000              2
              6            001              4
              6            010              3
              6            011              2
              6            100              4
              6            101              1
              6            110              0
              6            111              2
              7            000              4
              7            001              6
              7            010              5
              7            011              3
              7            100              6
              7            101              8
              7            110              3
              7            111              5
              8            000              8
              8            001              3
              8            010              1
              8            011              1
              8            100              0
              8            101              1
              8            110              0
              8            111              6
