Eaten part = 0.323226
Start state = 0
Significant inputs: 2 4 6
Moves: 0 0 0 2 0 1 0 0 1
          state         inputs     next state
              0            000              0
              0            001              8
              0            010              0
              0            011              0
              0            100              3
              0            101              0
              0            110              2
              0            111              7
              1            000              0
              1            001              7
              1            010              4
              1            011              0
              1            100              3
              1            101              3
              1            110              8
              1            111              5
              2            000              1
              2            001              8
              2            010              7
              2            011              5
              2            100              1
              2            101              5
              2            110              4
              2            111              8
              3            000              7
              3            001              0
              3            010              0
              3            011              0
              3            100              0
              3            101              2
              3            110              2
              3            111              2
              4            000              1
              4            001              7
              4            010              2
              4            011              2
              4            100              1
              4            101              3
              4            110              3
              4            111              7
              5            000              0
              5            001              0
              5            010              7
              5            011              1
              5            100              0
              5            101              7
              5            110              6
              5            111              0
              6            000              8
              6            001              1
              6            010              6
              6            011              3
              6            100              3
              6            101              6
              6            110              2
              6            111              6
              7            000              0
              7            001              8
              7            010              7
              7            011              1
              7            100              7
              7            101              3
              7            110              3
              7            111              6
              8            000              0
              8            001              0
              8            010              2
              8            011              0
              8            100              2
              8            101              1
              8            110              1
              8            111              5
