Eaten part = 0.186329
Start state = 0
Significant inputs: 1 3 5
Moves: 0 1 0 2 0 0 0 0 1
          state         inputs     next state
              0            000              0
              0            001              3
              0            010              3
              0            011              4
              0            100              0
              0            101              5
              0            110              0
              0            111              2
              1            000              8
              1            001              4
              1            010              5
              1            011              4
              1            100              1
              1            101              6
              1            110              5
              1            111              1
              2            000              4
              2            001              7
              2            010              0
              2            011              8
              2            100              7
              2            101              6
              2            110              8
              2            111              1
              3            000              4
              3            001              1
              3            010              1
              3            011              8
              3            100              7
              3            101              6
              3            110              4
              3            111              7
              4            000              4
              4            001              2
              4            010              0
              4            011              5
              4            100              7
              4            101              7
              4            110              8
              4            111              5
              5            000              6
              5            001              7
              5            010              1
              5            011              2
              5            100              2
              5            101              1
              5            110              7
              5            111              0
              6            000              3
              6            001              3
              6            010              2
              6            011              3
              6            100              1
              6            101              3
              6            110              2
              6            111              2
              7            000              0
              7            001              2
              7            010              6
              7            011              1
              7            100              3
              7            101              7
              7            110              1
              7            111              8
              8            000              3
              8            001              4
              8            010              0
              8            011              1
              8            100              1
              8            101              4
              8            110              7
              8            111              6
