Eaten part = 0.302175
Start state = 8
Significant inputs: 1 2 6
Moves: 0 0 2 1 1 0 0 0 0
          state         inputs     next state
              0            000              8
              0            001              3
              0            010              4
              0            011              2
              0            100              8
              0            101              8
              0            110              4
              0            111              8
              1            000              8
              1            001              8
              1            010              5
              1            011              7
              1            100              2
              1            101              1
              1            110              3
              1            111              6
              2            000              8
              2            001              5
              2            010              8
              2            011              1
              2            100              8
              2            101              7
              2            110              6
              2            111              7
              3            000              8
              3            001              7
              3            010              7
              3            011              8
              3            100              1
              3            101              3
              3            110              8
              3            111              2
              4            000              2
              4            001              0
              4            010              6
              4            011              8
              4            100              2
              4            101              7
              4            110              1
              4            111              1
              5            000              8
              5            001              1
              5            010              8
              5            011              4
              5            100              7
              5            101              4
              5            110              7
              5            111              0
              6            000              7
              6            001              5
              6            010              3
              6            011              8
              6            100              1
              6            101              6
              6            110              0
              6            111              1
              7            000              0
              7            001              7
              7            010              1
              7            011              0
              7            100              4
              7            101              2
              7            110              2
              7            111              4
              8            000              8
              8            001              0
              8            010              4
              8            011              4
              8            100              2
              8            101              6
              8            110              2
              8            111              0
