Eaten part = 0.294692
Start state = 4
Significant inputs: 2 3 6
Moves: 0 0 0 0 0 0 1 2 2
          state         inputs     next state
              0            000              3
              0            001              6
              0            010              0
              0            011              6
              0            100              8
              0            101              0
              0            110              7
              0            111              3
              1            000              3
              1            001              1
              1            010              1
              1            011              3
              1            100              4
              1            101              5
              1            110              5
              1            111              8
              2            000              4
              2            001              0
              2            010              0
              2            011              6
              2            100              4
              2            101              6
              2            110              0
              2            111              2
              3            000              3
              3            001              6
              3            010              3
              3            011              3
              3            100              8
              3            101              7
              3            110              8
              3            111              0
              4            000              4
              4            001              0
              4            010              0
              4            011              6
              4            100              1
              4            101              4
              4            110              7
              4            111              3
              5            000              3
              5            001              5
              5            010              0
              5            011              6
              5            100              8
              5            101              5
              5            110              8
              5            111              6
              6            000              5
              6            001              0
              6            010              4
              6            011              5
              6            100              2
              6            101              3
              6            110              0
              6            111              1
              7            000              1
              7            001              4
              7            010              0
              7            011              2
              7            100              2
              7            101              0
              7            110              1
              7            111              8
              8            000              3
              8            001              2
              8            010              1
              8            011              3
              8            100              2
              8            101              3
              8            110              4
              8            111              7
