Eaten part = 0.242463
Start state = 3
Significant inputs: 0 6 7
Moves: 2 0 0 0 0 0 0 1 0
          state         inputs     next state
              0            000              2
              0            001              3
              0            010              1
              0            011              3
              0            100              2
              0            101              6
              0            110              2
              0            111              3
              1            000              7
              1            001              6
              1            010              8
              1            011              7
              1            100              7
              1            101              2
              1            110              6
              1            111              7
              2            000              5
              2            001              8
              2            010              4
              2            011              0
              2            100              2
              2            101              6
              2            110              6
              2            111              2
              3            000              6
              3            001              8
              3            010              6
              3            011              6
              3            100              8
              3            101              6
              3            110              7
              3            111              8
              4            000              5
              4            001              7
              4            010              0
              4            011              8
              4            100              5
              4            101              7
              4            110              0
              4            111              0
              5            000              4
              5            001              4
              5            010              0
              5            011              3
              5            100              8
              5            101              1
              5            110              7
              5            111              0
              6            000              5
              6            001              2
              6            010              3
              6            011              1
              6            100              4
              6            101              0
              6            110              2
              6            111              7
              7            000              4
              7            001              2
              7            010              1
              7            011              2
              7            100              8
              7            101              2
              7            110              1
              7            111              8
              8            000              8
              8            001              5
              8            010              0
              8            011              0
              8            100              4
              8            101              6
              8            110              5
              8            111              8
