Eaten part = 0.237336
Start state = 4
Significant inputs: 5 6 7
Moves: 2 0 0 1 0 2 0 2 0
          state         inputs     next state
              0            000              6
              0            001              1
              0            010              2
              0            011              2
              0            100              2
              0            101              1
              0            110              2
              0            111              5
              1            000              6
              1            001              0
              1            010              3
              1            011              1
              1            100              7
              1            101              2
              1            110              7
              1            111              7
              2            000              4
              2            001              4
              2            010              6
              2            011              4
              2            100              6
              2            101              8
              2            110              3
              2            111              1
              3            000              1
              3            001              1
              3            010              8
              3            011              2
              3            100              6
              3            101              0
              3            110              6
              3            111              0
              4            000              4
              4            001              2
              4            010              7
              4            011              1
              4            100              2
              4            101              0
              4            110              0
              4            111              5
              5            000              4
              5            001              1
              5            010              1
              5            011              6
              5            100              2
              5            101              4
              5            110              5
              5            111              3
              6            000              8
              6            001              4
              6            010              2
              6            011              4
              6            100              7
              6            101              1
              6            110              5
              6            111              8
              7            000              3
              7            001              4
              7            010              2
              7            011              6
              7            100              4
              7            101              6
              7            110              2
              7            111              8
              8            000              6
              8            001              4
              8            010              5
              8            011              0
              8            100              2
              8            101              4
              8            110              0
              8            111              7
