Eaten part = 0.269318
Start state = 4
Significant inputs: 2 3 4
Moves: 1 0 0 2 0 0 0 0 1
          state         inputs     next state
              0            000              6
              0            001              4
              0            010              0
              0            011              2
              0            100              5
              0            101              0
              0            110              5
              0            111              5
              1            000              2
              1            001              0
              1            010              2
              1            011              5
              1            100              2
              1            101              6
              1            110              7
              1            111              2
              2            000              6
              2            001              0
              2            010              7
              2            011              8
              2            100              4
              2            101              3
              2            110              2
              2            111              5
              3            000              7
              3            001              2
              3            010              3
              3            011              0
              3            100              2
              3            101              1
              3            110              4
              3            111              4
              4            000              2
              4            001              6
              4            010              2
              4            011              7
              4            100              6
              4            101              4
              4            110              5
              4            111              6
              5            000              0
              5            001              7
              5            010              3
              5            011              8
              5            100              6
              5            101              0
              5            110              5
              5            111              6
              6            000              6
              6            001              8
              6            010              6
              6            011              3
              6            100              2
              6            101              5
              6            110              1
              6            111              4
              7            000              7
              7            001              8
              7            010              7
              7            011              1
              7            100              5
              7            101              2
              7            110              7
              7            111              2
              8            000              6
              8            001              5
              8            010              4
              8            011              6
              8            100              2
              8            101              6
              8            110              5
              8            111              3
