Eaten part = 0.236450
Start state = 8
Significant inputs: 5 6 7
Moves: 0 0 0 0 2 1 2 0 0
          state         inputs     next state
              0            000              8
              0            001              7
              0            010              7
              0            011              3
              0            100              5
              0            101              1
              0            110              1
              0            111              4
              1            000              1
              1            001              3
              1            010              6
              1            011              1
              1            100              5
              1            101              4
              1            110              2
              1            111              7
              2            000              2
              2            001              5
              2            010              0
              2            011              5
              2            100              3
              2            101              5
              2            110              0
              2            111              7
              3            000              3
              3            001              1
              3            010              6
              3            011              2
              3            100              1
              3            101              6
              3            110              8
              3            111              7
              4            000              4
              4            001              5
              4            010              7
              4            011              2
              4            100              6
              4            101              8
              4            110              6
              4            111              2
              5            000              0
              5            001              3
              5            010              8
              5            011              0
              5            100              1
              5            101              6
              5            110              3
              5            111              4
              6            000              0
              6            001              0
              6            010              0
              6            011              7
              6            100              6
              6            101              1
              6            110              3
              6            111              7
              7            000              3
              7            001              7
              7            010              2
              7            011              0
              7            100              7
              7            101              6
              7            110              4
              7            111              4
              8            000              8
              8            001              1
              8            010              6
              8            011              6
              8            100              3
              8            101              6
              8            110              0
              8            111              6
