Eaten part = 0.262060
Start state = 2
Significant inputs: 2 4 7
Moves: 0 0 0 0 1 1 2 0 0
          state         inputs     next state
              0            000              6
              0            001              0
              0            010              8
              0            011              2
              0            100              7
              0            101              6
              0            110              7
              0            111              8
              1            000              2
              1            001              1
              1            010              2
              1            011              8
              1            100              8
              1            101              0
              1            110              8
              1            111              2
              2            000              3
              2            001              4
              2            010              2
              2            011              1
              2            100              8
              2            101              4
              2            110              2
              2            111              0
              3            000              2
              3            001              4
              3            010              2
              3            011              3
              3            100              3
              3            101              1
              3            110              8
              3            111              2
              4            000              2
              4            001              0
              4            010              3
              4            011              3
              4            100              5
              4            101              0
              4            110              0
              4            111              1
              5            000              4
              5            001              6
              5            010              5
              5            011              0
              5            100              2
              5            101              1
              5            110              8
              5            111              4
              6            000              2
              6            001              2
              6            010              7
              6            011              8
              6            100              1
              6            101              8
              6            110              8
              6            111              2
              7            000              2
              7            001              3
              7            010              2
              7            011              5
              7            100              4
              7            101              1
              7            110              6
              7            111              1
              8            000              0
              8            001              4
              8            010              3
              8            011              7
              8            100              4
              8            101              1
              8            110              8
              8            111              5
