Eaten part = 0.302923
Start state = 6
Significant inputs: 2 5 6
Moves: 2 0 1 0 0 0 0 0 0
          state         inputs     next state
              0            000              5
              0            001              1
              0            010              5
              0            011              5
              0            100              7
              0            101              4
              0            110              5
              0            111              1
              1            000              3
              1            001              5
              1            010              5
              1            011              6
              1            100              4
              1            101              4
              1            110              0
              1            111              1
              2            000              8
              2            001              8
              2            010              5
              2            011              5
              2            100              3
              2            101              5
              2            110              6
              2            111              3
              3            000              3
              3            001              5
              3            010              6
              3            011              1
              3            100              0
              3            101              7
              3            110              2
              3            111              8
              4            000              0
              4            001              7
              4            010              6
              4            011              6
              4            100              0
              4            101              0
              4            110              4
              4            111              0
              5            000              5
              5            001              2
              5            010              7
              5            011              1
              5            100              0
              5            101              2
              5            110              1
              5            111              4
              6            000              3
              6            001              8
              6            010              3
              6            011              2
              6            100              5
              6            101              2
              6            110              3
              6            111              0
              7            000              0
              7            001              2
              7            010              8
              7            011              4
              7            100              1
              7            101              5
              7            110              2
              7            111              3
              8            000              8
              8            001              2
              8            010              6
              8            011              7
              8            100              0
              8            101              5
              8            110              7
              8            111              7
