Eaten part = 0.255276
Start state = 4
Significant inputs: 0 1 2
Moves: 2 0 0 0 0 0 0 1 0
          state         inputs     next state
              0            000              2
              0            001              4
              0            010              3
              0            011              1
              0            100              4
              0            101              4
              0            110              6
              0            111              5
              1            000              1
              1            001              6
              1            010              0
              1            011              6
              1            100              7
              1            101              7
              1            110              3
              1            111              4
              2            000              2
              2            001              1
              2            010              4
              2            011              0
              2            100              7
              2            101              8
              2            110              8
              2            111              5
              3            000              0
              3            001              2
              3            010              0
              3            011              0
              3            100              0
              3            101              0
              3            110              6
              3            111              3
              4            000              2
              4            001              2
              4            010              2
              4            011              0
              4            100              7
              4            101              7
              4            110              3
              4            111              5
              5            000              0
              5            001              0
              5            010              2
              5            011              8
              5            100              4
              5            101              6
              5            110              5
              5            111              5
              6            000              0
              6            001              8
              6            010              2
              6            011              7
              6            100              5
              6            101              0
              6            110              2
              6            111              7
              7            000              4
              7            001              6
              7            010              2
              7            011              4
              7            100              1
              7            101              4
              7            110              8
              7            111              8
              8            000              0
              8            001              2
              8            010              4
              8            011              4
              8            100              3
              8            101              7
              8            110              5
              8            111              1
