Eaten part = 0.251046
Start state = 7
Significant inputs: 1 2 3
Moves: 1 2 0 0 0 1 1 0 0
          state         inputs     next state
              0            000              4
              0            001              7
              0            010              6
              0            011              2
              0            100              0
              0            101              7
              0            110              2
              0            111              2
              1            000              3
              1            001              1
              1            010              7
              1            011              2
              1            100              2
              1            101              6
              1            110              2
              1            111              6
              2            000              4
              2            001              2
              2            010              7
              2            011              6
              2            100              1
              2            101              4
              2            110              6
              2            111              1
              3            000              4
              3            001              0
              3            010              3
              3            011              5
              3            100              3
              3            101              8
              3            110              6
              3            111              8
              4            000              4
              4            001              7
              4            010              4
              4            011              0
              4            100              7
              4            101              4
              4            110              0
              4            111              0
              5            000              0
              5            001              3
              5            010              5
              5            011              5
              5            100              8
              5            101              3
              5            110              1
              5            111              0
              6            000              6
              6            001              3
              6            010              0
              6            011              6
              6            100              1
              6            101              7
              6            110              5
              6            111              4
              7            000              7
              7            001              8
              7            010              0
              7            011              8
              7            100              7
              7            101              1
              7            110              4
              7            111              2
              8            000              4
              8            001              2
              8            010              2
              8            011              7
              8            100              2
              8            101              7
              8            110              0
              8            111              5
