Eaten part = 0.315610
Start state = 4
Significant inputs: 2 4 6
Moves: 1 0 0 0 0 2 0 0 0
          state         inputs     next state
              0            000              4
              0            001              6
              0            010              4
              0            011              1
              0            100              8
              0            101              6
              0            110              3
              0            111              3
              1            000              5
              1            001              7
              1            010              7
              1            011              5
              1            100              8
              1            101              3
              1            110              1
              1            111              8
              2            000              6
              2            001              8
              2            010              4
              2            011              8
              2            100              7
              2            101              4
              2            110              3
              2            111              3
              3            000              7
              3            001              4
              3            010              4
              3            011              1
              3            100              5
              3            101              0
              3            110              1
              3            111              5
              4            000              6
              4            001              4
              4            010              6
              4            011              3
              4            100              2
              4            101              7
              4            110              8
              4            111              4
              5            000              6
              5            001              3
              5            010              8
              5            011              4
              5            100              6
              5            101              3
              5            110              6
              5            111              8
              6            000              6
              6            001              0
              6            010              6
              6            011              7
              6            100              5
              6            101              6
              6            110              4
              6            111              5
              7            000              4
              7            001              0
              7            010              8
              7            011              6
              7            100              5
              7            101              8
              7            110              5
              7            111              8
              8            000              6
              8            001              8
              8            010              2
              8            011              3
              8            100              6
              8            101              5
              8            110              4
              8            111              0
