Eaten part = 0.307224
Start state = 4
Significant inputs: 1 2 6
Moves: 1 0 0 1 0 0 0 2 0
          state         inputs     next state
              0            000              6
              0            001              2
              0            010              3
              0            011              2
              0            100              1
              0            101              6
              0            110              5
              0            111              0
              1            000              1
              1            001              4
              1            010              3
              1            011              4
              1            100              7
              1            101              6
              1            110              5
              1            111              0
              2            000              2
              2            001              3
              2            010              3
              2            011              4
              2            100              4
              2            101              6
              2            110              4
              2            111              8
              3            000              7
              3            001              4
              3            010              8
              3            011              8
              3            100              7
              3            101              4
              3            110              2
              3            111              4
              4            000              8
              4            001              8
              4            010              1
              4            011              3
              4            100              7
              4            101              8
              4            110              7
              4            111              3
              5            000              0
              5            001              2
              5            010              4
              5            011              8
              5            100              3
              5            101              1
              5            110              4
              5            111              5
              6            000              3
              6            001              8
              6            010              5
              6            011              3
              6            100              6
              6            101              5
              6            110              5
              6            111              3
              7            000              4
              7            001              7
              7            010              4
              7            011              5
              7            100              2
              7            101              4
              7            110              2
              7            111              4
              8            000              8
              8            001              4
              8            010              3
              8            011              1
              8            100              7
              8            101              7
              8            110              3
              8            111              2
