Eaten part = 0.298828
Start state = 4
Significant inputs: 1 2 6
Moves: 0 0 1 2 0 2 0 0 2
          state         inputs     next state
              0            000              0
              0            001              0
              0            010              2
              0            011              4
              0            100              5
              0            101              8
              0            110              2
              0            111              4
              1            000              4
              1            001              2
              1            010              7
              1            011              5
              1            100              1
              1            101              0
              1            110              0
              1            111              5
              2            000              4
              2            001              0
              2            010              0
              2            011              0
              2            100              3
              2            101              0
              2            110              6
              2            111              6
              3            000              4
              3            001              0
              3            010              4
              3            011              4
              3            100              0
              3            101              7
              3            110              6
              3            111              7
              4            000              0
              4            001              2
              4            010              2
              4            011              0
              4            100              7
              4            101              1
              4            110              7
              4            111              8
              5            000              0
              5            001              5
              5            010              4
              5            011              0
              5            100              0
              5            101              1
              5            110              6
              5            111              6
              6            000              4
              6            001              2
              6            010              1
              6            011              0
              6            100              5
              6            101              3
              6            110              2
              6            111              6
              7            000              4
              7            001              1
              7            010              3
              7            011              0
              7            100              8
              7            101              0
              7            110              7
              7            111              4
              8            000              7
              8            001              6
              8            010              0
              8            011              3
              8            100              0
              8            101              2
              8            110              0
              8            111              1
