Eaten part = 0.240714
Start state = 7
Significant inputs: 3 6 7
Moves: 0 0 0 0 0 2 2 0 1
          state         inputs     next state
              0            000              1
              0            001              4
              0            010              5
              0            011              5
              0            100              7
              0            101              3
              0            110              1
              0            111              4
              1            000              0
              1            001              4
              1            010              6
              1            011              0
              1            100              7
              1            101              7
              1            110              7
              1            111              1
              2            000              1
              2            001              4
              2            010              3
              2            011              8
              2            100              1
              2            101              2
              2            110              5
              2            111              6
              3            000              0
              3            001              2
              3            010              8
              3            011              5
              3            100              6
              3            101              7
              3            110              5
              3            111              0
              4            000              7
              4            001              8
              4            010              3
              4            011              1
              4            100              5
              4            101              8
              4            110              5
              4            111              7
              5            000              0
              5            001              1
              5            010              4
              5            011              4
              5            100              7
              5            101              1
              5            110              4
              5            111              6
              6            000              0
              6            001              0
              6            010              4
              6            011              2
              6            100              1
              6            101              0
              6            110              6
              6            111              3
              7            000              7
              7            001              7
              7            010              5
              7            011              1
              7            100              0
              7            101              8
              7            110              5
              7            111              2
              8            000              7
              8            001              0
              8            010              0
              8            011              3
              8            100              2
              8            101              5
              8            110              2
              8            111              7
