Eaten part = 0.295489
Start state = 3
Significant inputs: 1 2 6
Moves: 0 0 0 2 0 1 0 0 1
          state         inputs     next state
              0            000              2
              0            001              4
              0            010              8
              0            011              6
              0            100              4
              0            101              8
              0            110              1
              0            111              7
              1            000              0
              1            001              3
              1            010              6
              1            011              5
              1            100              6
              1            101              6
              1            110              4
              1            111              0
              2            000              2
              2            001              2
              2            010              5
              2            011              5
              2            100              3
              2            101              2
              2            110              8
              2            111              5
              3            000              7
              3            001              3
              3            010              2
              3            011              4
              3            100              4
              3            101              7
              3            110              1
              3            111              4
              4            000              2
              4            001              1
              4            010              6
              4            011              2
              4            100              7
              4            101              8
              4            110              6
              4            111              8
              5            000              0
              5            001              0
              5            010              7
              5            011              2
              5            100              8
              5            101              4
              5            110              4
              5            111              2
              6            000              4
              6            001              1
              6            010              5
              6            011              2
              6            100              3
              6            101              3
              6            110              6
              6            111              7
              7            000              7
              7            001              4
              7            010              5
              7            011              2
              7            100              2
              7            101              5
              7            110              5
              7            111              6
              8            000              0
              8            001              4
              8            010              6
              8            011              7
              8            100              2
              8            101              1
              8            110              0
              8            111              2
