Eaten part = 0.239931
Start state = 3
Significant inputs: 1 2 3
Moves: 0 1 0 2 0 2 1 0 0
          state         inputs     next state
              0            000              7
              0            001              8
              0            010              4
              0            011              8
              0            100              2
              0            101              4
              0            110              0
              0            111              3
              1            000              7
              1            001              0
              1            010              3
              1            011              4
              1            100              2
              1            101              1
              1            110              8
              1            111              2
              2            000              0
              2            001              7
              2            010              1
              2            011              4
              2            100              3
              2            101              2
              2            110              4
              2            111              0
              3            000              7
              3            001              4
              3            010              7
              3            011              5
              3            100              6
              3            101              6
              3            110              6
              3            111              1
              4            000              3
              4            001              8
              4            010              4
              4            011              7
              4            100              4
              4            101              6
              4            110              3
              4            111              3
              5            000              7
              5            001              0
              5            010              5
              5            011              3
              5            100              5
              5            101              5
              5            110              0
              5            111              5
              6            000              8
              6            001              8
              6            010              2
              6            011              0
              6            100              8
              6            101              4
              6            110              1
              6            111              2
              7            000              8
              7            001              0
              7            010              1
              7            011              3
              7            100              7
              7            101              2
              7            110              6
              7            111              7
              8            000              8
              8            001              4
              8            010              6
              8            011              7
              8            100              8
              8            101              0
              8            110              7
              8            111              6
