Eaten part = 0.265636
Start state = 2
Significant inputs: 2 4 7
Moves: 0 0 2 0 2 1 0 0 0
          state         inputs     next state
              0            000              8
              0            001              5
              0            010              4
              0            011              2
              0            100              3
              0            101              7
              0            110              5
              0            111              5
              1            000              2
              1            001              5
              1            010              1
              1            011              6
              1            100              7
              1            101              5
              1            110              4
              1            111              6
              2            000              0
              2            001              5
              2            010              6
              2            011              5
              2            100              3
              2            101              7
              2            110              0
              2            111              4
              3            000              6
              3            001              5
              3            010              3
              3            011              8
              3            100              6
              3            101              5
              3            110              7
              3            111              3
              4            000              1
              4            001              3
              4            010              5
              4            011              2
              4            100              6
              4            101              8
              4            110              5
              4            111              7
              5            000              8
              5            001              1
              5            010              6
              5            011              6
              5            100              8
              5            101              1
              5            110              0
              5            111              7
              6            000              6
              6            001              5
              6            010              3
              6            011              6
              6            100              4
              6            101              5
              6            110              8
              6            111              8
              7            000              8
              7            001              8
              7            010              1
              7            011              0
              7            100              8
              7            101              5
              7            110              6
              7            111              6
              8            000              6
              8            001              5
              8            010              6
              8            011              1
              8            100              8
              8            101              4
              8            110              4
              8            111              3
