Eaten part = 0.250633
Start state = 3
Significant inputs: 1 2 3
Moves: 0 0 1 2 1 0 1 0 0
          state         inputs     next state
              0            000              7
              0            001              7
              0            010              4
              0            011              0
              0            100              7
              0            101              8
              0            110              0
              0            111              1
              1            000              7
              1            001              0
              1            010              4
              1            011              5
              1            100              0
              1            101              0
              1            110              0
              1            111              1
              2            000              7
              2            001              0
              2            010              4
              2            011              5
              2            100              4
              2            101              5
              2            110              2
              2            111              8
              3            000              1
              3            001              2
              3            010              0
              3            011              7
              3            100              4
              3            101              2
              3            110              6
              3            111              5
              4            000              1
              4            001              1
              4            010              0
              4            011              7
              4            100              1
              4            101              7
              4            110              8
              4            111              1
              5            000              2
              5            001              7
              5            010              5
              5            011              7
              5            100              6
              5            101              2
              5            110              0
              5            111              0
              6            000              3
              6            001              7
              6            010              7
              6            011              1
              6            100              2
              6            101              8
              6            110              2
              6            111              8
              7            000              7
              7            001              5
              7            010              4
              7            011              4
              7            100              3
              7            101              3
              7            110              6
              7            111              6
              8            000              0
              8            001              3
              8            010              7
              8            011              6
              8            100              8
              8            101              6
              8            110              8
              8            111              8
