Eaten part = 0.221836
Start state = 3
Significant inputs: 0 4 7
Moves: 0 2 0 0 0 1 0 0 0
          state         inputs     next state
              0            000              3
              0            001              0
              0            010              3
              0            011              3
              0            100              8
              0            101              1
              0            110              1
              0            111              1
              1            000              2
              1            001              4
              1            010              5
              1            011              7
              1            100              8
              1            101              2
              1            110              2
              1            111              0
              2            000              5
              2            001              8
              2            010              4
              2            011              3
              2            100              4
              2            101              5
              2            110              6
              2            111              7
              3            000              1
              3            001              0
              3            010              3
              3            011              8
              3            100              3
              3            101              2
              3            110              0
              3            111              3
              4            000              5
              4            001              5
              4            010              8
              4            011              6
              4            100              2
              4            101              0
              4            110              7
              4            111              3
              5            000              3
              5            001              7
              5            010              1
              5            011              2
              5            100              8
              5            101              8
              5            110              1
              5            111              3
              6            000              1
              6            001              5
              6            010              3
              6            011              5
              6            100              1
              6            101              4
              6            110              6
              6            111              8
              7            000              5
              7            001              7
              7            010              6
              7            011              3
              7            100              5
              7            101              7
              7            110              4
              7            111              5
              8            000              1
              8            001              5
              8            010              2
              8            011              0
              8            100              4
              8            101              6
              8            110              7
              8            111              1
