Eaten part = 0.246872
Start state = 6
Significant inputs: 0 1 2
Moves: 0 0 2 1 0 0 1 0 0
          state         inputs     next state
              0            000              7
              0            001              7
              0            010              1
              0            011              5
              0            100              6
              0            101              8
              0            110              1
              0            111              1
              1            000              2
              1            001              8
              1            010              5
              1            011              3
              1            100              6
              1            101              6
              1            110              4
              1            111              3
              2            000              5
              2            001              0
              2            010              3
              2            011              5
              2            100              3
              2            101              7
              2            110              4
              2            111              1
              3            000              7
              3            001              7
              3            010              4
              3            011              4
              3            100              7
              3            101              5
              3            110              4
              3            111              5
              4            000              5
              4            001              8
              4            010              5
              4            011              3
              4            100              6
              4            101              0
              4            110              0
              4            111              0
              5            000              7
              5            001              0
              5            010              8
              5            011              3
              5            100              3
              5            101              8
              5            110              8
              5            111              5
              6            000              3
              6            001              4
              6            010              5
              6            011              5
              6            100              8
              6            101              6
              6            110              1
              6            111              1
              7            000              7
              7            001              1
              7            010              4
              7            011              4
              7            100              6
              7            101              6
              7            110              0
              7            111              8
              8            000              1
              8            001              7
              8            010              7
              8            011              3
              8            100              0
              8            101              7
              8            110              3
              8            111              4
