Eaten part = 0.320404
Start state = 2
Significant inputs: 2 4 6
Moves: 0 0 0 0 2 0 1 0 1
          state         inputs     next state
              0            000              3
              0            001              8
              0            010              5
              0            011              8
              0            100              4
              0            101              3
              0            110              0
              0            111              6
              1            000              0
              1            001              0
              1            010              1
              1            011              1
              1            100              4
              1            101              5
              1            110              0
              1            111              1
              2            000              3
              2            001              4
              2            010              0
              2            011              2
              2            100              2
              2            101              8
              2            110              3
              2            111              2
              3            000              0
              3            001              8
              3            010              5
              3            011              3
              3            100              4
              3            101              5
              3            110              3
              3            111              2
              4            000              3
              4            001              1
              4            010              3
              4            011              3
              4            100              3
              4            101              5
              4            110              5
              4            111              0
              5            000              0
              5            001              6
              5            010              3
              5            011              3
              5            100              4
              5            101              5
              5            110              7
              5            111              0
              6            000              1
              6            001              1
              6            010              0
              6            011              2
              6            100              0
              6            101              8
              6            110              3
              6            111              0
              7            000              3
              7            001              1
              7            010              7
              7            011              0
              7            100              3
              7            101              1
              7            110              1
              7            111              7
              8            000              2
              8            001              3
              8            010              3
              8            011              0
              8            100              1
              8            101              1
              8            110              0
              8            111              4
