Eaten part = 0.253577
Start state = 7
Significant inputs: 2 4 5
Moves: 2 0 0 0 1 1 0 0 0
          state         inputs     next state
              0            000              8
              0            001              5
              0            010              2
              0            011              1
              0            100              1
              0            101              1
              0            110              1
              0            111              6
              1            000              1
              1            001              5
              1            010              7
              1            011              1
              1            100              1
              1            101              4
              1            110              7
              1            111              2
              2            000              3
              2            001              5
              2            010              8
              2            011              1
              2            100              0
              2            101              3
              2            110              8
              2            111              2
              3            000              1
              3            001              5
              3            010              6
              3            011              1
              3            100              0
              3            101              2
              3            110              6
              3            111              0
              4            000              8
              4            001              7
              4            010              1
              4            011              4
              4            100              3
              4            101              1
              4            110              2
              4            111              6
              5            000              1
              5            001              7
              5            010              1
              5            011              3
              5            100              2
              5            101              2
              5            110              5
              5            111              3
              6            000              2
              6            001              3
              6            010              8
              6            011              3
              6            100              6
              6            101              7
              6            110              6
              6            111              8
              7            000              0
              7            001              0
              7            010              1
              7            011              2
              7            100              8
              7            101              3
              7            110              8
              7            111              2
              8            000              8
              8            001              5
              8            010              7
              8            011              1
              8            100              1
              8            101              5
              8            110              2
              8            111              1
