Eaten part = 0.310969
Start state = 1
Significant inputs: 2 5 6
Moves: 0 0 1 2 0 0 2 0 1
          state         inputs     next state
              0            000              5
              0            001              8
              0            010              6
              0            011              5
              0            100              5
              0            101              0
              0            110              0
              0            111              8
              1            000              4
              1            001              8
              1            010              5
              1            011              5
              1            100              6
              1            101              1
              1            110              5
              1            111              8
              2            000              3
              2            001              1
              2            010              1
              2            011              8
              2            100              7
              2            101              8
              2            110              6
              2            111              8
              3            000              5
              3            001              1
              3            010              4
              3            011              0
              3            100              8
              3            101              2
              3            110              8
              3            111              5
              4            000              1
              4            001              8
              4            010              0
              4            011              0
              4            100              6
              4            101              8
              4            110              3
              4            111              2
              5            000              5
              5            001              8
              5            010              5
              5            011              1
              5            100              6
              5            101              8
              5            110              8
              5            111              2
              6            000              4
              6            001              5
              6            010              4
              6            011              4
              6            100              4
              6            101              7
              6            110              7
              6            111              4
              7            000              4
              7            001              8
              7            010              4
              7            011              0
              7            100              0
              7            101              4
              7            110              6
              7            111              7
              8            000              5
              8            001              4
              8            010              0
              8            011              7
              8            100              1
              8            101              1
              8            110              0
              8            111              0
