Eaten part = 0.270904
Start state = 1
Significant inputs: 2 4 7
Moves: 0 0 0 0 2 0 0 0 1
          state         inputs     next state
              0            000              2
              0            001              8
              0            010              6
              0            011              8
              0            100              0
              0            101              3
              0            110              0
              0            111              2
              1            000              2
              1            001              2
              1            010              2
              1            011              0
              1            100              7
              1            101              0
              1            110              3
              1            111              4
              2            000              2
              2            001              8
              2            010              7
              2            011              6
              2            100              4
              2            101              8
              2            110              7
              2            111              5
              3            000              4
              3            001              0
              3            010              2
              3            011              6
              3            100              3
              3            101              7
              3            110              1
              3            111              8
              4            000              0
              4            001              7
              4            010              5
              4            011              5
              4            100              2
              4            101              3
              4            110              1
              4            111              7
              5            000              4
              5            001              8
              5            010              1
              5            011              4
              5            100              5
              5            101              8
              5            110              4
              5            111              0
              6            000              7
              6            001              3
              6            010              0
              6            011              6
              6            100              4
              6            101              3
              6            110              5
              6            111              2
              7            000              7
              7            001              8
              7            010              7
              7            011              8
              7            100              0
              7            101              5
              7            110              0
              7            111              0
              8            000              0
              8            001              5
              8            010              2
              8            011              0
              8            100              0
              8            101              5
              8            110              6
              8            111              5
