Eaten part = 0.255330
Start state = 7
Significant inputs: 2 3 5
Moves: 2 1 0 0 2 0 2 0 1
          state         inputs     next state
              0            000              7
              0            001              4
              0            010              5
              0            011              8
              0            100              6
              0            101              4
              0            110              0
              0            111              7
              1            000              7
              1            001              3
              1            010              8
              1            011              4
              1            100              0
              1            101              1
              1            110              8
              1            111              0
              2            000              6
              2            001              8
              2            010              8
              2            011              8
              2            100              1
              2            101              8
              2            110              7
              2            111              4
              3            000              3
              3            001              8
              3            010              5
              3            011              5
              3            100              6
              3            101              8
              3            110              3
              3            111              0
              4            000              6
              4            001              2
              4            010              7
              4            011              1
              4            100              3
              4            101              5
              4            110              5
              4            111              3
              5            000              5
              5            001              8
              5            010              3
              5            011              5
              5            100              5
              5            101              8
              5            110              7
              5            111              6
              6            000              5
              6            001              7
              6            010              1
              6            011              5
              6            100              3
              6            101              7
              6            110              2
              6            111              2
              7            000              5
              7            001              8
              7            010              4
              7            011              6
              7            100              3
              7            101              5
              7            110              6
              7            111              8
              8            000              5
              8            001              7
              8            010              2
              8            011              7
              8            100              7
              8            101              3
              8            110              4
              8            111              2
