Eaten part = 0.295788
Start state = 5
Significant inputs: 2 6 7
Moves: 0 0 0 0 1 2 1 0 0
          state         inputs     next state
              0            000              1
              0            001              3
              0            010              1
              0            011              5
              0            100              1
              0            101              8
              0            110              0
              0            111              2
              1            000              1
              1            001              6
              1            010              5
              1            011              6
              1            100              3
              1            101              4
              1            110              0
              1            111              6
              2            000              7
              2            001              1
              2            010              5
              2            011              8
              2            100              2
              2            101              8
              2            110              5
              2            111              7
              3            000              1
              3            001              6
              3            010              5
              3            011              4
              3            100              2
              3            101              7
              3            110              3
              3            111              3
              4            000              0
              4            001              6
              4            010              0
              4            011              1
              4            100              1
              4            101              7
              4            110              5
              4            111              8
              5            000              1
              5            001              1
              5            010              1
              5            011              1
              5            100              3
              5            101              0
              5            110              2
              5            111              6
              6            000              3
              6            001              1
              6            010              3
              6            011              1
              6            100              8
              6            101              2
              6            110              1
              6            111              0
              7            000              2
              7            001              6
              7            010              8
              7            011              4
              7            100              1
              7            101              4
              7            110              5
              7            111              7
              8            000              3
              8            001              5
              8            010              2
              8            011              1
              8            100              3
              8            101              8
              8            110              6
              8            111              0
