Eaten part = 0.169588
Start state = 1
Significant inputs: 0 3 5
Moves: 0 2 1 0 1 0 0 0 0
          state         inputs     next state
              0            000              3
              0            001              7
              0            010              7
              0            011              4
              0            100              0
              0            101              5
              0            110              7
              0            111              8
              1            000              7
              1            001              7
              1            010              4
              1            011              2
              1            100              1
              1            101              5
              1            110              3
              1            111              5
              2            000              3
              2            001              3
              2            010              3
              2            011              8
              2            100              3
              2            101              3
              2            110              1
              2            111              1
              3            000              8
              3            001              6
              3            010              5
              3            011              5
              3            100              5
              3            101              7
              3            110              2
              3            111              6
              4            000              5
              4            001              8
              4            010              5
              4            011              3
              4            100              6
              4            101              3
              4            110              0
              4            111              3
              5            000              6
              5            001              0
              5            010              5
              5            011              1
              5            100              0
              5            101              4
              5            110              3
              5            111              8
              6            000              0
              6            001              0
              6            010              1
              6            011              6
              6            100              6
              6            101              8
              6            110              4
              6            111              2
              7            000              2
              7            001              7
              7            010              0
              7            011              6
              7            100              7
              7            101              3
              7            110              2
              7            111              4
              8            000              8
              8            001              3
              8            010              7
              8            011              4
              8            100              5
              8            101              7
              8            110              7
              8            111              4
