Eaten part = 0.301234
Start state = 0
Significant inputs: 1 2 6
Moves: 0 1 2 0 0 2 0 1 2
          state         inputs     next state
              0            000              3
              0            001              0
              0            010              1
              0            011              7
              0            100              6
              0            101              3
              0            110              2
              0            111              0
              1            000              5
              1            001              0
              1            010              7
              1            011              3
              1            100              1
              1            101              0
              1            110              5
              1            111              3
              2            000              4
              2            001              6
              2            010              3
              2            011              1
              2            100              0
              2            101              4
              2            110              3
              2            111              3
              3            000              3
              3            001              0
              3            010              1
              3            011              2
              3            100              2
              3            101              2
              3            110              1
              3            111              0
              4            000              0
              4            001              6
              4            010              1
              4            011              0
              4            100              0
              4            101              2
              4            110              2
              4            111              2
              5            000              1
              5            001              0
              5            010              7
              5            011              6
              5            100              0
              5            101              4
              5            110              4
              5            111              3
              6            000              4
              6            001              0
              6            010              3
              6            011              4
              6            100              0
              6            101              0
              6            110              4
              6            111              0
              7            000              1
              7            001              4
              7            010              2
              7            011              3
              7            100              1
              7            101              2
              7            110              4
              7            111              0
              8            000              5
              8            001              1
              8            010              1
              8            011              4
              8            100              4
              8            101              6
              8            110              7
              8            111              0
