Eaten part = 0.243509
Start state = 5
Significant inputs: 1 3 6
Moves: 2 0 0 1 0 0 0 2 0
          state         inputs     next state
              0            000              5
              0            001              8
              0            010              3
              0            011              7
              0            100              6
              0            101              6
              0            110              5
              0            111              5
              1            000              5
              1            001              1
              1            010              4
              1            011              0
              1            100              8
              1            101              3
              1            110              4
              1            111              3
              2            000              2
              2            001              8
              2            010              2
              2            011              2
              2            100              0
              2            101              0
              2            110              8
              2            111              7
              3            000              2
              3            001              2
              3            010              0
              3            011              6
              3            100              5
              3            101              2
              3            110              7
              3            111              6
              4            000              4
              4            001              6
              4            010              2
              4            011              7
              4            100              0
              4            101              0
              4            110              1
              4            111              7
              5            000              5
              5            001              3
              5            010              1
              5            011              6
              5            100              0
              5            101              7
              5            110              2
              5            111              0
              6            000              8
              6            001              3
              6            010              3
              6            011              4
              6            100              7
              6            101              0
              6            110              5
              6            111              0
              7            000              2
              7            001              0
              7            010              6
              7            011              0
              7            100              4
              7            101              7
              7            110              3
              7            111              4
              8            000              5
              8            001              2
              8            010              5
              8            011              0
              8            100              2
              8            101              0
              8            110              7
              8            111              2
