Eaten part = 0.267459
Start state = 2
Significant inputs: 0 2 4
Moves: 1 1 0 2 0 2 0 0 0
          state         inputs     next state
              0            000              3
              0            001              6
              0            010              2
              0            011              6
              0            100              3
              0            101              6
              0            110              2
              0            111              6
              1            000              8
              1            001              4
              1            010              7
              1            011              7
              1            100              8
              1            101              6
              1            110              7
              1            111              0
              2            000              7
              2            001              7
              2            010              8
              2            011              5
              2            100              7
              2            101              7
              2            110              4
              2            111              3
              3            000              4
              3            001              8
              3            010              8
              3            011              8
              3            100              4
              3            101              2
              3            110              7
              3            111              7
              4            000              8
              4            001              6
              4            010              1
              4            011              1
              4            100              7
              4            101              8
              4            110              6
              4            111              0
              5            000              7
              5            001              7
              5            010              0
              5            011              8
              5            100              5
              5            101              1
              5            110              2
              5            111              2
              6            000              4
              6            001              6
              6            010              1
              6            011              3
              6            100              7
              6            101              4
              6            110              6
              6            111              4
              7            000              3
              7            001              8
              7            010              1
              7            011              1
              7            100              2
              7            101              2
              7            110              6
              7            111              8
              8            000              8
              8            001              8
              8            010              1
              8            011              3
              8            100              8
              8            101              7
              8            110              7
              8            111              4
