Eaten part = 0.300482
Start state = 3
Significant inputs: 2 5 6
Moves: 1 2 2 0 1 0 2 0 0
          state         inputs     next state
              0            000              3
              0            001              6
              0            010              8
              0            011              2
              0            100              3
              0            101              5
              0            110              5
              0            111              7
              1            000              2
              1            001              3
              1            010              8
              1            011              3
              1            100              8
              1            101              3
              1            110              3
              1            111              5
              2            000              7
              2            001              1
              2            010              3
              2            011              2
              2            100              8
              2            101              0
              2            110              0
              2            111              4
              3            000              3
              3            001              4
              3            010              3
              3            011              1
              3            100              1
              3            101              6
              3            110              0
              3            111              8
              4            000              3
              4            001              8
              4            010              1
              4            011              5
              4            100              8
              4            101              3
              4            110              3
              4            111              3
              5            000              7
              5            001              4
              5            010              6
              5            011              8
              5            100              7
              5            101              7
              5            110              7
              5            111              2
              6            000              6
              6            001              5
              6            010              7
              6            011              3
              6            100              4
              6            101              2
              6            110              3
              6            111              2
              7            000              8
              7            001              2
              7            010              0
              7            011              7
              7            100              0
              7            101              2
              7            110              6
              7            111              7
              8            000              3
              8            001              6
              8            010              7
              8            011              0
              8            100              1
              8            101              8
              8            110              4
              8            111              4
