Eaten part = 0.246439
Start state = 4
Significant inputs: 4 6 7
Moves: 1 2 0 0 2 0 1 0 0
          state         inputs     next state
              0            000              8
              0            001              0
              0            010              4
              0            011              4
              0            100              5
              0            101              3
              0            110              7
              0            111              3
              1            000              5
              1            001              6
              1            010              5
              1            011              3
              1            100              5
              1            101              5
              1            110              7
              1            111              0
              2            000              5
              2            001              3
              2            010              1
              2            011              5
              2            100              5
              2            101              8
              2            110              4
              2            111              7
              3            000              2
              3            001              2
              3            010              2
              3            011              2
              3            100              5
              3            101              3
              3            110              1
              3            111              4
              4            000              3
              4            001              2
              4            010              6
              4            011              7
              4            100              8
              4            101              8
              4            110              3
              4            111              3
              5            000              2
              5            001              7
              5            010              4
              5            011              8
              5            100              6
              5            101              2
              5            110              1
              5            111              7
              6            000              7
              6            001              5
              6            010              5
              6            011              1
              6            100              2
              6            101              2
              6            110              3
              6            111              7
              7            000              7
              7            001              5
              7            010              1
              7            011              8
              7            100              2
              7            101              6
              7            110              5
              7            111              6
              8            000              5
              8            001              2
              8            010              8
              8            011              1
              8            100              5
              8            101              3
              8            110              4
              8            111              6
