Eaten part = 0.242548
Start state = 3
Significant inputs: 2 4 7
Moves: 0 2 0 0 1 0 0 2 0
          state         inputs     next state
              0            000              6
              0            001              3
              0            010              6
              0            011              2
              0            100              2
              0            101              5
              0            110              7
              0            111              7
              1            000              7
              1            001              7
              1            010              5
              1            011              6
              1            100              1
              1            101              4
              1            110              4
              1            111              8
              2            000              4
              2            001              6
              2            010              6
              2            011              6
              2            100              6
              2            101              3
              2            110              1
              2            111              2
              3            000              5
              3            001              0
              3            010              5
              3            011              0
              3            100              5
              3            101              0
              3            110              2
              3            111              6
              4            000              3
              4            001              3
              4            010              7
              4            011              7
              4            100              3
              4            101              1
              4            110              5
              4            111              2
              5            000              5
              5            001              4
              5            010              6
              5            011              3
              5            100              7
              5            101              5
              5            110              3
              5            111              6
              6            000              5
              6            001              4
              6            010              5
              6            011              0
              6            100              4
              6            101              5
              6            110              0
              6            111              0
              7            000              5
              7            001              6
              7            010              6
              7            011              7
              7            100              5
              7            101              6
              7            110              2
              7            111              6
              8            000              2
              8            001              4
              8            010              5
              8            011              6
              8            100              0
              8            101              0
              8            110              5
              8            111              3
