Eaten part = 0.300200
Start state = 1
Significant inputs: 2 3 6
Moves: 0 0 2 0 0 0 0 1 1
          state         inputs     next state
              0            000              2
              0            001              2
              0            010              6
              0            011              4
              0            100              1
              0            101              4
              0            110              6
              0            111              8
              1            000              6
              1            001              4
              1            010              6
              1            011              5
              1            100              6
              1            101              3
              1            110              5
              1            111              2
              2            000              5
              2            001              3
              2            010              6
              2            011              0
              2            100              3
              2            101              6
              2            110              0
              2            111              5
              3            000              4
              3            001              8
              3            010              5
              3            011              8
              3            100              6
              3            101              4
              3            110              4
              3            111              8
              4            000              3
              4            001              7
              4            010              3
              4            011              6
              4            100              2
              4            101              7
              4            110              2
              4            111              2
              5            000              5
              5            001              8
              5            010              5
              5            011              8
              5            100              2
              5            101              8
              5            110              3
              5            111              2
              6            000              1
              6            001              4
              6            010              5
              6            011              3
              6            100              2
              6            101              2
              6            110              5
              6            111              4
              7            000              6
              7            001              1
              7            010              5
              7            011              4
              7            100              5
              7            101              1
              7            110              2
              7            111              4
              8            000              3
              8            001              4
              8            010              2
              8            011              6
              8            100              1
              8            101              4
              8            110              5
              8            111              4
