Eaten part = 0.240502
Start state = 0
Significant inputs: 1 2 7
Moves: 1 0 0 0 1 1 1 0 0
          state         inputs     next state
              0            000              5
              0            001              2
              0            010              8
              0            011              3
              0            100              8
              0            101              7
              0            110              1
              0            111              0
              1            000              8
              1            001              4
              1            010              1
              1            011              1
              1            100              3
              1            101              1
              1            110              8
              1            111              6
              2            000              2
              2            001              6
              2            010              5
              2            011              2
              2            100              2
              2            101              3
              2            110              5
              2            111              5
              3            000              1
              3            001              3
              3            010              5
              3            011              8
              3            100              2
              3            101              1
              3            110              4
              3            111              4
              4            000              3
              4            001              6
              4            010              6
              4            011              2
              4            100              2
              4            101              2
              4            110              0
              4            111              4
              5            000              8
              5            001              2
              5            010              1
              5            011              3
              5            100              2
              5            101              1
              5            110              5
              5            111              1
              6            000              7
              6            001              3
              6            010              2
              6            011              8
              6            100              6
              6            101              5
              6            110              6
              6            111              0
              7            000              0
              7            001              0
              7            010              6
              7            011              6
              7            100              5
              7            101              3
              7            110              1
              7            111              7
              8            000              2
              8            001              2
              8            010              0
              8            011              5
              8            100              2
              8            101              1
              8            110              1
              8            111              2
