Eaten part = 0.252402
Start state = 2
Significant inputs: 2 4 6
Moves: 0 0 0 0 1 0 0 0 1
          state         inputs     next state
              0            000              2
              0            001              8
              0            010              5
              0            011              2
              0            100              5
              0            101              8
              0            110              3
              0            111              3
              1            000              7
              1            001              4
              1            010              7
              1            011              7
              1            100              5
              1            101              6
              1            110              3
              1            111              3
              2            000              5
              2            001              4
              2            010              7
              2            011              3
              2            100              6
              2            101              5
              2            110              2
              2            111              7
              3            000              2
              3            001              0
              3            010              2
              3            011              0
              3            100              3
              3            101              8
              3            110              7
              3            111              6
              4            000              5
              4            001              5
              4            010              0
              4            011              5
              4            100              5
              4            101              0
              4            110              5
              4            111              0
              5            000              0
              5            001              8
              5            010              2
              5            011              5
              5            100              5
              5            101              8
              5            110              3
              5            111              0
              6            000              4
              6            001              8
              6            010              1
              6            011              3
              6            100              2
              6            101              5
              6            110              2
              6            111              6
              7            000              3
              7            001              2
              7            010              3
              7            011              6
              7            100              3
              7            101              0
              7            110              5
              7            111              7
              8            000              7
              8            001              5
              8            010              5
              8            011              7
              8            100              7
              8            101              1
              8            110              5
              8            111              7
