Eaten part = 0.237825
Start state = 1
Significant inputs: 0 1 2
Moves: 1 0 0 0 0 0 2 1 2
          state         inputs     next state
              0            000              5
              0            001              3
              0            010              4
              0            011              1
              0            100              6
              0            101              7
              0            110              1
              0            111              2
              1            000              2
              1            001              3
              1            010              7
              1            011              0
              1            100              5
              1            101              5
              1            110              7
              1            111              2
              2            000              3
              2            001              1
              2            010              5
              2            011              7
              2            100              2
              2            101              2
              2            110              7
              2            111              5
              3            000              5
              3            001              3
              3            010              2
              3            011              8
              3            100              0
              3            101              2
              3            110              5
              3            111              5
              4            000              2
              4            001              8
              4            010              7
              4            011              7
              4            100              6
              4            101              6
              4            110              2
              4            111              3
              5            000              5
              5            001              3
              5            010              3
              5            011              5
              5            100              0
              5            101              3
              5            110              0
              5            111              0
              6            000              7
              6            001              8
              6            010              3
              6            011              6
              6            100              8
              6            101              2
              6            110              0
              6            111              5
              7            000              1
              7            001              7
              7            010              2
              7            011              4
              7            100              1
              7            101              7
              7            110              3
              7            111              6
              8            000              5
              8            001              5
              8            010              0
              8            011              8
              8            100              1
              8            101              8
              8            110              8
              8            111              2
