Eaten part = 0.267841
Start state = 6
Significant inputs: 2 3 4
Moves: 1 2 0 0 2 0 0 1 0
          state         inputs     next state
              0            000              5
              0            001              3
              0            010              0
              0            011              1
              0            100              8
              0            101              6
              0            110              5
              0            111              0
              1            000              8
              1            001              3
              1            010              8
              1            011              8
              1            100              5
              1            101              6
              1            110              6
              1            111              0
              2            000              8
              2            001              7
              2            010              1
              2            011              2
              2            100              5
              2            101              2
              2            110              3
              2            111              0
              3            000              2
              3            001              3
              3            010              1
              3            011              3
              3            100              8
              3            101              5
              3            110              8
              3            111              2
              4            000              8
              4            001              6
              4            010              2
              4            011              4
              4            100              3
              4            101              5
              4            110              2
              4            111              5
              5            000              7
              5            001              0
              5            010              8
              5            011              8
              5            100              8
              5            101              6
              5            110              2
              5            111              5
              6            000              1
              6            001              2
              6            010              4
              6            011              1
              6            100              2
              6            101              7
              6            110              3
              6            111              1
              7            000              8
              7            001              3
              7            010              5
              7            011              1
              7            100              3
              7            101              2
              7            110              5
              7            111              1
              8            000              8
              8            001              0
              8            010              3
              8            011              0
              8            100              5
              8            101              3
              8            110              2
              8            111              4
