Eaten part = 0.294675
Start state = 1
Significant inputs: 1 2 6
Moves: 0 1 1 1 0 0 0 2 0
          state         inputs     next state
              0            000              0
              0            001              4
              0            010              1
              0            011              1
              0            100              7
              0            101              5
              0            110              3
              0            111              6
              1            000              4
              1            001              0
              1            010              0
              1            011              0
              1            100              0
              1            101              0
              1            110              3
              1            111              5
              2            000              4
              2            001              5
              2            010              7
              2            011              5
              2            100              4
              2            101              0
              2            110              4
              2            111              8
              3            000              3
              3            001              5
              3            010              1
              3            011              8
              3            100              2
              3            101              5
              3            110              2
              3            111              6
              4            000              4
              4            001              5
              4            010              2
              4            011              8
              4            100              0
              4            101              3
              4            110              8
              4            111              7
              5            000              0
              5            001              5
              5            010              0
              5            011              8
              5            100              7
              5            101              2
              5            110              8
              5            111              1
              6            000              1
              6            001              1
              6            010              6
              6            011              8
              6            100              4
              6            101              7
              6            110              8
              6            111              3
              7            000              5
              7            001              0
              7            010              6
              7            011              4
              7            100              0
              7            101              3
              7            110              0
              7            111              6
              8            000              6
              8            001              4
              8            010              6
              8            011              5
              8            100              5
              8            101              7
              8            110              8
              8            111              3
