Eaten part = 0.295922
Start state = 2
Significant inputs: 1 2 6
Moves: 0 2 0 0 1 1 0 0 0
          state         inputs     next state
              0            000              6
              0            001              3
              0            010              4
              0            011              2
              0            100              6
              0            101              8
              0            110              2
              0            111              6
              1            000              2
              1            001              3
              1            010              0
              1            011              7
              1            100              3
              1            101              3
              1            110              8
              1            111              0
              2            000              3
              2            001              0
              2            010              5
              2            011              7
              2            100              8
              2            101              7
              2            110              2
              2            111              1
              3            000              3
              3            001              0
              3            010              4
              3            011              7
              3            100              1
              3            101              5
              3            110              1
              3            111              2
              4            000              1
              4            001              2
              4            010              0
              4            011              3
              4            100              2
              4            101              8
              4            110              1
              4            111              0
              5            000              2
              5            001              2
              5            010              8
              5            011              6
              5            100              1
              5            101              5
              5            110              6
              5            111              2
              6            000              3
              6            001              8
              6            010              4
              6            011              8
              6            100              8
              6            101              5
              6            110              1
              6            111              4
              7            000              0
              7            001              8
              7            010              1
              7            011              3
              7            100              2
              7            101              7
              7            110              4
              7            111              8
              8            000              6
              8            001              7
              8            010              4
              8            011              5
              8            100              1
              8            101              8
              8            110              4
              8            111              3
