Eaten part = 0.229310
Start state = 7
Significant inputs: 3 4 6
Moves: 0 1 0 0 0 0 0 0 2
          state         inputs     next state
              0            000              2
              0            001              2
              0            010              7
              0            011              5
              0            100              1
              0            101              0
              0            110              2
              0            111              3
              1            000              7
              1            001              6
              1            010              7
              1            011              5
              1            100              7
              1            101              3
              1            110              0
              1            111              1
              2            000              1
              2            001              2
              2            010              0
              2            011              7
              2            100              8
              2            101              7
              2            110              8
              2            111              8
              3            000              4
              3            001              3
              3            010              6
              3            011              0
              3            100              7
              3            101              7
              3            110              2
              3            111              0
              4            000              2
              4            001              1
              4            010              4
              4            011              0
              4            100              1
              4            101              4
              4            110              6
              4            111              8
              5            000              7
              5            001              4
              5            010              4
              5            011              1
              5            100              6
              5            101              4
              5            110              6
              5            111              4
              6            000              8
              6            001              5
              6            010              3
              6            011              2
              6            100              5
              6            101              7
              6            110              2
              6            111              2
              7            000              7
              7            001              5
              7            010              2
              7            011              0
              7            100              8
              7            101              7
              7            110              0
              7            111              2
              8            000              4
              8            001              2
              8            010              3
              8            011              0
              8            100              5
              8            101              1
              8            110              1
              8            111              4
