Eaten part = 0.305443
Start state = 4
Significant inputs: 1 2 6
Moves: 0 1 2 2 0 0 2 0 1
          state         inputs     next state
              0            000              0
              0            001              4
              0            010              1
              0            011              1
              0            100              2
              0            101              1
              0            110              4
              0            111              4
              1            000              0
              1            001              0
              1            010              5
              1            011              0
              1            100              5
              1            101              0
              1            110              6
              1            111              0
              2            000              0
              2            001              5
              2            010              4
              2            011              4
              2            100              0
              2            101              2
              2            110              4
              2            111              6
              3            000              3
              3            001              4
              3            010              6
              3            011              5
              3            100              1
              3            101              7
              3            110              5
              3            111              3
              4            000              0
              4            001              4
              4            010              1
              4            011              0
              4            100              2
              4            101              2
              4            110              1
              4            111              3
              5            000              8
              5            001              0
              5            010              1
              5            011              7
              5            100              8
              5            101              0
              5            110              1
              5            111              0
              6            000              8
              6            001              8
              6            010              5
              6            011              7
              6            100              3
              6            101              4
              6            110              8
              6            111              4
              7            000              3
              7            001              3
              7            010              0
              7            011              5
              7            100              1
              7            101              2
              7            110              6
              7            111              2
              8            000              7
              8            001              8
              8            010              7
              8            011              1
              8            100              0
              8            101              5
              8            110              3
              8            111              5
