Eaten part = 0.259773
Start state = 4
Significant inputs: 4 5 6
Moves: 0 0 2 0 0 0 0 1 1
          state         inputs     next state
              0            000              8
              0            001              6
              0            010              7
              0            011              4
              0            100              2
              0            101              3
              0            110              0
              0            111              0
              1            000              5
              1            001              1
              1            010              6
              1            011              1
              1            100              3
              1            101              2
              1            110              8
              1            111              3
              2            000              2
              2            001              1
              2            010              4
              2            011              7
              2            100              7
              2            101              0
              2            110              1
              2            111              7
              3            000              5
              3            001              5
              3            010              0
              3            011              6
              3            100              0
              3            101              0
              3            110              6
              3            111              4
              4            000              6
              4            001              3
              4            010              3
              4            011              4
              4            100              3
              4            101              0
              4            110              3
              4            111              7
              5            000              6
              5            001              5
              5            010              3
              5            011              5
              5            100              2
              5            101              3
              5            110              5
              5            111              2
              6            000              5
              6            001              6
              6            010              6
              6            011              6
              6            100              2
              6            101              5
              6            110              1
              6            111              1
              7            000              3
              7            001              3
              7            010              7
              7            011              3
              7            100              5
              7            101              4
              7            110              8
              7            111              2
              8            000              0
              8            001              5
              8            010              4
              8            011              6
              8            100              4
              8            101              3
              8            110              7
              8            111              0
