Eaten part = 0.265421
Start state = 0
Significant inputs: 1 2 4
Moves: 0 0 2 1 0 0 0 0 0
          state         inputs     next state
              0            000              7
              0            001              8
              0            010              3
              0            011              5
              0            100              4
              0            101              6
              0            110              5
              0            111              8
              1            000              2
              1            001              5
              1            010              6
              1            011              3
              1            100              5
              1            101              8
              1            110              8
              1            111              7
              2            000              8
              2            001              0
              2            010              7
              2            011              8
              2            100              5
              2            101              1
              2            110              3
              2            111              1
              3            000              1
              3            001              7
              3            010              3
              3            011              1
              3            100              8
              3            101              1
              3            110              2
              3            111              6
              4            000              7
              4            001              4
              4            010              3
              4            011              3
              4            100              0
              4            101              8
              4            110              8
              4            111              5
              5            000              0
              5            001              5
              5            010              3
              5            011              1
              5            100              8
              5            101              4
              5            110              0
              5            111              5
              6            000              2
              6            001              4
              6            010              4
              6            011              1
              6            100              4
              6            101              8
              6            110              6
              6            111              8
              7            000              0
              7            001              0
              7            010              3
              7            011              3
              7            100              6
              7            101              7
              7            110              8
              7            111              4
              8            000              0
              8            001              8
              8            010              3
              8            011              5
              8            100              8
              8            101              5
              8            110              1
              8            111              7
