Eaten part = 0.290631
Start state = 2
Significant inputs: 1 2 6
Moves: 1 0 0 0 0 0 0 1 2
          state         inputs     next state
              0            000              5
              0            001              6
              0            010              3
              0            011              5
              0            100              4
              0            101              6
              0            110              0
              0            111              1
              1            000              8
              1            001              8
              1            010              1
              1            011              4
              1            100              5
              1            101              7
              1            110              3
              1            111              8
              2            000              5
              2            001              0
              2            010              0
              2            011              7
              2            100              0
              2            101              8
              2            110              3
              2            111              8
              3            000              6
              3            001              0
              3            010              3
              3            011              1
              3            100              6
              3            101              5
              3            110              8
              3            111              3
              4            000              5
              4            001              6
              4            010              2
              4            011              4
              4            100              6
              4            101              7
              4            110              7
              4            111              5
              5            000              5
              5            001              4
              5            010              7
              5            011              0
              5            100              8
              5            101              7
              5            110              5
              5            111              5
              6            000              5
              6            001              0
              6            010              0
              6            011              2
              6            100              3
              6            101              0
              6            110              5
              6            111              2
              7            000              0
              7            001              2
              7            010              4
              7            011              5
              7            100              6
              7            101              2
              7            110              8
              7            111              3
              8            000              5
              8            001              4
              8            010              4
              8            011              6
              8            100              6
              8            101              1
              8            110              3
              8            111              0
