Eaten part = 0.286362
Start state = 8
Significant inputs: 2 5 6
Moves: 0 0 1 0 2 0 0 0 0
          state         inputs     next state
              0            000              6
              0            001              1
              0            010              8
              0            011              4
              0            100              8
              0            101              7
              0            110              4
              0            111              6
              1            000              3
              1            001              5
              1            010              7
              1            011              2
              1            100              4
              1            101              2
              1            110              4
              1            111              3
              2            000              1
              2            001              1
              2            010              6
              2            011              4
              2            100              1
              2            101              5
              2            110              0
              2            111              2
              3            000              7
              3            001              7
              3            010              1
              3            011              7
              3            100              4
              3            101              4
              3            110              5
              3            111              5
              4            000              7
              4            001              0
              4            010              3
              4            011              7
              4            100              6
              4            101              2
              4            110              6
              4            111              5
              5            000              6
              5            001              2
              5            010              7
              5            011              2
              5            100              6
              5            101              3
              5            110              3
              5            111              4
              6            000              1
              6            001              2
              6            010              7
              6            011              2
              6            100              5
              6            101              1
              6            110              6
              6            111              8
              7            000              3
              7            001              2
              7            010              4
              7            011              7
              7            100              4
              7            101              6
              7            110              7
              7            111              6
              8            000              0
              8            001              6
              8            010              5
              8            011              8
              8            100              1
              8            101              0
              8            110              3
              8            111              7
