Eaten part = 0.310306
Start state = 3
Significant inputs: 1 2 6
Moves: 0 0 2 0 1 0 0 2 0
          state         inputs     next state
              0            000              6
              0            001              1
              0            010              4
              0            011              1
              0            100              2
              0            101              7
              0            110              5
              0            111              2
              1            000              3
              1            001              6
              1            010              3
              1            011              5
              1            100              7
              1            101              3
              1            110              1
              1            111              3
              2            000              3
              2            001              7
              2            010              0
              2            011              4
              2            100              6
              2            101              0
              2            110              8
              2            111              6
              3            000              6
              3            001              6
              3            010              8
              3            011              8
              3            100              0
              3            101              6
              3            110              6
              3            111              7
              4            000              4
              4            001              6
              4            010              5
              4            011              6
              4            100              4
              4            101              3
              4            110              6
              4            111              1
              5            000              5
              5            001              2
              5            010              7
              5            011              7
              5            100              7
              5            101              7
              5            110              5
              5            111              4
              6            000              6
              6            001              2
              6            010              4
              6            011              3
              6            100              2
              6            101              7
              6            110              4
              6            111              0
              7            000              6
              7            001              5
              7            010              1
              7            011              1
              7            100              3
              7            101              3
              7            110              6
              7            111              0
              8            000              6
              8            001              8
              8            010              4
              8            011              4
              8            100              6
              8            101              0
              8            110              2
              8            111              7
