Eaten part = 0.192128
Start state = 6
Significant inputs: 3 4 6
Moves: 0 0 0 1 0 1 1 2 0
          state         inputs     next state
              0            000              0
              0            001              0
              0            010              2
              0            011              7
              0            100              1
              0            101              1
              0            110              0
              0            111              5
              1            000              6
              1            001              4
              1            010              4
              1            011              3
              1            100              7
              1            101              7
              1            110              2
              1            111              1
              2            000              5
              2            001              0
              2            010              4
              2            011              1
              2            100              5
              2            101              0
              2            110              0
              2            111              1
              3            000              3
              3            001              1
              3            010              2
              3            011              4
              3            100              0
              3            101              4
              3            110              1
              3            111              8
              4            000              0
              4            001              7
              4            010              4
              4            011              4
              4            100              0
              4            101              4
              4            110              4
              4            111              8
              5            000              8
              5            001              0
              5            010              0
              5            011              8
              5            100              2
              5            101              5
              5            110              0
              5            111              5
              6            000              4
              6            001              3
              6            010              8
              6            011              4
              6            100              4
              6            101              2
              6            110              2
              6            111              1
              7            000              8
              7            001              0
              7            010              8
              7            011              7
              7            100              1
              7            101              3
              7            110              7
              7            111              7
              8            000              8
              8            001              7
              8            010              2
              8            011              4
              8            100              0
              8            101              2
              8            110              4
              8            111              3
