Eaten part = 0.297252
Start state = 4
Significant inputs: 2 5 6
Moves: 1 0 0 0 2 1 0 2 0
          state         inputs     next state
              0            000              0
              0            001              5
              0            010              2
              0            011              8
              0            100              1
              0            101              3
              0            110              8
              0            111              0
              1            000              4
              1            001              7
              1            010              8
              1            011              4
              1            100              4
              1            101              7
              1            110              6
              1            111              6
              2            000              6
              2            001              5
              2            010              2
              2            011              8
              2            100              7
              2            101              5
              2            110              4
              2            111              8
              3            000              6
              3            001              8
              3            010              8
              3            011              6
              3            100              4
              3            101              4
              3            110              6
              3            111              6
              4            000              2
              4            001              8
              4            010              3
              4            011              6
              4            100              7
              4            101              0
              4            110              6
              4            111              4
              5            000              2
              5            001              2
              5            010              5
              5            011              8
              5            100              2
              5            101              2
              5            110              7
              5            111              3
              6            000              6
              6            001              5
              6            010              8
              6            011              4
              6            100              7
              6            101              0
              6            110              2
              6            111              1
              7            000              1
              7            001              2
              7            010              2
              7            011              2
              7            100              4
              7            101              8
              7            110              6
              7            111              6
              8            000              6
              8            001              6
              8            010              7
              8            011              8
              8            100              6
              8            101              8
              8            110              7
              8            111              6
