Eaten part = 0.296117
Start state = 0
Significant inputs: 2 3 6
Moves: 0 0 0 2 0 0 0 1 0
          state         inputs     next state
              0            000              8
              0            001              4
              0            010              8
              0            011              2
              0            100              1
              0            101              0
              0            110              1
              0            111              6
              1            000              4
              1            001              0
              1            010              5
              1            011              6
              1            100              6
              1            101              6
              1            110              3
              1            111              2
              2            000              6
              2            001              5
              2            010              6
              2            011              5
              2            100              3
              2            101              6
              2            110              8
              2            111              0
              3            000              6
              3            001              8
              3            010              5
              3            011              6
              3            100              5
              3            101              1
              3            110              5
              3            111              0
              4            000              5
              4            001              0
              4            010              8
              4            011              1
              4            100              8
              4            101              6
              4            110              1
              4            111              6
              5            000              2
              5            001              0
              5            010              6
              5            011              7
              5            100              0
              5            101              3
              5            110              6
              5            111              8
              6            000              6
              6            001              7
              6            010              6
              6            011              7
              6            100              3
              6            101              7
              6            110              3
              6            111              4
              7            000              2
              7            001              1
              7            010              8
              7            011              8
              7            100              2
              7            101              1
              7            110              8
              7            111              4
              8            000              6
              8            001              4
              8            010              2
              8            011              8
              8            100              3
              8            101              8
              8            110              6
              8            111              4
