Eaten part = 0.315882
Start state = 5
Significant inputs: 2 4 6
Moves: 0 1 2 0 0 0 0 0 0
          state         inputs     next state
              0            000              6
              0            001              0
              0            010              6
              0            011              4
              0            100              2
              0            101              1
              0            110              3
              0            111              8
              1            000              6
              1            001              7
              1            010              8
              1            011              7
              1            100              3
              1            101              0
              1            110              3
              1            111              8
              2            000              0
              2            001              0
              2            010              5
              2            011              0
              2            100              7
              2            101              7
              2            110              3
              2            111              7
              3            000              7
              3            001              1
              3            010              7
              3            011              8
              3            100              3
              3            101              3
              3            110              4
              3            111              7
              4            000              2
              4            001              8
              4            010              6
              4            011              8
              4            100              2
              4            101              0
              4            110              8
              4            111              4
              5            000              7
              5            001              0
              5            010              0
              5            011              5
              5            100              1
              5            101              6
              5            110              0
              5            111              3
              6            000              6
              6            001              1
              6            010              0
              6            011              7
              6            100              2
              6            101              2
              6            110              6
              6            111              4
              7            000              7
              7            001              1
              7            010              0
              7            011              3
              7            100              2
              7            101              2
              7            110              6
              7            111              7
              8            000              6
              8            001              0
              8            010              3
              8            011              2
              8            100              1
              8            101              0
              8            110              0
              8            111              5
