Eaten part = 0.237152
Start state = 7
Significant inputs: 2 3 5
Moves: 0 1 0 0 0 0 0 0 2
          state         inputs     next state
              0            000              0
              0            001              1
              0            010              0
              0            011              8
              0            100              0
              0            101              3
              0            110              8
              0            111              5
              1            000              5
              1            001              4
              1            010              4
              1            011              2
              1            100              0
              1            101              7
              1            110              0
              1            111              2
              2            000              5
              2            001              7
              2            010              6
              2            011              0
              2            100              7
              2            101              6
              2            110              6
              2            111              2
              3            000              0
              3            001              2
              3            010              6
              3            011              5
              3            100              0
              3            101              4
              3            110              0
              3            111              8
              4            000              3
              4            001              1
              4            010              8
              4            011              4
              4            100              0
              4            101              1
              4            110              0
              4            111              6
              5            000              6
              5            001              4
              5            010              0
              5            011              6
              5            100              1
              5            101              5
              5            110              5
              5            111              0
              6            000              6
              6            001              1
              6            010              6
              6            011              3
              6            100              6
              6            101              1
              6            110              0
              6            111              0
              7            000              0
              7            001              2
              7            010              8
              7            011              1
              7            100              0
              7            101              4
              7            110              8
              7            111              6
              8            000              6
              8            001              5
              8            010              4
              8            011              2
              8            100              5
              8            101              7
              8            110              4
              8            111              2
