Eaten part = 0.301474
Start state = 7
Significant inputs: 1 2 6
Moves: 2 0 1 2 0 0 1 0 0
          state         inputs     next state
              0            000              7
              0            001              1
              0            010              4
              0            011              5
              0            100              7
              0            101              4
              0            110              3
              0            111              2
              1            000              4
              1            001              4
              1            010              2
              1            011              2
              1            100              3
              1            101              5
              1            110              6
              1            111              2
              2            000              3
              2            001              7
              2            010              8
              2            011              1
              2            100              4
              2            101              5
              2            110              8
              2            111              8
              3            000              7
              3            001              7
              3            010              4
              3            011              4
              3            100              5
              3            101              8
              3            110              7
              3            111              5
              4            000              4
              4            001              4
              4            010              6
              4            011              5
              4            100              3
              4            101              1
              4            110              5
              4            111              8
              5            000              1
              5            001              7
              5            010              6
              5            011              5
              5            100              0
              5            101              7
              5            110              4
              5            111              3
              6            000              6
              6            001              5
              6            010              2
              6            011              1
              6            100              5
              6            101              8
              6            110              0
              6            111              5
              7            000              4
              7            001              1
              7            010              6
              7            011              6
              7            100              0
              7            101              8
              7            110              7
              7            111              3
              8            000              1
              8            001              1
              8            010              5
              8            011              5
              8            100              8
              8            101              0
              8            110              7
              8            111              7
