Eaten part = 0.308170
Start state = 5
Significant inputs: 2 5 6
Moves: 0 0 0 0 0 0 1 0 2
          state         inputs     next state
              0            000              1
              0            001              3
              0            010              0
              0            011              8
              0            100              8
              0            101              6
              0            110              6
              0            111              8
              1            000              1
              1            001              6
              1            010              2
              1            011              4
              1            100              8
              1            101              6
              1            110              8
              1            111              7
              2            000              4
              2            001              6
              2            010              7
              2            011              8
              2            100              3
              2            101              6
              2            110              8
              2            111              4
              3            000              1
              3            001              5
              3            010              3
              3            011              5
              3            100              8
              3            101              7
              3            110              5
              3            111              6
              4            000              1
              4            001              6
              4            010              6
              4            011              1
              4            100              8
              4            101              7
              4            110              8
              4            111              1
              5            000              0
              5            001              6
              5            010              5
              5            011              4
              5            100              2
              5            101              3
              5            110              0
              5            111              5
              6            000              1
              6            001              1
              6            010              2
              6            011              3
              6            100              0
              6            101              4
              6            110              2
              6            111              3
              7            000              0
              7            001              5
              7            010              2
              7            011              6
              7            100              0
              7            101              3
              7            110              6
              7            111              4
              8            000              6
              8            001              5
              8            010              4
              8            011              0
              8            100              5
              8            101              5
              8            110              1
              8            111              3
