Eaten part = 0.232477
Start state = 7
Significant inputs: 2 4 5
Moves: 1 0 0 0 2 0 2 0 2
          state         inputs     next state
              0            000              5
              0            001              3
              0            010              5
              0            011              8
              0            100              1
              0            101              1
              0            110              1
              0            111              6
              1            000              8
              1            001              2
              1            010              1
              1            011              4
              1            100              6
              1            101              0
              1            110              7
              1            111              6
              2            000              2
              2            001              0
              2            010              2
              2            011              2
              2            100              0
              2            101              5
              2            110              7
              2            111              2
              3            000              5
              3            001              8
              3            010              6
              3            011              6
              3            100              6
              3            101              5
              3            110              1
              3            111              3
              4            000              3
              4            001              0
              4            010              4
              4            011              5
              4            100              5
              4            101              4
              4            110              2
              4            111              8
              5            000              5
              5            001              7
              5            010              7
              5            011              7
              5            100              5
              5            101              0
              5            110              1
              5            111              7
              6            000              7
              6            001              8
              6            010              7
              6            011              3
              6            100              1
              6            101              2
              6            110              6
              6            111              7
              7            000              7
              7            001              0
              7            010              2
              7            011              2
              7            100              3
              7            101              0
              7            110              7
              7            111              7
              8            000              2
              8            001              3
              8            010              2
              8            011              1
              8            100              7
              8            101              5
              8            110              3
              8            111              7
