Eaten part = 0.257995
Start state = 6
Significant inputs: 0 4 6
Moves: 0 2 0 0 2 0 0 0 1
          state         inputs     next state
              0            000              6
              0            001              3
              0            010              0
              0            011              6
              0            100              1
              0            101              5
              0            110              6
              0            111              3
              1            000              6
              1            001              5
              1            010              8
              1            011              5
              1            100              0
              1            101              5
              1            110              5
              1            111              0
              2            000              6
              2            001              0
              2            010              3
              2            011              3
              2            100              6
              2            101              1
              2            110              3
              2            111              7
              3            000              3
              3            001              8
              3            010              6
              3            011              6
              3            100              1
              3            101              4
              3            110              0
              3            111              6
              4            000              0
              4            001              6
              4            010              0
              4            011              3
              4            100              2
              4            101              1
              4            110              0
              4            111              3
              5            000              3
              5            001              1
              5            010              3
              5            011              6
              5            100              6
              5            101              5
              5            110              6
              5            111              3
              6            000              3
              6            001              5
              6            010              3
              6            011              5
              6            100              4
              6            101              8
              6            110              3
              6            111              4
              7            000              3
              7            001              3
              7            010              0
              7            011              5
              7            100              1
              7            101              0
              7            110              6
              7            111              0
              8            000              7
              8            001              3
              8            010              5
              8            011              6
              8            100              1
              8            101              6
              8            110              7
              8            111              2
