Eaten part = 0.235899
Start state = 3
Significant inputs: 1 6 7
Moves: 0 0 0 0 0 0 2 2 2
          state         inputs     next state
              0            000              3
              0            001              0
              0            010              8
              0            011              2
              0            100              3
              0            101              2
              0            110              7
              0            111              6
              1            000              0
              1            001              7
              1            010              6
              1            011              5
              1            100              5
              1            101              7
              1            110              6
              1            111              5
              2            000              5
              2            001              1
              2            010              7
              2            011              7
              2            100              2
              2            101              3
              2            110              5
              2            111              4
              3            000              0
              3            001              2
              3            010              8
              3            011              6
              3            100              2
              3            101              2
              3            110              7
              3            111              3
              4            000              3
              4            001              4
              4            010              2
              4            011              8
              4            100              1
              4            101              7
              4            110              0
              4            111              3
              5            000              0
              5            001              1
              5            010              1
              5            011              7
              5            100              0
              5            101              7
              5            110              3
              5            111              1
              6            000              4
              6            001              2
              6            010              7
              6            011              5
              6            100              4
              6            101              2
              6            110              2
              6            111              2
              7            000              2
              7            001              5
              7            010              5
              7            011              6
              7            100              5
              7            101              7
              7            110              5
              7            111              5
              8            000              2
              8            001              2
              8            010              1
              8            011              1
              8            100              0
              8            101              3
              8            110              1
              8            111              2
