Eaten part = 0.260388
Start state = 1
Significant inputs: 3 5 6
Moves: 0 1 0 2 0 0 0 0 2
          state         inputs     next state
              0            000              5
              0            001              5
              0            010              1
              0            011              8
              0            100              8
              0            101              8
              0            110              6
              0            111              7
              1            000              2
              1            001              7
              1            010              4
              1            011              1
              1            100              0
              1            101              2
              1            110              8
              1            111              6
              2            000              6
              2            001              0
              2            010              2
              2            011              5
              2            100              3
              2            101              4
              2            110              5
              2            111              1
              3            000              1
              3            001              7
              3            010              2
              3            011              1
              3            100              4
              3            101              8
              3            110              4
              3            111              1
              4            000              4
              4            001              0
              4            010              0
              4            011              2
              4            100              8
              4            101              8
              4            110              6
              4            111              5
              5            000              4
              5            001              6
              5            010              2
              5            011              6
              5            100              8
              5            101              2
              5            110              4
              5            111              6
              6            000              4
              6            001              1
              6            010              8
              6            011              6
              6            100              8
              6            101              2
              6            110              7
              6            111              0
              7            000              7
              7            001              6
              7            010              0
              7            011              2
              7            100              7
              7            101              8
              7            110              8
              7            111              4
              8            000              8
              8            001              3
              8            010              7
              8            011              7
              8            100              3
              8            101              3
              8            110              6
              8            111              5
