Eaten part = 0.299246
Start state = 1
Significant inputs: 2 3 6
Moves: 0 0 0 0 0 0 2 1 1
          state         inputs     next state
              0            000              0
              0            001              7
              0            010              4
              0            011              8
              0            100              6
              0            101              1
              0            110              3
              0            111              5
              1            000              3
              1            001              1
              1            010              4
              1            011              7
              1            100              6
              1            101              3
              1            110              2
              1            111              3
              2            000              6
              2            001              8
              2            010              4
              2            011              1
              2            100              6
              2            101              1
              2            110              4
              2            111              4
              3            000              3
              3            001              7
              3            010              3
              3            011              7
              3            100              6
              3            101              6
              3            110              5
              3            111              8
              4            000              0
              4            001              8
              4            010              3
              4            011              5
              4            100              6
              4            101              3
              4            110              6
              4            111              3
              5            000              4
              5            001              7
              5            010              5
              5            011              8
              5            100              5
              5            101              5
              5            110              6
              5            111              1
              6            000              0
              6            001              2
              6            010              3
              6            011              0
              6            100              5
              6            101              3
              6            110              5
              6            111              3
              7            000              3
              7            001              5
              7            010              1
              7            011              1
              7            100              5
              7            101              3
              7            110              2
              7            111              0
              8            000              1
              8            001              4
              8            010              0
              8            011              6
              8            100              0
              8            101              4
              8            110              1
              8            111              2
