Eaten part = 0.268688
Start state = 8
Significant inputs: 3 4 6
Moves: 0 0 2 0 0 2 0 0 1
          state         inputs     next state
              0            000              3
              0            001              0
              0            010              7
              0            011              1
              0            100              5
              0            101              5
              0            110              4
              0            111              4
              1            000              3
              1            001              8
              1            010              6
              1            011              6
              1            100              6
              1            101              2
              1            110              1
              1            111              6
              2            000              0
              2            001              2
              2            010              3
              2            011              7
              2            100              1
              2            101              8
              2            110              4
              2            111              0
              3            000              0
              3            001              3
              3            010              0
              3            011              6
              3            100              2
              3            101              8
              3            110              7
              3            111              5
              4            000              8
              4            001              8
              4            010              0
              4            011              7
              4            100              7
              4            101              5
              4            110              7
              4            111              7
              5            000              4
              5            001              0
              5            010              7
              5            011              3
              5            100              1
              5            101              7
              5            110              1
              5            111              0
              6            000              8
              6            001              8
              6            010              4
              6            011              0
              6            100              2
              6            101              2
              6            110              7
              6            111              0
              7            000              8
              7            001              6
              7            010              4
              7            011              3
              7            100              7
              7            101              5
              7            110              7
              7            111              7
              8            000              3
              8            001              5
              8            010              5
              8            011              0
              8            100              3
              8            101              4
              8            110              5
              8            111              7
