Eaten part = 0.314295
Start state = 5
Significant inputs: 2 4 6
Moves: 2 0 2 0 0 0 1 0 0
          state         inputs     next state
              0            000              8
              0            001              5
              0            010              3
              0            011              4
              0            100              1
              0            101              4
              0            110              3
              0            111              1
              1            000              3
              1            001              6
              1            010              3
              1            011              1
              1            100              0
              1            101              5
              1            110              3
              1            111              0
              2            000              3
              2            001              8
              2            010              4
              2            011              7
              2            100              3
              2            101              5
              2            110              5
              2            111              1
              3            000              4
              3            001              6
              3            010              3
              3            011              8
              3            100              0
              3            101              8
              3            110              4
              3            111              5
              4            000              3
              4            001              6
              4            010              1
              4            011              7
              4            100              0
              4            101              6
              4            110              8
              4            111              8
              5            000              1
              5            001              4
              5            010              8
              5            011              1
              5            100              2
              5            101              1
              5            110              1
              5            111              4
              6            000              3
              6            001              4
              6            010              1
              6            011              4
              6            100              1
              6            101              1
              6            110              1
              6            111              4
              7            000              0
              7            001              1
              7            010              1
              7            011              6
              7            100              0
              7            101              0
              7            110              4
              7            111              4
              8            000              1
              8            001              6
              8            010              3
              8            011              7
              8            100              0
              8            101              3
              8            110              2
              8            111              1
