Eaten part = 0.309980
Start state = 3
Significant inputs: 0 2 6
Moves: 2 0 0 0 0 1 0 1 0
          state         inputs     next state
              0            000              2
              0            001              2
              0            010              1
              0            011              4
              0            100              3
              0            101              8
              0            110              1
              0            111              5
              1            000              8
              1            001              2
              1            010              7
              1            011              5
              1            100              8
              1            101              2
              1            110              1
              1            111              2
              2            000              3
              2            001              1
              2            010              6
              2            011              5
              2            100              0
              2            101              2
              2            110              8
              2            111              4
              3            000              8
              3            001              1
              3            010              7
              3            011              7
              3            100              0
              3            101              7
              3            110              3
              3            111              0
              4            000              8
              4            001              5
              4            010              4
              4            011              8
              4            100              1
              4            101              0
              4            110              1
              4            111              6
              5            000              6
              5            001              4
              5            010              3
              5            011              6
              5            100              6
              5            101              8
              5            110              6
              5            111              4
              6            000              3
              6            001              7
              6            010              2
              6            011              4
              6            100              8
              6            101              3
              6            110              3
              6            111              3
              7            000              1
              7            001              1
              7            010              8
              7            011              6
              7            100              8
              7            101              6
              7            110              8
              7            111              6
              8            000              8
              8            001              8
              8            010              7
              8            011              7
              8            100              0
              8            101              0
              8            110              0
              8            111              5
