Eaten part = 0.244228
Start state = 0
Significant inputs: 3 6 7
Moves: 0 0 0 1 0 0 2 0 0
          state         inputs     next state
              0            000              6
              0            001              2
              0            010              2
              0            011              3
              0            100              4
              0            101              4
              0            110              0
              0            111              1
              1            000              5
              1            001              3
              1            010              5
              1            011              8
              1            100              8
              1            101              0
              1            110              2
              1            111              1
              2            000              5
              2            001              7
              2            010              1
              2            011              2
              2            100              5
              2            101              2
              2            110              5
              2            111              6
              3            000              2
              3            001              5
              3            010              2
              3            011              7
              3            100              0
              3            101              2
              3            110              4
              3            111              4
              4            000              5
              4            001              8
              4            010              1
              4            011              8
              4            100              7
              4            101              0
              4            110              1
              4            111              8
              5            000              7
              5            001              7
              5            010              7
              5            011              6
              5            100              7
              5            101              7
              5            110              7
              5            111              3
              6            000              7
              6            001              8
              6            010              1
              6            011              0
              6            100              8
              6            101              0
              6            110              7
              6            111              4
              7            000              8
              7            001              1
              7            010              6
              7            011              3
              7            100              8
              7            101              8
              7            110              6
              7            111              3
              8            000              7
              8            001              7
              8            010              6
              8            011              6
              8            100              7
              8            101              8
              8            110              6
              8            111              2
