Eaten part = 0.261625
Start state = 1
Significant inputs: 1 2 4
Moves: 2 1 0 0 0 0 0 0 0
          state         inputs     next state
              0            000              4
              0            001              8
              0            010              5
              0            011              4
              0            100              1
              0            101              1
              0            110              0
              0            111              4
              1            000              4
              1            001              4
              1            010              3
              1            011              3
              1            100              7
              1            101              3
              1            110              8
              1            111              7
              2            000              4
              2            001              0
              2            010              2
              2            011              7
              2            100              8
              2            101              3
              2            110              8
              2            111              8
              3            000              0
              3            001              8
              3            010              1
              3            011              3
              3            100              2
              3            101              6
              3            110              4
              3            111              0
              4            000              4
              4            001              4
              4            010              1
              4            011              1
              4            100              3
              4            101              5
              4            110              2
              4            111              8
              5            000              2
              5            001              4
              5            010              7
              5            011              1
              5            100              7
              5            101              1
              5            110              3
              5            111              1
              6            000              6
              6            001              0
              6            010              0
              6            011              5
              6            100              3
              6            101              8
              6            110              5
              6            111              0
              7            000              4
              7            001              0
              7            010              5
              7            011              3
              7            100              2
              7            101              1
              7            110              5
              7            111              5
              8            000              0
              8            001              5
              8            010              1
              8            011              7
              8            100              4
              8            101              0
              8            110              4
              8            111              5
