Eaten part = 0.305975
Start state = 6
Significant inputs: 0 2 6
Moves: 0 2 1 0 0 0 0 0 1
          state         inputs     next state
              0            000              4
              0            001              5
              0            010              8
              0            011              8
              0            100              1
              0            101              6
              0            110              1
              0            111              2
              1            000              5
              1            001              4
              1            010              0
              1            011              0
              1            100              0
              1            101              0
              1            110              3
              1            111              4
              2            000              7
              2            001              3
              2            010              6
              2            011              0
              2            100              2
              2            101              2
              2            110              4
              2            111              4
              3            000              2
              3            001              1
              3            010              8
              3            011              0
              3            100              8
              3            101              8
              3            110              2
              3            111              0
              4            000              0
              4            001              7
              4            010              8
              4            011              8
              4            100              1
              4            101              7
              4            110              5
              4            111              1
              5            000              5
              5            001              5
              5            010              8
              5            011              8
              5            100              1
              5            101              7
              5            110              1
              5            111              6
              6            000              0
              6            001              6
              6            010              6
              6            011              0
              6            100              1
              6            101              0
              6            110              6
              6            111              2
              7            000              6
              7            001              6
              7            010              8
              7            011              2
              7            100              4
              7            101              0
              7            110              0
              7            111              7
              8            000              5
              8            001              6
              8            010              5
              8            011              7
              8            100              5
              8            101              7
              8            110              0
              8            111              4
