Eaten part = 0.252132
Start state = 6
Significant inputs: 0 4 6
Moves: 2 0 2 0 0 0 0 0 2
          state         inputs     next state
              0            000              3
              0            001              7
              0            010              7
              0            011              6
              0            100              7
              0            101              2
              0            110              6
              0            111              5
              1            000              1
              1            001              1
              1            010              1
              1            011              7
              1            100              8
              1            101              8
              1            110              7
              1            111              1
              2            000              6
              2            001              5
              2            010              0
              2            011              2
              2            100              3
              2            101              4
              2            110              4
              2            111              2
              3            000              5
              3            001              7
              3            010              7
              3            011              4
              3            100              2
              3            101              5
              3            110              3
              3            111              1
              4            000              1
              4            001              4
              4            010              6
              4            011              6
              4            100              2
              4            101              1
              4            110              6
              4            111              0
              5            000              4
              5            001              4
              5            010              4
              5            011              3
              5            100              8
              5            101              2
              5            110              1
              5            111              8
              6            000              5
              6            001              7
              6            010              6
              6            011              6
              6            100              6
              6            101              5
              6            110              6
              6            111              4
              7            000              5
              7            001              1
              7            010              1
              7            011              4
              7            100              3
              7            101              0
              7            110              2
              7            111              5
              8            000              7
              8            001              6
              8            010              3
              8            011              3
              8            100              4
              8            101              1
              8            110              3
              8            111              4
