Eaten part = 0.193854
Start state = 8
Significant inputs: 1 4 5
Moves: 0 0 2 0 1 1 0 0 0
          state         inputs     next state
              0            000              5
              0            001              5
              0            010              0
              0            011              6
              0            100              2
              0            101              2
              0            110              8
              0            111              8
              1            000              1
              1            001              6
              1            010              6
              1            011              7
              1            100              7
              1            101              0
              1            110              7
              1            111              1
              2            000              1
              2            001              3
              2            010              8
              2            011              6
              2            100              7
              2            101              8
              2            110              4
              2            111              3
              3            000              4
              3            001              2
              3            010              6
              3            011              0
              3            100              8
              3            101              5
              3            110              1
              3            111              5
              4            000              0
              4            001              3
              4            010              5
              4            011              6
              4            100              1
              4            101              3
              4            110              5
              4            111              0
              5            000              7
              5            001              7
              5            010              2
              5            011              3
              5            100              6
              5            101              0
              5            110              0
              5            111              8
              6            000              8
              6            001              3
              6            010              8
              6            011              1
              6            100              0
              6            101              5
              6            110              1
              6            111              4
              7            000              7
              7            001              2
              7            010              1
              7            011              0
              7            100              5
              7            101              3
              7            110              6
              7            111              5
              8            000              8
              8            001              7
              8            010              7
              8            011              1
              8            100              1
              8            101              0
              8            110              1
              8            111              8
