Eaten part = 0.242100
Start state = 3
Significant inputs: 1 2 3
Moves: 0 1 2 0 2 0 0 0 0
          state         inputs     next state
              0            000              4
              0            001              5
              0            010              2
              0            011              7
              0            100              5
              0            101              1
              0            110              8
              0            111              3
              1            000              5
              1            001              3
              1            010              3
              1            011              6
              1            100              3
              1            101              2
              1            110              3
              1            111              2
              2            000              2
              2            001              7
              2            010              1
              2            011              7
              2            100              3
              2            101              8
              2            110              8
              2            111              4
              3            000              6
              3            001              0
              3            010              1
              3            011              4
              3            100              6
              3            101              3
              3            110              6
              3            111              1
              4            000              6
              4            001              7
              4            010              3
              4            011              8
              4            100              1
              4            101              1
              4            110              6
              4            111              7
              5            000              5
              5            001              2
              5            010              3
              5            011              3
              5            100              4
              5            101              2
              5            110              1
              5            111              4
              6            000              6
              6            001              4
              6            010              1
              6            011              6
              6            100              3
              6            101              7
              6            110              6
              6            111              7
              7            000              7
              7            001              1
              7            010              1
              7            011              2
              7            100              7
              7            101              2
              7            110              4
              7            111              7
              8            000              4
              8            001              3
              8            010              6
              8            011              2
              8            100              8
              8            101              2
              8            110              4
              8            111              1
