Eaten part = 0.245919
Start state = 6
Significant inputs: 0 2 4
Moves: 0 1 0 0 1 0 0 0 0
          state         inputs     next state
              0            000              6
              0            001              5
              0            010              1
              0            011              5
              0            100              2
              0            101              3
              0            110              5
              0            111              4
              1            000              3
              1            001              5
              1            010              5
              1            011              6
              1            100              3
              1            101              7
              1            110              6
              1            111              4
              2            000              7
              2            001              7
              2            010              4
              2            011              4
              2            100              5
              2            101              6
              2            110              6
              2            111              3
              3            000              0
              3            001              1
              3            010              6
              3            011              1
              3            100              7
              3            101              7
              3            110              0
              3            111              8
              4            000              6
              4            001              6
              4            010              7
              4            011              5
              4            100              5
              4            101              3
              4            110              4
              4            111              1
              5            000              7
              5            001              0
              5            010              1
              5            011              1
              5            100              0
              5            101              2
              5            110              7
              5            111              3
              6            000              7
              6            001              5
              6            010              1
              6            011              4
              6            100              7
              6            101              0
              6            110              3
              6            111              2
              7            000              6
              7            001              6
              7            010              1
              7            011              1
              7            100              0
              7            101              8
              7            110              7
              7            111              6
              8            000              6
              8            001              3
              8            010              1
              8            011              2
              8            100              0
              8            101              0
              8            110              4
              8            111              8
