Eaten part = 0.240824
Start state = 3
Significant inputs: 1 5 6
Moves: 2 0 0 0 2 2 1 0 1
          state         inputs     next state
              0            000              4
              0            001              4
              0            010              3
              0            011              0
              0            100              5
              0            101              5
              0            110              1
              0            111              0
              1            000              7
              1            001              0
              1            010              2
              1            011              7
              1            100              5
              1            101              5
              1            110              7
              1            111              6
              2            000              3
              2            001              1
              2            010              6
              2            011              0
              2            100              5
              2            101              5
              2            110              7
              2            111              8
              3            000              7
              3            001              4
              3            010              3
              3            011              1
              3            100              4
              3            101              8
              3            110              5
              3            111              0
              4            000              2
              4            001              3
              4            010              2
              4            011              3
              4            100              4
              4            101              1
              4            110              3
              4            111              3
              5            000              4
              5            001              7
              5            010              7
              5            011              1
              5            100              6
              5            101              8
              5            110              3
              5            111              7
              6            000              7
              6            001              8
              6            010              7
              6            011              1
              6            100              0
              6            101              1
              6            110              1
              6            111              7
              7            000              7
              7            001              1
              7            010              1
              7            011              3
              7            100              5
              7            101              5
              7            110              3
              7            111              6
              8            000              8
              8            001              1
              8            010              1
              8            011              1
              8            100              0
              8            101              6
              8            110              6
              8            111              0
