Eaten part = 0.305291
Start state = 6
Significant inputs: 2 5 6
Moves: 0 0 0 1 2 0 0 2 0
          state         inputs     next state
              0            000              0
              0            001              3
              0            010              6
              0            011              5
              0            100              7
              0            101              1
              0            110              1
              0            111              3
              1            000              0
              1            001              3
              1            010              1
              1            011              6
              1            100              7
              1            101              1
              1            110              0
              1            111              3
              2            000              6
              2            001              5
              2            010              7
              2            011              2
              2            100              4
              2            101              3
              2            110              5
              2            111              6
              3            000              5
              3            001              2
              3            010              0
              3            011              6
              3            100              8
              3            101              2
              3            110              8
              3            111              7
              4            000              6
              4            001              4
              4            010              5
              4            011              0
              4            100              6
              4            101              3
              4            110              1
              4            111              0
              5            000              6
              5            001              3
              5            010              4
              5            011              1
              5            100              4
              5            101              6
              5            110              0
              5            111              7
              6            000              1
              6            001              3
              6            010              8
              6            011              8
              6            100              7
              6            101              4
              6            110              2
              6            111              3
              7            000              6
              7            001              1
              7            010              2
              7            011              0
              7            100              2
              7            101              2
              7            110              6
              7            111              1
              8            000              2
              8            001              7
              8            010              6
              8            011              6
              8            100              2
              8            101              0
              8            110              4
              8            111              0
