Eaten part = 0.250022
Start state = 0
Significant inputs: 1 3 6
Moves: 1 0 0 0 1 0 2 0 1
          state         inputs     next state
              0            000              3
              0            001              5
              0            010              7
              0            011              5
              0            100              8
              0            101              3
              0            110              1
              0            111              5
              1            000              0
              1            001              7
              1            010              5
              1            011              6
              1            100              2
              1            101              7
              1            110              8
              1            111              1
              2            000              8
              2            001              5
              2            010              7
              2            011              5
              2            100              4
              2            101              6
              2            110              3
              2            111              0
              3            000              2
              3            001              2
              3            010              8
              3            011              2
              3            100              4
              3            101              4
              3            110              0
              3            111              4
              4            000              4
              4            001              5
              4            010              4
              4            011              6
              4            100              5
              4            101              7
              4            110              5
              4            111              4
              5            000              7
              5            001              4
              5            010              7
              5            011              8
              5            100              3
              5            101              6
              5            110              6
              5            111              4
              6            000              5
              6            001              3
              6            010              0
              6            011              7
              6            100              3
              6            101              4
              6            110              3
              6            111              3
              7            000              7
              7            001              7
              7            010              7
              7            011              3
              7            100              6
              7            101              6
              7            110              6
              7            111              2
              8            000              7
              8            001              5
              8            010              6
              8            011              5
              8            100              7
              8            101              2
              8            110              7
              8            111              6
