Eaten part = 0.238555
Start state = 1
Significant inputs: 2 4 5
Moves: 1 2 0 0 2 0 0 0 0
          state         inputs     next state
              0            000              2
              0            001              2
              0            010              5
              0            011              5
              0            100              3
              0            101              5
              0            110              1
              0            111              4
              1            000              2
              1            001              8
              1            010              5
              1            011              5
              1            100              6
              1            101              5
              1            110              8
              1            111              3
              2            000              2
              2            001              0
              2            010              6
              2            011              7
              2            100              4
              2            101              4
              2            110              3
              2            111              3
              3            000              5
              3            001              3
              3            010              2
              3            011              1
              3            100              8
              3            101              8
              3            110              1
              3            111              4
              4            000              7
              4            001              1
              4            010              8
              4            011              2
              4            100              3
              4            101              7
              4            110              0
              4            111              3
              5            000              6
              5            001              2
              5            010              2
              5            011              7
              5            100              6
              5            101              0
              5            110              5
              5            111              4
              6            000              6
              6            001              0
              6            010              5
              6            011              5
              6            100              7
              6            101              2
              6            110              3
              6            111              0
              7            000              1
              7            001              1
              7            010              2
              7            011              2
              7            100              3
              7            101              3
              7            110              3
              7            111              2
              8            000              4
              8            001              7
              8            010              6
              8            011              2
              8            100              6
              8            101              6
              8            110              4
              8            111              3
