Eaten part = 0.255175
Start state = 6
Significant inputs: 2 3 4
Moves: 0 2 0 0 0 1 1 0 2
          state         inputs     next state
              0            000              8
              0            001              5
              0            010              8
              0            011              7
              0            100              7
              0            101              1
              0            110              3
              0            111              4
              1            000              3
              1            001              0
              1            010              1
              1            011              0
              1            100              5
              1            101              3
              1            110              5
              1            111              8
              2            000              7
              2            001              8
              2            010              5
              2            011              5
              2            100              7
              2            101              0
              2            110              8
              2            111              3
              3            000              5
              3            001              2
              3            010              7
              3            011              7
              3            100              4
              3            101              0
              3            110              8
              3            111              0
              4            000              8
              4            001              4
              4            010              8
              4            011              5
              4            100              4
              4            101              0
              4            110              4
              4            111              1
              5            000              7
              5            001              4
              5            010              3
              5            011              7
              5            100              7
              5            101              2
              5            110              6
              5            111              8
              6            000              7
              6            001              4
              6            010              8
              6            011              3
              6            100              4
              6            101              2
              6            110              1
              6            111              1
              7            000              7
              7            001              6
              7            010              7
              7            011              0
              7            100              0
              7            101              0
              7            110              7
              7            111              3
              8            000              7
              8            001              7
              8            010              7
              8            011              2
              8            100              7
              8            101              4
              8            110              8
              8            111              2
