Eaten part = 0.252491
Start state = 1
Significant inputs: 0 5 6
Moves: 1 0 0 0 0 0 0 0 2
          state         inputs     next state
              0            000              4
              0            001              7
              0            010              3
              0            011              6
              0            100              1
              0            101              6
              0            110              4
              0            111              4
              1            000              0
              1            001              6
              1            010              1
              1            011              3
              1            100              5
              1            101              8
              1            110              4
              1            111              1
              2            000              7
              2            001              3
              2            010              1
              2            011              0
              2            100              8
              2            101              7
              2            110              1
              2            111              6
              3            000              2
              3            001              1
              3            010              3
              3            011              1
              3            100              8
              3            101              8
              3            110              4
              3            111              5
              4            000              4
              4            001              2
              4            010              5
              4            011              2
              4            100              8
              4            101              8
              4            110              0
              4            111              6
              5            000              3
              5            001              4
              5            010              7
              5            011              4
              5            100              0
              5            101              4
              5            110              7
              5            111              3
              6            000              3
              6            001              8
              6            010              5
              6            011              4
              6            100              7
              6            101              1
              6            110              7
              6            111              4
              7            000              3
              7            001              2
              7            010              4
              7            011              1
              7            100              8
              7            101              6
              7            110              8
              7            111              2
              8            000              1
              8            001              8
              8            010              2
              8            011              7
              8            100              5
              8            101              7
              8            110              1
              8            111              3
