Eaten part = 0.296036
Start state = 8
Significant inputs: 1 2 6
Moves: 2 0 2 2 0 1 0 1 0
          state         inputs     next state
              0            000              6
              0            001              6
              0            010              0
              0            011              5
              0            100              7
              0            101              7
              0            110              0
              0            111              5
              1            000              1
              1            001              6
              1            010              5
              1            011              7
              1            100              3
              1            101              0
              1            110              0
              1            111              1
              2            000              8
              2            001              5
              2            010              3
              2            011              3
              2            100              8
              2            101              6
              2            110              6
              2            111              6
              3            000              1
              3            001              0
              3            010              8
              3            011              0
              3            100              6
              3            101              4
              3            110              4
              3            111              5
              4            000              6
              4            001              8
              4            010              8
              4            011              8
              4            100              7
              4            101              4
              4            110              3
              4            111              6
              5            000              5
              5            001              1
              5            010              8
              5            011              1
              5            100              8
              5            101              4
              5            110              8
              5            111              1
              6            000              1
              6            001              8
              6            010              5
              6            011              1
              6            100              3
              6            101              2
              6            110              4
              6            111              6
              7            000              8
              7            001              8
              7            010              5
              7            011              8
              7            100              0
              7            101              1
              7            110              1
              7            111              4
              8            000              1
              8            001              8
              8            010              5
              8            011              0
              8            100              6
              8            101              6
              8            110              7
              8            111              2
