Eaten part = 0.262893
Start state = 0
Significant inputs: 2 4 5
Moves: 0 2 0 0 0 0 1 2 0
          state         inputs     next state
              0            000              1
              0            001              6
              0            010              8
              0            011              5
              0            100              2
              0            101              0
              0            110              7
              0            111              5
              1            000              8
              1            001              8
              1            010              6
              1            011              5
              1            100              5
              1            101              8
              1            110              2
              1            111              4
              2            000              5
              2            001              6
              2            010              0
              2            011              6
              2            100              5
              2            101              7
              2            110              8
              2            111              3
              3            000              8
              3            001              3
              3            010              2
              3            011              2
              3            100              7
              3            101              2
              3            110              5
              3            111              8
              4            000              4
              4            001              6
              4            010              5
              4            011              3
              4            100              5
              4            101              0
              4            110              2
              4            111              6
              5            000              8
              5            001              6
              5            010              2
              5            011              4
              5            100              5
              5            101              1
              5            110              0
              5            111              5
              6            000              8
              6            001              0
              6            010              0
              6            011              5
              6            100              4
              6            101              0
              6            110              3
              6            111              5
              7            000              3
              7            001              7
              7            010              4
              7            011              0
              7            100              0
              7            101              1
              7            110              6
              7            111              3
              8            000              5
              8            001              6
              8            010              5
              8            011              4
              8            100              0
              8            101              6
              8            110              2
              8            111              0
