Eaten part = 0.200366
Start state = 8
Significant inputs: 0 1 4
Moves: 1 2 0 0 0 1 0 2 0
          state         inputs     next state
              0            000              7
              0            001              6
              0            010              4
              0            011              8
              0            100              1
              0            101              2
              0            110              0
              0            111              4
              1            000              3
              1            001              1
              1            010              1
              1            011              3
              1            100              2
              1            101              5
              1            110              2
              1            111              2
              2            000              6
              2            001              8
              2            010              4
              2            011              7
              2            100              4
              2            101              2
              2            110              0
              2            111              8
              3            000              7
              3            001              8
              3            010              7
              3            011              1
              3            100              3
              3            101              6
              3            110              7
              3            111              5
              4            000              4
              4            001              4
              4            010              8
              4            011              0
              4            100              8
              4            101              3
              4            110              8
              4            111              3
              5            000              0
              5            001              8
              5            010              4
              5            011              3
              5            100              5
              5            101              2
              5            110              6
              5            111              4
              6            000              0
              6            001              6
              6            010              6
              6            011              2
              6            100              2
              6            101              2
              6            110              4
              6            111              8
              7            000              2
              7            001              2
              7            010              3
              7            011              5
              7            100              8
              7            101              1
              7            110              2
              7            111              4
              8            000              0
              8            001              4
              8            010              1
              8            011              4
              8            100              4
              8            101              3
              8            110              3
              8            111              5
