Eaten part = 0.295444
Start state = 3
Significant inputs: 2 6 7
Moves: 1 2 0 0 2 0 2 0 0
          state         inputs     next state
              0            000              5
              0            001              7
              0            010              2
              0            011              5
              0            100              7
              0            101              7
              0            110              7
              0            111              7
              1            000              2
              1            001              7
              1            010              5
              1            011              7
              1            100              3
              1            101              0
              1            110              3
              1            111              3
              2            000              7
              2            001              7
              2            010              5
              2            011              3
              2            100              3
              2            101              1
              2            110              0
              2            111              1
              3            000              5
              3            001              8
              3            010              2
              3            011              7
              3            100              5
              3            101              6
              3            110              4
              3            111              1
              4            000              2
              4            001              3
              4            010              1
              4            011              0
              4            100              2
              4            101              7
              4            110              7
              4            111              2
              5            000              5
              5            001              0
              5            010              1
              5            011              4
              5            100              5
              5            101              0
              5            110              6
              5            111              0
              6            000              2
              6            001              7
              6            010              3
              6            011              7
              6            100              3
              6            101              8
              6            110              4
              6            111              3
              7            000              7
              7            001              0
              7            010              1
              7            011              0
              7            100              7
              7            101              5
              7            110              6
              7            111              0
              8            000              4
              8            001              0
              8            010              1
              8            011              0
              8            100              3
              8            101              8
              8            110              7
              8            111              5
