Eaten part = 0.250492
Start state = 3
Significant inputs: 2 3 4
Moves: 1 1 0 0 0 0 0 0 2
          state         inputs     next state
              0            000              7
              0            001              7
              0            010              4
              0            011              2
              0            100              8
              0            101              7
              0            110              1
              0            111              4
              1            000              5
              1            001              7
              1            010              1
              1            011              1
              1            100              6
              1            101              1
              1            110              1
              1            111              8
              2            000              5
              2            001              1
              2            010              0
              2            011              0
              2            100              2
              2            101              4
              2            110              5
              2            111              7
              3            000              2
              3            001              1
              3            010              6
              3            011              5
              3            100              7
              3            101              5
              3            110              7
              3            111              5
              4            000              1
              4            001              2
              4            010              7
              4            011              1
              4            100              4
              4            101              5
              4            110              2
              4            111              6
              5            000              3
              5            001              1
              5            010              5
              5            011              2
              5            100              5
              5            101              5
              5            110              7
              5            111              4
              6            000              6
              6            001              8
              6            010              5
              6            011              1
              6            100              8
              6            101              6
              6            110              1
              6            111              8
              7            000              5
              7            001              5
              7            010              2
              7            011              0
              7            100              7
              7            101              8
              7            110              5
              7            111              6
              8            000              7
              8            001              3
              8            010              5
              8            011              2
              8            100              2
              8            101              3
              8            110              7
              8            111              1
