Eaten part = 0.308881
Start state = 3
Significant inputs: 2 4 6
Moves: 0 0 1 0 2 0 0 0 0
          state         inputs     next state
              0            000              1
              0            001              4
              0            010              7
              0            011              4
              0            100              3
              0            101              0
              0            110              1
              0            111              0
              1            000              7
              1            001              2
              1            010              5
              1            011              4
              1            100              4
              1            101              6
              1            110              2
              1            111              3
              2            000              3
              2            001              7
              2            010              6
              2            011              7
              2            100              3
              2            101              7
              2            110              1
              2            111              5
              3            000              7
              3            001              2
              3            010              6
              3            011              7
              3            100              2
              3            101              5
              3            110              8
              3            111              0
              4            000              1
              4            001              5
              4            010              3
              4            011              3
              4            100              3
              4            101              5
              4            110              2
              4            111              8
              5            000              7
              5            001              2
              5            010              5
              5            011              7
              5            100              4
              5            101              5
              5            110              7
              5            111              6
              6            000              8
              6            001              2
              6            010              5
              6            011              5
              6            100              5
              6            101              5
              6            110              8
              6            111              4
              7            000              5
              7            001              2
              7            010              7
              7            011              7
              7            100              4
              7            101              2
              7            110              7
              7            111              4
              8            000              5
              8            001              4
              8            010              1
              8            011              2
              8            100              1
              8            101              0
              8            110              3
              8            111              8
