Eaten part = 0.250574
Start state = 7
Significant inputs: 0 5 6
Moves: 0 0 0 1 2 0 0 0 2
          state         inputs     next state
              0            000              3
              0            001              7
              0            010              8
              0            011              2
              0            100              6
              0            101              5
              0            110              8
              0            111              4
              1            000              2
              1            001              5
              1            010              5
              1            011              7
              1            100              7
              1            101              5
              1            110              7
              1            111              3
              2            000              5
              2            001              3
              2            010              4
              2            011              5
              2            100              8
              2            101              7
              2            110              4
              2            111              0
              3            000              7
              3            001              5
              3            010              3
              3            011              5
              3            100              0
              3            101              1
              3            110              8
              3            111              1
              4            000              3
              4            001              5
              4            010              2
              4            011              7
              4            100              8
              4            101              4
              4            110              5
              4            111              3
              5            000              7
              5            001              1
              5            010              0
              5            011              0
              5            100              8
              5            101              8
              5            110              0
              5            111              8
              6            000              4
              6            001              0
              6            010              1
              6            011              5
              6            100              7
              6            101              5
              6            110              0
              6            111              7
              7            000              5
              7            001              3
              7            010              1
              7            011              0
              7            100              8
              7            101              8
              7            110              4
              7            111              8
              8            000              0
              8            001              3
              8            010              7
              8            011              7
              8            100              5
              8            101              8
              8            110              0
              8            111              6
