Eaten part = 0.246564
Start state = 2
Significant inputs: 0 5 6
Moves: 0 2 1 0 0 0 2 0 1
          state         inputs     next state
              0            000              5
              0            001              8
              0            010              6
              0            011              7
              0            100              5
              0            101              1
              0            110              0
              0            111              3
              1            000              3
              1            001              1
              1            010              3
              1            011              7
              1            100              0
              1            101              5
              1            110              5
              1            111              5
              2            000              1
              2            001              2
              2            010              1
              2            011              2
              2            100              8
              2            101              0
              2            110              5
              2            111              4
              3            000              3
              3            001              7
              3            010              0
              3            011              3
              3            100              1
              3            101              7
              3            110              1
              3            111              1
              4            000              7
              4            001              6
              4            010              7
              4            011              0
              4            100              5
              4            101              5
              4            110              2
              4            111              6
              5            000              8
              5            001              8
              5            010              4
              5            011              2
              5            100              3
              5            101              5
              5            110              7
              5            111              1
              6            000              4
              6            001              7
              6            010              7
              6            011              0
              6            100              8
              6            101              4
              6            110              4
              6            111              0
              7            000              7
              7            001              7
              7            010              3
              7            011              7
              7            100              1
              7            101              6
              7            110              4
              7            111              4
              8            000              7
              8            001              4
              8            010              7
              8            011              7
              8            100              0
              8            101              7
              8            110              8
              8            111              3
