Eaten part = 0.227613
Start state = 1
Significant inputs: 0 3 6
Moves: 2 0 0 2 0 0 0 0 0
          state         inputs     next state
              0            000              5
              0            001              1
              0            010              2
              0            011              0
              0            100              2
              0            101              7
              0            110              1
              0            111              1
              1            000              6
              1            001              2
              1            010              4
              1            011              6
              1            100              3
              1            101              8
              1            110              2
              1            111              1
              2            000              2
              2            001              3
              2            010              2
              2            011              5
              2            100              0
              2            101              7
              2            110              0
              2            111              8
              3            000              6
              3            001              2
              3            010              5
              3            011              6
              3            100              6
              3            101              7
              3            110              2
              3            111              5
              4            000              6
              4            001              7
              4            010              1
              4            011              7
              4            100              7
              4            101              8
              4            110              3
              4            111              1
              5            000              5
              5            001              6
              5            010              6
              5            011              8
              5            100              3
              5            101              5
              5            110              0
              5            111              2
              6            000              4
              6            001              1
              6            010              7
              6            011              1
              6            100              3
              6            101              0
              6            110              5
              6            111              2
              7            000              8
              7            001              1
              7            010              8
              7            011              0
              7            100              3
              7            101              6
              7            110              6
              7            111              1
              8            000              8
              8            001              8
              8            010              5
              8            011              5
              8            100              0
              8            101              5
              8            110              5
              8            111              0
