Eaten part = 0.290853
Start state = 0
Significant inputs: 2 4 6
Moves: 0 2 0 0 0 1 0 0 0
          state         inputs     next state
              0            000              0
              0            001              5
              0            010              7
              0            011              7
              0            100              5
              0            101              5
              0            110              8
              0            111              4
              1            000              2
              1            001              7
              1            010              4
              1            011              3
              1            100              0
              1            101              4
              1            110              7
              1            111              6
              2            000              6
              2            001              7
              2            010              6
              2            011              2
              2            100              4
              2            101              8
              2            110              6
              2            111              7
              3            000              0
              3            001              7
              3            010              0
              3            011              2
              3            100              5
              3            101              6
              3            110              2
              3            111              0
              4            000              6
              4            001              7
              4            010              3
              4            011              6
              4            100              4
              4            101              0
              4            110              4
              4            111              2
              5            000              2
              5            001              7
              5            010              7
              5            011              2
              5            100              7
              5            101              6
              5            110              2
              5            111              5
              6            000              6
              6            001              5
              6            010              6
              6            011              7
              6            100              1
              6            101              6
              6            110              1
              6            111              4
              7            000              6
              7            001              7
              7            010              3
              7            011              4
              7            100              1
              7            101              5
              7            110              5
              7            111              5
              8            000              5
              8            001              3
              8            010              0
              8            011              5
              8            100              6
              8            101              6
              8            110              5
              8            111              4
