Eaten part = 0.217674
Start state = 1
Significant inputs: 0 4 5
Moves: 0 0 1 0 1 0 2 0 0
          state         inputs     next state
              0            000              8
              0            001              4
              0            010              7
              0            011              5
              0            100              0
              0            101              3
              0            110              1
              0            111              0
              1            000              2
              1            001              4
              1            010              8
              1            011              4
              1            100              5
              1            101              7
              1            110              8
              1            111              0
              2            000              5
              2            001              8
              2            010              6
              2            011              8
              2            100              5
              2            101              8
              2            110              4
              2            111              8
              3            000              2
              3            001              1
              3            010              3
              3            011              4
              3            100              0
              3            101              1
              3            110              5
              3            111              7
              4            000              3
              4            001              3
              4            010              6
              4            011              1
              4            100              3
              4            101              5
              4            110              2
              4            111              5
              5            000              6
              5            001              6
              5            010              8
              5            011              6
              5            100              1
              5            101              4
              5            110              8
              5            111              8
              6            000              8
              6            001              1
              6            010              0
              6            011              6
              6            100              8
              6            101              5
              6            110              0
              6            111              1
              7            000              8
              7            001              1
              7            010              7
              7            011              0
              7            100              5
              7            101              1
              7            110              1
              7            111              4
              8            000              0
              8            001              4
              8            010              0
              8            011              5
              8            100              2
              8            101              6
              8            110              0
              8            111              1
