Eaten part = 0.307301
Start state = 5
Significant inputs: 1 2 6
Moves: 2 0 0 1 0 0 1 1 1
          state         inputs     next state
              0            000              1
              0            001              5
              0            010              5
              0            011              4
              0            100              2
              0            101              4
              0            110              1
              0            111              0
              1            000              2
              1            001              1
              1            010              6
              1            011              4
              1            100              4
              1            101              8
              1            110              8
              1            111              3
              2            000              2
              2            001              0
              2            010              8
              2            011              6
              2            100              0
              2            101              5
              2            110              6
              2            111              2
              3            000              5
              3            001              1
              3            010              5
              3            011              5
              3            100              1
              3            101              4
              3            110              7
              3            111              4
              4            000              4
              4            001              4
              4            010              8
              4            011              6
              4            100              1
              4            101              7
              4            110              1
              4            111              3
              5            000              2
              5            001              1
              5            010              6
              5            011              8
              5            100              0
              5            101              3
              5            110              3
              5            111              6
              6            000              7
              6            001              1
              6            010              8
              6            011              2
              6            100              6
              6            101              4
              6            110              2
              6            111              5
              7            000              3
              7            001              3
              7            010              6
              7            011              8
              7            100              8
              7            101              6
              7            110              1
              7            111              5
              8            000              8
              8            001              5
              8            010              6
              8            011              2
              8            100              4
              8            101              1
              8            110              3
              8            111              5
