Eaten part = 0.198324
Start state = 8
Significant inputs: 1 4 7
Moves: 0 1 1 2 1 0 1 2 0
          state         inputs     next state
              0            000              8
              0            001              0
              0            010              1
              0            011              1
              0            100              5
              0            101              5
              0            110              4
              0            111              5
              1            000              0
              1            001              6
              1            010              1
              1            011              7
              1            100              5
              1            101              2
              1            110              8
              1            111              7
              2            000              8
              2            001              6
              2            010              2
              2            011              0
              2            100              2
              2            101              8
              2            110              7
              2            111              6
              3            000              5
              3            001              4
              3            010              6
              3            011              2
              3            100              5
              3            101              5
              3            110              8
              3            111              4
              4            000              6
              4            001              6
              4            010              6
              4            011              2
              4            100              0
              4            101              4
              4            110              1
              4            111              7
              5            000              8
              5            001              8
              5            010              5
              5            011              5
              5            100              3
              5            101              8
              5            110              5
              5            111              5
              6            000              8
              6            001              5
              6            010              7
              6            011              8
              6            100              1
              6            101              4
              6            110              0
              6            111              8
              7            000              2
              7            001              7
              7            010              1
              7            011              0
              7            100              8
              7            101              5
              7            110              2
              7            111              8
              8            000              5
              8            001              3
              8            010              8
              8            011              8
              8            100              3
              8            101              5
              8            110              5
              8            111              5
