Eaten part = 0.214011
Start state = 7
Significant inputs: 0 3 4
Moves: 2 0 0 2 0 2 0 1 0
          state         inputs     next state
              0            000              3
              0            001              7
              0            010              2
              0            011              7
              0            100              2
              0            101              4
              0            110              2
              0            111              2
              1            000              0
              1            001              6
              1            010              7
              1            011              5
              1            100              2
              1            101              7
              1            110              4
              1            111              2
              2            000              4
              2            001              8
              2            010              6
              2            011              2
              2            100              6
              2            101              4
              2            110              1
              2            111              1
              3            000              8
              3            001              8
              3            010              6
              3            011              5
              3            100              7
              3            101              2
              3            110              3
              3            111              2
              4            000              2
              4            001              2
              4            010              8
              4            011              7
              4            100              8
              4            101              6
              4            110              4
              4            111              6
              5            000              8
              5            001              6
              5            010              6
              5            011              8
              5            100              0
              5            101              6
              5            110              2
              5            111              0
              6            000              3
              6            001              3
              6            010              3
              6            011              8
              6            100              8
              6            101              8
              6            110              8
              6            111              2
              7            000              6
              7            001              2
              7            010              7
              7            011              8
              7            100              3
              7            101              2
              7            110              7
              7            111              2
              8            000              7
              8            001              8
              8            010              8
              8            011              3
              8            100              6
              8            101              6
              8            110              8
              8            111              4
