Eaten part = 0.207484
Start state = 4
Significant inputs: 0 1 4
Moves: 1 0 0 0 1 2 0 0 0
          state         inputs     next state
              0            000              0
              0            001              8
              0            010              1
              0            011              1
              0            100              0
              0            101              4
              0            110              8
              0            111              6
              1            000              1
              1            001              7
              1            010              4
              1            011              3
              1            100              1
              1            101              7
              1            110              7
              1            111              1
              2            000              5
              2            001              8
              2            010              4
              2            011              5
              2            100              3
              2            101              3
              2            110              3
              2            111              2
              3            000              8
              3            001              2
              3            010              4
              3            011              6
              3            100              7
              3            101              0
              3            110              7
              3            111              8
              4            000              2
              4            001              6
              4            010              6
              4            011              6
              4            100              0
              4            101              0
              4            110              6
              4            111              3
              5            000              1
              5            001              1
              5            010              3
              5            011              0
              5            100              0
              5            101              0
              5            110              2
              5            111              5
              6            000              2
              6            001              4
              6            010              3
              6            011              6
              6            100              7
              6            101              1
              6            110              3
              6            111              4
              7            000              6
              7            001              3
              7            010              5
              7            011              7
              7            100              8
              7            101              3
              7            110              8
              7            111              3
              8            000              4
              8            001              8
              8            010              2
              8            011              7
              8            100              6
              8            101              2
              8            110              1
              8            111              1
