Eaten part = 0.274137
Start state = 3
Significant inputs: 2 3 6
Moves: 0 0 0 0 0 0 2 0 1
          state         inputs     next state
              0            000              0
              0            001              4
              0            010              8
              0            011              5
              0            100              5
              0            101              2
              0            110              8
              0            111              1
              1            000              2
              1            001              2
              1            010              7
              1            011              8
              1            100              1
              1            101              3
              1            110              6
              1            111              3
              2            000              4
              2            001              8
              2            010              5
              2            011              2
              2            100              6
              2            101              8
              2            110              2
              2            111              0
              3            000              2
              3            001              8
              3            010              2
              3            011              2
              3            100              0
              3            101              1
              3            110              3
              3            111              8
              4            000              7
              4            001              8
              4            010              3
              4            011              4
              4            100              6
              4            101              6
              4            110              7
              4            111              0
              5            000              2
              5            001              8
              5            010              4
              5            011              2
              5            100              7
              5            101              4
              5            110              4
              5            111              3
              6            000              7
              6            001              4
              6            010              4
              6            011              5
              6            100              5
              6            101              3
              6            110              1
              6            111              2
              7            000              2
              7            001              8
              7            010              5
              7            011              7
              7            100              6
              7            101              4
              7            110              2
              7            111              7
              8            000              1
              8            001              1
              8            010              7
              8            011              4
              8            100              1
              8            101              2
              8            110              5
              8            111              3
