Eaten part = 0.303715
Start state = 6
Significant inputs: 0 2 6
Moves: 0 0 0 2 0 1 2 1 0
          state         inputs     next state
              0            000              8
              0            001              8
              0            010              5
              0            011              5
              0            100              6
              0            101              3
              0            110              3
              0            111              5
              1            000              0
              1            001              1
              1            010              4
              1            011              8
              1            100              3
              1            101              3
              1            110              5
              1            111              7
              2            000              8
              2            001              1
              2            010              2
              2            011              5
              2            100              4
              2            101              4
              2            110              1
              2            111              6
              3            000              2
              3            001              1
              3            010              1
              3            011              0
              3            100              5
              3            101              4
              3            110              4
              3            111              5
              4            000              1
              4            001              0
              4            010              5
              4            011              5
              4            100              3
              4            101              1
              4            110              0
              4            111              6
              5            000              8
              5            001              0
              5            010              1
              5            011              4
              5            100              8
              5            101              2
              5            110              1
              5            111              4
              6            000              4
              6            001              1
              6            010              0
              6            011              2
              6            100              4
              6            101              5
              6            110              8
              6            111              4
              7            000              5
              7            001              7
              7            010              0
              7            011              1
              7            100              2
              7            101              3
              7            110              4
              7            111              7
              8            000              8
              8            001              0
              8            010              5
              8            011              5
              8            100              6
              8            101              6
              8            110              3
              8            111              1
