Eaten part = 0.301716
Start state = 7
Significant inputs: 2 4 6
Moves: 0 0 0 2 2 0 1 0 0
          state         inputs     next state
              0            000              5
              0            001              6
              0            010              0
              0            011              6
              0            100              3
              0            101              3
              0            110              7
              0            111              7
              1            000              0
              1            001              2
              1            010              8
              1            011              8
              1            100              7
              1            101              3
              1            110              5
              1            111              3
              2            000              0
              2            001              6
              2            010              1
              2            011              5
              2            100              3
              2            101              4
              2            110              0
              2            111              7
              3            000              2
              3            001              5
              3            010              2
              3            011              2
              3            100              1
              3            101              5
              3            110              0
              3            111              2
              4            000              1
              4            001              7
              4            010              6
              4            011              8
              4            100              0
              4            101              0
              4            110              1
              4            111              7
              5            000              5
              5            001              6
              5            010              0
              5            011              2
              5            100              4
              5            101              0
              5            110              5
              5            111              5
              6            000              5
              6            001              7
              6            010              3
              6            011              2
              6            100              1
              6            101              0
              6            110              0
              6            111              1
              7            000              2
              7            001              2
              7            010              7
              7            011              8
              7            100              1
              7            101              3
              7            110              5
              7            111              5
              8            000              2
              8            001              7
              8            010              8
              8            011              1
              8            100              3
              8            101              2
              8            110              0
              8            111              3
