Eaten part = 0.237759
Start state = 2
Significant inputs: 0 1 2
Moves: 0 1 0 0 0 1 0 0 1
          state         inputs     next state
              0            000              4
              0            001              6
              0            010              5
              0            011              1
              0            100              4
              0            101              5
              0            110              1
              0            111              4
              1            000              3
              1            001              4
              1            010              3
              1            011              3
              1            100              5
              1            101              8
              1            110              6
              1            111              2
              2            000              2
              2            001              7
              2            010              5
              2            011              5
              2            100              1
              2            101              1
              2            110              8
              2            111              8
              3            000              3
              3            001              3
              3            010              2
              3            011              1
              3            100              5
              3            101              4
              3            110              1
              3            111              8
              4            000              4
              4            001              2
              4            010              7
              4            011              2
              4            100              6
              4            101              7
              4            110              3
              4            111              8
              5            000              3
              5            001              4
              5            010              3
              5            011              4
              5            100              7
              5            101              6
              5            110              6
              5            111              0
              6            000              7
              6            001              0
              6            010              3
              6            011              2
              6            100              3
              6            101              7
              6            110              7
              6            111              6
              7            000              2
              7            001              2
              7            010              5
              7            011              5
              7            100              8
              7            101              2
              7            110              2
              7            111              2
              8            000              8
              8            001              2
              8            010              6
              8            011              6
              8            100              3
              8            101              5
              8            110              3
              8            111              5
