Eaten part = 0.252868
Start state = 4
Significant inputs: 3 4 6
Moves: 1 0 0 0 1 0 2 0 0
          state         inputs     next state
              0            000              2
              0            001              8
              0            010              6
              0            011              1
              0            100              6
              0            101              1
              0            110              6
              0            111              3
              1            000              1
              1            001              5
              1            010              3
              1            011              3
              1            100              6
              1            101              6
              1            110              2
              1            111              0
              2            000              4
              2            001              1
              2            010              2
              2            011              3
              2            100              2
              2            101              6
              2            110              5
              2            111              4
              3            000              4
              3            001              1
              3            010              7
              3            011              3
              3            100              7
              3            101              6
              3            110              2
              3            111              6
              4            000              3
              4            001              5
              4            010              7
              4            011              5
              4            100              0
              4            101              2
              4            110              8
              4            111              6
              5            000              1
              5            001              5
              5            010              3
              5            011              1
              5            100              1
              5            101              2
              5            110              3
              5            111              8
              6            000              2
              6            001              4
              6            010              1
              6            011              0
              6            100              2
              6            101              2
              6            110              7
              6            111              0
              7            000              5
              7            001              8
              7            010              7
              7            011              0
              7            100              6
              7            101              4
              7            110              3
              7            111              6
              8            000              1
              8            001              1
              8            010              4
              8            011              7
              8            100              7
              8            101              4
              8            110              7
              8            111              1
