Eaten part = 0.267866
Start state = 1
Significant inputs: 4 6 7
Moves: 2 0 0 1 2 2 1 0 1
          state         inputs     next state
              0            000              7
              0            001              6
              0            010              2
              0            011              2
              0            100              1
              0            101              7
              0            110              7
              0            111              2
              1            000              2
              1            001              2
              1            010              3
              1            011              2
              1            100              7
              1            101              1
              1            110              0
              1            111              3
              2            000              3
              2            001              8
              2            010              4
              2            011              1
              2            100              3
              2            101              2
              2            110              8
              2            111              5
              3            000              7
              3            001              7
              3            010              7
              3            011              1
              3            100              7
              3            101              5
              3            110              7
              3            111              7
              4            000              7
              4            001              2
              4            010              1
              4            011              6
              4            100              5
              4            101              2
              4            110              1
              4            111              1
              5            000              2
              5            001              3
              5            010              2
              5            011              5
              5            100              2
              5            101              7
              5            110              7
              5            111              7
              6            000              1
              6            001              2
              6            010              8
              6            011              3
              6            100              7
              6            101              1
              6            110              5
              6            111              2
              7            000              7
              7            001              7
              7            010              0
              7            011              0
              7            100              7
              7            101              7
              7            110              5
              7            111              7
              8            000              0
              8            001              7
              8            010              5
              8            011              5
              8            100              8
              8            101              7
              8            110              6
              8            111              2
