Eaten part = 0.248141
Start state = 1
Significant inputs: 1 2 4
Moves: 2 0 0 0 1 0 0 0 1
          state         inputs     next state
              0            000              1
              0            001              6
              0            010              6
              0            011              1
              0            100              6
              0            101              1
              0            110              1
              0            111              6
              1            000              6
              1            001              2
              1            010              5
              1            011              1
              1            100              7
              1            101              4
              1            110              8
              1            111              0
              2            000              8
              2            001              2
              2            010              0
              2            011              1
              2            100              7
              2            101              8
              2            110              0
              2            111              4
              3            000              3
              3            001              3
              3            010              8
              3            011              6
              3            100              6
              3            101              6
              3            110              3
              3            111              8
              4            000              3
              4            001              3
              4            010              4
              4            011              6
              4            100              8
              4            101              5
              4            110              7
              4            111              2
              5            000              6
              5            001              3
              5            010              4
              5            011              4
              5            100              1
              5            101              2
              5            110              4
              5            111              0
              6            000              6
              6            001              6
              6            010              4
              6            011              7
              6            100              6
              6            101              3
              6            110              5
              6            111              6
              7            000              5
              7            001              7
              7            010              1
              7            011              4
              7            100              3
              7            101              0
              7            110              2
              7            111              3
              8            000              5
              8            001              3
              8            010              8
              8            011              7
              8            100              2
              8            101              5
              8            110              5
              8            111              1
