Eaten part = 0.249960
Start state = 8
Significant inputs: 1 4 6
Moves: 0 0 2 2 0 0 1 0 0
          state         inputs     next state
              0            000              4
              0            001              2
              0            010              1
              0            011              8
              0            100              3
              0            101              4
              0            110              4
              0            111              2
              1            000              8
              1            001              4
              1            010              7
              1            011              7
              1            100              7
              1            101              2
              1            110              0
              1            111              1
              2            000              4
              2            001              1
              2            010              6
              2            011              4
              2            100              7
              2            101              0
              2            110              5
              2            111              8
              3            000              8
              3            001              5
              3            010              7
              3            011              1
              3            100              5
              3            101              5
              3            110              8
              3            111              4
              4            000              5
              4            001              7
              4            010              7
              4            011              1
              4            100              2
              4            101              7
              4            110              5
              4            111              8
              5            000              6
              5            001              1
              5            010              0
              5            011              4
              5            100              4
              5            101              5
              5            110              7
              5            111              7
              6            000              1
              6            001              8
              6            010              1
              6            011              1
              6            100              8
              6            101              8
              6            110              4
              6            111              8
              7            000              7
              7            001              7
              7            010              7
              7            011              0
              7            100              3
              7            101              2
              7            110              4
              7            111              3
              8            000              7
              8            001              1
              8            010              8
              8            011              7
              8            100              4
              8            101              1
              8            110              4
              8            111              4
