Eaten part = 0.307025
Start state = 7
Significant inputs: 1 2 6
Moves: 1 0 0 0 0 1 0 0 2
          state         inputs     next state
              0            000              2
              0            001              6
              0            010              5
              0            011              6
              0            100              7
              0            101              3
              0            110              2
              0            111              2
              1            000              2
              1            001              4
              1            010              5
              1            011              3
              1            100              8
              1            101              0
              1            110              2
              1            111              3
              2            000              6
              2            001              2
              2            010              5
              2            011              0
              2            100              6
              2            101              7
              2            110              0
              2            111              8
              3            000              6
              3            001              3
              3            010              7
              3            011              1
              3            100              1
              3            101              2
              3            110              7
              3            111              4
              4            000              6
              4            001              5
              4            010              8
              4            011              7
              4            100              2
              4            101              4
              4            110              1
              4            111              7
              5            000              3
              5            001              3
              5            010              2
              5            011              8
              5            100              6
              5            101              7
              5            110              3
              5            111              1
              6            000              6
              6            001              4
              6            010              0
              6            011              1
              6            100              8
              6            101              0
              6            110              7
              6            111              1
              7            000              6
              7            001              6
              7            010              0
              7            011              0
              7            100              7
              7            101              3
              7            110              0
              7            111              1
              8            000              3
              8            001              2
              8            010              3
              8            011              0
              8            100              6
              8            101              2
              8            110              7
              8            111              2
