Eaten part = 0.279103
Start state = 6
Significant inputs: 0 2 6
Moves: 1 0 2 0 2 0 0 0 0
          state         inputs     next state
              0            000              6
              0            001              5
              0            010              8
              0            011              3
              0            100              3
              0            101              5
              0            110              8
              0            111              7
              1            000              7
              1            001              7
              1            010              8
              1            011              3
              1            100              4
              1            101              5
              1            110              7
              1            111              6
              2            000              8
              2            001              7
              2            010              1
              2            011              5
              2            100              5
              2            101              0
              2            110              4
              2            111              7
              3            000              7
              3            001              5
              3            010              4
              3            011              8
              3            100              5
              3            101              3
              3            110              6
              3            111              3
              4            000              7
              4            001              7
              4            010              1
              4            011              8
              4            100              7
              4            101              4
              4            110              5
              4            111              7
              5            000              1
              5            001              5
              5            010              7
              5            011              2
              5            100              2
              5            101              3
              5            110              6
              5            111              3
              6            000              7
              6            001              3
              6            010              7
              6            011              5
              6            100              5
              6            101              2
              6            110              5
              6            111              6
              7            000              7
              7            001              7
              7            010              0
              7            011              7
              7            100              4
              7            101              8
              7            110              7
              7            111              0
              8            000              7
              8            001              1
              8            010              4
              8            011              3
              8            100              4
              8            101              5
              8            110              1
              8            111              5
