Eaten part = 0.293429
Start state = 0
Significant inputs: 2 6 7
Moves: 0 0 2 0 0 0 0 0 1
          state         inputs     next state
              0            000              4
              0            001              8
              0            010              5
              0            011              3
              0            100              8
              0            101              6
              0            110              3
              0            111              3
              1            000              5
              1            001              1
              1            010              5
              1            011              8
              1            100              7
              1            101              8
              1            110              8
              1            111              4
              2            000              5
              2            001              4
              2            010              0
              2            011              4
              2            100              4
              2            101              1
              2            110              1
              2            111              5
              3            000              7
              3            001              4
              3            010              3
              3            011              2
              3            100              3
              3            101              5
              3            110              6
              3            111              6
              4            000              5
              4            001              7
              4            010              7
              4            011              5
              4            100              0
              4            101              1
              4            110              2
              4            111              1
              5            000              5
              5            001              8
              5            010              2
              5            011              8
              5            100              5
              5            101              1
              5            110              5
              5            111              4
              6            000              5
              6            001              1
              6            010              7
              6            011              3
              6            100              5
              6            101              8
              6            110              8
              6            111              2
              7            000              5
              7            001              6
              7            010              2
              7            011              1
              7            100              5
              7            101              7
              7            110              2
              7            111              2
              8            000              1
              8            001              7
              8            010              6
              8            011              7
              8            100              7
              8            101              0
              8            110              5
              8            111              5
