Eaten part = 0.308135
Start state = 4
Significant inputs: 1 2 6
Moves: 0 0 1 0 0 2 1 0 0
          state         inputs     next state
              0            000              0
              0            001              0
              0            010              2
              0            011              2
              0            100              5
              0            101              4
              0            110              8
              0            111              7
              1            000              4
              1            001              1
              1            010              0
              1            011              3
              1            100              5
              1            101              6
              1            110              5
              1            111              1
              2            000              4
              2            001              4
              2            010              2
              2            011              0
              2            100              8
              2            101              1
              2            110              1
              2            111              4
              3            000              0
              3            001              4
              3            010              2
              3            011              8
              3            100              6
              3            101              4
              3            110              0
              3            111              3
              4            000              4
              4            001              4
              4            010              2
              4            011              2
              4            100              5
              4            101              7
              4            110              2
              4            111              8
              5            000              4
              5            001              1
              5            010              0
              5            011              4
              5            100              0
              5            101              3
              5            110              4
              5            111              5
              6            000              3
              6            001              4
              6            010              3
              6            011              5
              6            100              2
              6            101              1
              6            110              2
              6            111              3
              7            000              7
              7            001              2
              7            010              6
              7            011              7
              7            100              3
              7            101              7
              7            110              6
              7            111              6
              8            000              4
              8            001              4
              8            010              7
              8            011              4
              8            100              1
              8            101              5
              8            110              2
              8            111              0
