Eaten part = 0.251972
Start state = 8
Significant inputs: 2 4 5
Moves: 0 0 0 0 2 0 0 1 0
          state         inputs     next state
              0            000              2
              0            001              3
              0            010              6
              0            011              8
              0            100              0
              0            101              3
              0            110              0
              0            111              1
              1            000              2
              1            001              4
              1            010              8
              1            011              6
              1            100              1
              1            101              4
              1            110              0
              1            111              3
              2            000              2
              2            001              7
              2            010              6
              2            011              1
              2            100              2
              2            101              0
              2            110              2
              2            111              7
              3            000              4
              3            001              2
              3            010              2
              3            011              2
              3            100              3
              3            101              0
              3            110              4
              3            111              8
              4            000              8
              4            001              2
              4            010              6
              4            011              4
              4            100              2
              4            101              2
              4            110              8
              4            111              5
              5            000              0
              5            001              3
              5            010              5
              5            011              6
              5            100              6
              5            101              2
              5            110              4
              5            111              2
              6            000              8
              6            001              7
              6            010              2
              6            011              0
              6            100              6
              6            101              1
              6            110              6
              6            111              3
              7            000              1
              7            001              3
              7            010              2
              7            011              2
              7            100              6
              7            101              0
              7            110              6
              7            111              1
              8            000              6
              8            001              7
              8            010              3
              8            011              8
              8            100              1
              8            101              7
              8            110              1
              8            111              3
