Eaten part = 0.301810
Start state = 7
Significant inputs: 2 5 6
Moves: 2 0 1 0 0 0 2 0 1
          state         inputs     next state
              0            000              3
              0            001              6
              0            010              5
              0            011              3
              0            100              8
              0            101              0
              0            110              5
              0            111              7
              1            000              4
              1            001              3
              1            010              1
              1            011              8
              1            100              0
              1            101              4
              1            110              6
              1            111              0
              2            000              5
              2            001              7
              2            010              5
              2            011              1
              2            100              7
              2            101              1
              2            110              3
              2            111              7
              3            000              7
              3            001              6
              3            010              7
              3            011              5
              3            100              0
              3            101              0
              3            110              6
              3            111              5
              4            000              5
              4            001              2
              4            010              5
              4            011              1
              4            100              1
              4            101              1
              4            110              7
              4            111              1
              5            000              5
              5            001              2
              5            010              5
              5            011              7
              5            100              6
              5            101              2
              5            110              8
              5            111              2
              6            000              7
              6            001              8
              6            010              5
              6            011              3
              6            100              5
              6            101              6
              6            110              4
              6            111              5
              7            000              5
              7            001              1
              7            010              5
              7            011              4
              7            100              0
              7            101              0
              7            110              0
              7            111              6
              8            000              5
              8            001              3
              8            010              3
              8            011              3
              8            100              5
              8            101              1
              8            110              5
              8            111              3
