Eaten part = 0.232409
Start state = 6
Significant inputs: 2 3 7
Moves: 0 0 0 0 0 0 1 2 0
          state         inputs     next state
              0            000              2
              0            001              2
              0            010              2
              0            011              2
              0            100              2
              0            101              6
              0            110              4
              0            111              6
              1            000              0
              1            001              6
              1            010              6
              1            011              6
              1            100              5
              1            101              5
              1            110              0
              1            111              6
              2            000              4
              2            001              5
              2            010              4
              2            011              7
              2            100              1
              2            101              2
              2            110              8
              2            111              0
              3            000              4
              3            001              8
              3            010              5
              3            011              5
              3            100              3
              3            101              4
              3            110              4
              3            111              0
              4            000              4
              4            001              6
              4            010              3
              4            011              4
              4            100              4
              4            101              6
              4            110              1
              4            111              3
              5            000              2
              5            001              6
              5            010              1
              5            011              4
              5            100              5
              5            101              4
              5            110              4
              5            111              3
              6            000              3
              6            001              0
              6            010              5
              6            011              3
              6            100              2
              6            101              8
              6            110              0
              6            111              2
              7            000              7
              7            001              4
              7            010              2
              7            011              8
              7            100              6
              7            101              2
              7            110              0
              7            111              5
              8            000              4
              8            001              5
              8            010              1
              8            011              7
              8            100              8
              8            101              4
              8            110              8
              8            111              7
