Eaten part = 0.265159
Start state = 8
Significant inputs: 1 2 4
Moves: 0 2 0 1 0 0 0 0 0
          state         inputs     next state
              0            000              8
              0            001              2
              0            010              3
              0            011              5
              0            100              7
              0            101              7
              0            110              4
              0            111              3
              1            000              2
              1            001              7
              1            010              5
              1            011              5
              1            100              2
              1            101              0
              1            110              7
              1            111              8
              2            000              8
              2            001              2
              2            010              3
              2            011              6
              2            100              2
              2            101              5
              2            110              3
              2            111              4
              3            000              5
              3            001              7
              3            010              7
              3            011              4
              3            100              7
              3            101              4
              3            110              3
              3            111              7
              4            000              1
              4            001              8
              4            010              4
              4            011              3
              4            100              8
              4            101              4
              4            110              4
              4            111              7
              5            000              0
              5            001              1
              5            010              7
              5            011              3
              5            100              6
              5            101              5
              5            110              4
              5            111              7
              6            000              2
              6            001              1
              6            010              4
              6            011              8
              6            100              6
              6            101              2
              6            110              5
              6            111              6
              7            000              0
              7            001              0
              7            010              8
              7            011              5
              7            100              8
              7            101              1
              7            110              2
              7            111              5
              8            000              8
              8            001              4
              8            010              3
              8            011              3
              8            100              2
              8            101              6
              8            110              2
              8            111              2
