Eaten part = 0.217605
Start state = 5
Significant inputs: 2 3 4
Moves: 0 0 0 0 2 0 0 1 0
          state         inputs     next state
              0            000              1
              0            001              5
              0            010              7
              0            011              5
              0            100              1
              0            101              1
              0            110              3
              0            111              5
              1            000              6
              1            001              7
              1            010              6
              1            011              8
              1            100              3
              1            101              3
              1            110              1
              1            111              2
              2            000              6
              2            001              8
              2            010              0
              2            011              5
              2            100              5
              2            101              6
              2            110              8
              2            111              3
              3            000              1
              3            001              8
              3            010              2
              3            011              8
              3            100              0
              3            101              0
              3            110              4
              3            111              6
              4            000              5
              4            001              0
              4            010              6
              4            011              1
              4            100              0
              4            101              3
              4            110              5
              4            111              2
              5            000              1
              5            001              6
              5            010              1
              5            011              5
              5            100              5
              5            101              8
              5            110              3
              5            111              5
              6            000              8
              6            001              7
              6            010              8
              6            011              2
              6            100              0
              6            101              2
              6            110              8
              6            111              7
              7            000              6
              7            001              2
              7            010              2
              7            011              7
              7            100              1
              7            101              7
              7            110              4
              7            111              7
              8            000              2
              8            001              7
              8            010              1
              8            011              1
              8            100              5
              8            101              2
              8            110              6
              8            111              6
