Eaten part = 0.298833
Start state = 6
Significant inputs: 2 6 7
Moves: 2 0 2 0 0 1 0 0 0
          state         inputs     next state
              0            000              5
              0            001              7
              0            010              0
              0            011              3
              0            100              4
              0            101              4
              0            110              7
              0            111              3
              1            000              6
              1            001              6
              1            010              3
              1            011              1
              1            100              4
              1            101              5
              1            110              4
              1            111              8
              2            000              6
              2            001              6
              2            010              6
              2            011              7
              2            100              7
              2            101              1
              2            110              4
              2            111              3
              3            000              7
              3            001              5
              3            010              6
              3            011              2
              3            100              6
              3            101              0
              3            110              7
              3            111              2
              4            000              1
              4            001              1
              4            010              2
              4            011              0
              4            100              6
              4            101              8
              4            110              2
              4            111              1
              5            000              1
              5            001              4
              5            010              7
              5            011              3
              5            100              7
              5            101              3
              5            110              3
              5            111              6
              6            000              6
              6            001              5
              6            010              2
              6            011              2
              6            100              6
              6            101              5
              6            110              3
              6            111              3
              7            000              6
              7            001              4
              7            010              2
              7            011              8
              7            100              4
              7            101              0
              7            110              6
              7            111              0
              8            000              1
              8            001              1
              8            010              8
              8            011              8
              8            100              5
              8            101              2
              8            110              0
              8            111              6
