Eaten part = 0.228486
Start state = 0
Significant inputs: 1 2 6
Moves: 2 1 0 0 0 0 0 0 0
          state         inputs     next state
              0            000              5
              0            001              4
              0            010              7
              0            011              2
              0            100              3
              0            101              8
              0            110              3
              0            111              5
              1            000              1
              1            001              8
              1            010              5
              1            011              5
              1            100              3
              1            101              8
              1            110              7
              1            111              8
              2            000              6
              2            001              5
              2            010              6
              2            011              8
              2            100              2
              2            101              0
              2            110              8
              2            111              0
              3            000              7
              3            001              1
              3            010              2
              3            011              0
              3            100              3
              3            101              6
              3            110              4
              3            111              6
              4            000              8
              4            001              5
              4            010              3
              4            011              5
              4            100              6
              4            101              2
              4            110              6
              4            111              7
              5            000              3
              5            001              0
              5            010              8
              5            011              4
              5            100              3
              5            101              5
              5            110              0
              5            111              8
              6            000              6
              6            001              5
              6            010              1
              6            011              6
              6            100              6
              6            101              1
              6            110              1
              6            111              3
              7            000              8
              7            001              6
              7            010              7
              7            011              2
              7            100              3
              7            101              0
              7            110              5
              7            111              3
              8            000              6
              8            001              2
              8            010              0
              8            011              4
              8            100              8
              8            101              3
              8            110              0
              8            111              2
