Eaten part = 0.232987
Start state = 3
Significant inputs: 5 6 7
Moves: 2 0 0 0 2 1 0 1 0
          state         inputs     next state
              0            000              0
              0            001              2
              0            010              6
              0            011              1
              0            100              7
              0            101              2
              0            110              6
              0            111              1
              1            000              1
              1            001              6
              1            010              5
              1            011              2
              1            100              8
              1            101              4
              1            110              8
              1            111              0
              2            000              6
              2            001              2
              2            010              0
              2            011              3
              2            100              6
              2            101              5
              2            110              6
              2            111              1
              3            000              2
              3            001              6
              3            010              4
              3            011              1
              3            100              3
              3            101              1
              3            110              6
              3            111              6
              4            000              5
              4            001              3
              4            010              4
              4            011              2
              4            100              7
              4            101              8
              4            110              7
              4            111              1
              5            000              6
              5            001              2
              5            010              8
              5            011              8
              5            100              2
              5            101              0
              5            110              7
              5            111              8
              6            000              8
              6            001              6
              6            010              4
              6            011              1
              6            100              8
              6            101              2
              6            110              8
              6            111              1
              7            000              3
              7            001              1
              7            010              3
              7            011              5
              7            100              1
              7            101              7
              7            110              7
              7            111              4
              8            000              6
              8            001              7
              8            010              4
              8            011              2
              8            100              2
              8            101              1
              8            110              4
              8            111              6
