Eaten part = 0.256766
Start state = 0
Significant inputs: 0 2 4
Moves: 0 0 2 0 0 0 0 1 0
          state         inputs     next state
              0            000              6
              0            001              7
              0            010              1
              0            011              8
              0            100              4
              0            101              1
              0            110              4
              0            111              1
              1            000              5
              1            001              5
              1            010              7
              1            011              6
              1            100              4
              1            101              4
              1            110              1
              1            111              1
              2            000              0
              2            001              3
              2            010              6
              2            011              5
              2            100              7
              2            101              6
              2            110              6
              2            111              2
              3            000              2
              3            001              4
              3            010              7
              3            011              2
              3            100              6
              3            101              4
              3            110              8
              3            111              2
              4            000              4
              4            001              0
              4            010              7
              4            011              2
              4            100              3
              4            101              3
              4            110              5
              4            111              1
              5            000              1
              5            001              5
              5            010              7
              5            011              0
              5            100              1
              5            101              5
              5            110              0
              5            111              0
              6            000              1
              6            001              6
              6            010              7
              6            011              7
              6            100              4
              6            101              4
              6            110              5
              6            111              2
              7            000              4
              7            001              6
              7            010              3
              7            011              8
              7            100              1
              7            101              6
              7            110              1
              7            111              3
              8            000              1
              8            001              0
              8            010              6
              8            011              5
              8            100              8
              8            101              5
              8            110              1
              8            111              0
