Eaten part = 0.289444
Start state = 0
Significant inputs: 0 2 6
Moves: 0 1 2 0 0 1 1 0 0
          state         inputs     next state
              0            000              4
              0            001              3
              0            010              5
              0            011              1
              0            100              2
              0            101              2
              0            110              0
              0            111              2
              1            000              8
              1            001              2
              1            010              0
              1            011              0
              1            100              3
              1            101              3
              1            110              3
              1            111              0
              2            000              0
              2            001              0
              2            010              0
              2            011              3
              2            100              7
              2            101              7
              2            110              0
              2            111              8
              3            000              0
              3            001              6
              3            010              5
              3            011              3
              3            100              2
              3            101              2
              3            110              1
              3            111              1
              4            000              0
              4            001              7
              4            010              1
              4            011              3
              4            100              2
              4            101              7
              4            110              5
              4            111              0
              5            000              4
              5            001              3
              5            010              0
              5            011              4
              5            100              8
              5            101              4
              5            110              3
              5            111              0
              6            000              3
              6            001              3
              6            010              0
              6            011              4
              6            100              3
              6            101              5
              6            110              8
              6            111              5
              7            000              4
              7            001              7
              7            010              6
              7            011              6
              7            100              7
              7            101              8
              7            110              3
              7            111              6
              8            000              3
              8            001              7
              8            010              8
              8            011              3
              8            100              0
              8            101              5
              8            110              8
              8            111              8
