Eaten part = 0.246983
Start state = 4
Significant inputs: 0 4 6
Moves: 2 0 0 0 0 0 2 0 0
          state         inputs     next state
              0            000              1
              0            001              7
              0            010              5
              0            011              7
              0            100              7
              0            101              1
              0            110              5
              0            111              3
              1            000              8
              1            001              4
              1            010              1
              1            011              2
              1            100              0
              1            101              6
              1            110              4
              1            111              5
              2            000              8
              2            001              6
              2            010              8
              2            011              3
              2            100              6
              2            101              1
              2            110              7
              2            111              7
              3            000              6
              3            001              3
              3            010              1
              3            011              4
              3            100              0
              3            101              7
              3            110              8
              3            111              7
              4            000              4
              4            001              3
              4            010              1
              4            011              8
              4            100              0
              4            101              2
              4            110              7
              4            111              5
              5            000              8
              5            001              2
              5            010              2
              5            011              8
              5            100              5
              5            101              1
              5            110              1
              5            111              1
              6            000              2
              6            001              4
              6            010              6
              6            011              6
              6            100              1
              6            101              7
              6            110              7
              6            111              5
              7            000              1
              7            001              4
              7            010              8
              7            011              1
              7            100              6
              7            101              6
              7            110              1
              7            111              5
              8            000              8
              8            001              1
              8            010              4
              8            011              4
              8            100              0
              8            101              0
              8            110              7
              8            111              7
