Eaten part = 0.184093
Start state = 2
Significant inputs: 3 5 7
Moves: 0 1 0 1 0 0 0 0 2
          state         inputs     next state
              0            000              0
              0            001              7
              0            010              6
              0            011              1
              0            100              0
              0            101              4
              0            110              1
              0            111              6
              1            000              6
              1            001              6
              1            010              2
              1            011              0
              1            100              6
              1            101              3
              1            110              2
              1            111              2
              2            000              8
              2            001              5
              2            010              2
              2            011              6
              2            100              3
              2            101              7
              2            110              0
              2            111              5
              3            000              0
              3            001              8
              3            010              7
              3            011              4
              3            100              6
              3            101              7
              3            110              0
              3            111              2
              4            000              5
              4            001              8
              4            010              0
              4            011              7
              4            100              0
              4            101              2
              4            110              5
              4            111              2
              5            000              5
              5            001              4
              5            010              2
              5            011              6
              5            100              7
              5            101              7
              5            110              2
              5            111              4
              6            000              6
              6            001              0
              6            010              7
              6            011              0
              6            100              5
              6            101              2
              6            110              3
              6            111              1
              7            000              7
              7            001              2
              7            010              7
              7            011              0
              7            100              3
              7            101              1
              7            110              6
              7            111              4
              8            000              5
              8            001              3
              8            010              8
              8            011              1
              8            100              5
              8            101              4
              8            110              2
              8            111              2
