Eaten part = 0.285573
Start state = 2
Significant inputs: 2 6 7
Moves: 0 1 0 0 2 0 0 0 2
          state         inputs     next state
              0            000              7
              0            001              3
              0            010              8
              0            011              0
              0            100              8
              0            101              1
              0            110              6
              0            111              8
              1            000              2
              1            001              3
              1            010              7
              1            011              7
              1            100              2
              1            101              7
              1            110              7
              1            111              4
              2            000              7
              2            001              1
              2            010              7
              2            011              1
              2            100              6
              2            101              6
              2            110              3
              2            111              6
              3            000              6
              3            001              3
              3            010              8
              3            011              4
              3            100              4
              3            101              6
              3            110              3
              3            111              6
              4            000              0
              4            001              1
              4            010              5
              4            011              2
              4            100              0
              4            101              6
              4            110              3
              4            111              2
              5            000              3
              5            001              0
              5            010              7
              5            011              7
              5            100              5
              5            101              8
              5            110              1
              5            111              7
              6            000              0
              6            001              1
              6            010              6
              6            011              8
              6            100              4
              6            101              5
              6            110              8
              6            111              1
              7            000              7
              7            001              1
              7            010              4
              7            011              7
              7            100              3
              7            101              8
              7            110              3
              7            111              1
              8            000              0
              8            001              2
              8            010              2
              8            011              1
              8            100              2
              8            101              5
              8            110              5
              8            111              2
