Eaten part = 0.240058
Start state = 0
Significant inputs: 1 5 6
Moves: 0 0 2 2 0 0 0 0 0
          state         inputs     next state
              0            000              4
              0            001              6
              0            010              5
              0            011              6
              0            100              5
              0            101              2
              0            110              2
              0            111              2
              1            000              1
              1            001              0
              1            010              0
              1            011              3
              1            100              6
              1            101              2
              1            110              8
              1            111              8
              2            000              7
              2            001              4
              2            010              5
              2            011              4
              2            100              7
              2            101              1
              2            110              6
              2            111              2
              3            000              6
              3            001              7
              3            010              0
              3            011              6
              3            100              5
              3            101              8
              3            110              8
              3            111              6
              4            000              4
              4            001              4
              4            010              7
              4            011              1
              4            100              3
              4            101              3
              4            110              3
              4            111              7
              5            000              1
              5            001              4
              5            010              6
              5            011              7
              5            100              3
              5            101              8
              5            110              0
              5            111              8
              6            000              8
              6            001              1
              6            010              0
              6            011              4
              6            100              0
              6            101              6
              6            110              0
              6            111              4
              7            000              6
              7            001              7
              7            010              2
              7            011              1
              7            100              2
              7            101              8
              7            110              4
              7            111              7
              8            000              0
              8            001              6
              8            010              1
              8            011              1
              8            100              5
              8            101              4
              8            110              2
              8            111              2
