Eaten part = 0.226030
Start state = 7
Significant inputs: 0 2 3
Moves: 1 1 0 0 2 0 0 0 0
          state         inputs     next state
              0            000              7
              0            001              3
              0            010              3
              0            011              5
              0            100              5
              0            101              0
              0            110              1
              0            111              7
              1            000              7
              1            001              8
              1            010              6
              1            011              5
              1            100              2
              1            101              0
              1            110              2
              1            111              8
              2            000              8
              2            001              7
              2            010              0
              2            011              3
              2            100              7
              2            101              4
              2            110              0
              2            111              3
              3            000              4
              3            001              5
              3            010              8
              3            011              6
              3            100              7
              3            101              4
              3            110              4
              3            111              1
              4            000              7
              4            001              5
              4            010              1
              4            011              3
              4            100              6
              4            101              1
              4            110              5
              4            111              1
              5            000              8
              5            001              6
              5            010              3
              5            011              2
              5            100              5
              5            101              8
              5            110              1
              5            111              4
              6            000              7
              6            001              6
              6            010              8
              6            011              8
              6            100              8
              6            101              2
              6            110              2
              6            111              6
              7            000              7
              7            001              7
              7            010              0
              7            011              1
              7            100              8
              7            101              6
              7            110              1
              7            111              1
              8            000              6
              8            001              8
              8            010              0
              8            011              6
              8            100              6
              8            101              6
              8            110              6
              8            111              1
