Eaten part = 0.220479
Start state = 5
Significant inputs: 1 3 4
Moves: 0 0 0 0 2 0 1 0 0
          state         inputs     next state
              0            000              5
              0            001              8
              0            010              2
              0            011              3
              0            100              8
              0            101              5
              0            110              7
              0            111              7
              1            000              3
              1            001              0
              1            010              8
              1            011              4
              1            100              2
              1            101              7
              1            110              5
              1            111              3
              2            000              0
              2            001              3
              2            010              4
              2            011              0
              2            100              1
              2            101              3
              2            110              7
              2            111              7
              3            000              3
              3            001              6
              3            010              1
              3            011              4
              3            100              5
              3            101              8
              3            110              8
              3            111              2
              4            000              3
              4            001              3
              4            010              6
              4            011              7
              4            100              1
              4            101              8
              4            110              4
              4            111              1
              5            000              4
              5            001              3
              5            010              2
              5            011              3
              5            100              3
              5            101              8
              5            110              1
              5            111              2
              6            000              7
              6            001              7
              6            010              7
              6            011              0
              6            100              4
              6            101              7
              6            110              8
              6            111              5
              7            000              6
              7            001              6
              7            010              4
              7            011              1
              7            100              2
              7            101              6
              7            110              2
              7            111              2
              8            000              3
              8            001              7
              8            010              8
              8            011              6
              8            100              7
              8            101              1
              8            110              8
              8            111              2
