Eaten part = 0.257807
Start state = 1
Significant inputs: 1 2 4
Moves: 1 0 0 0 1 0 1 0 0
          state         inputs     next state
              0            000              1
              0            001              1
              0            010              2
              0            011              3
              0            100              7
              0            101              2
              0            110              6
              0            111              4
              1            000              3
              1            001              8
              1            010              5
              1            011              4
              1            100              3
              1            101              8
              1            110              8
              1            111              5
              2            000              2
              2            001              5
              2            010              6
              2            011              1
              2            100              8
              2            101              5
              2            110              1
              2            111              3
              3            000              8
              3            001              3
              3            010              8
              3            011              6
              3            100              2
              3            101              7
              3            110              7
              3            111              3
              4            000              0
              4            001              3
              4            010              7
              4            011              2
              4            100              1
              4            101              7
              4            110              8
              4            111              5
              5            000              2
              5            001              2
              5            010              2
              5            011              4
              5            100              1
              5            101              1
              5            110              1
              5            111              5
              6            000              7
              6            001              7
              6            010              5
              6            011              7
              6            100              3
              6            101              5
              6            110              3
              6            111              6
              7            000              2
              7            001              8
              7            010              2
              7            011              8
              7            100              8
              7            101              7
              7            110              6
              7            111              6
              8            000              8
              8            001              5
              8            010              0
              8            011              0
              8            100              8
              8            101              8
              8            110              3
              8            111              4
