Eaten part = 0.233984
Start state = 7
Significant inputs: 3 6 7
Moves: 0 0 1 0 0 0 2 0 0
          state         inputs     next state
              0            000              8
              0            001              2
              0            010              1
              0            011              5
              0            100              4
              0            101              4
              0            110              4
              0            111              8
              1            000              8
              1            001              7
              1            010              6
              1            011              6
              1            100              5
              1            101              5
              1            110              7
              1            111              7
              2            000              8
              2            001              7
              2            010              7
              2            011              3
              2            100              0
              2            101              7
              2            110              4
              2            111              2
              3            000              2
              3            001              4
              3            010              0
              3            011              3
              3            100              5
              3            101              1
              3            110              1
              3            111              6
              4            000              4
              4            001              8
              4            010              6
              4            011              1
              4            100              1
              4            101              1
              4            110              4
              4            111              1
              5            000              8
              5            001              4
              5            010              7
              5            011              1
              5            100              4
              5            101              1
              5            110              5
              5            111              8
              6            000              5
              6            001              1
              6            010              7
              6            011              0
              6            100              5
              6            101              1
              6            110              5
              6            111              4
              7            000              7
              7            001              8
              7            010              6
              7            011              5
              7            100              0
              7            101              1
              7            110              8
              7            111              1
              8            000              4
              8            001              0
              8            010              6
              8            011              2
              8            100              3
              8            101              4
              8            110              6
              8            111              8
