Eaten part = 0.177736
Start state = 7
Significant inputs: 1 2 5 6 7
Moves: MOVE MOVE MOVE MOVE MOVE ROTATELEFT ROTATERIGHT ROTATELEFT ROTATELEFT MOVE
          state         inputs     next state
              0          00000              9
              0          00001              4
              0          00010              9
              0          00011              0
              0          00100              4
              0          00101              8
              0          00110              5
              0          00111              1
              0          01000              8
              0          01001              1
              0          01010              9
              0          01011              8
              0          01100              2
              0          01101              8
              0          01110              2
              0          01111              0
              0          10000              0
              0          10001              2
              0          10010              5
              0          10011              5
              0          10100              2
              0          10101              3
              0          10110              4
              0          10111              5
              0          11000              7
              0          11001              2
              0          11010              1
              0          11011              0
              0          11100              5
              0          11101              2
              0          11110              4
              0          11111              0
              1          00000              2
              1          00001              1
              1          00010              8
              1          00011              6
              1          00100              8
              1          00101              0
              1          00110              5
              1          00111              5
              1          01000              0
              1          01001              0
              1          01010              2
              1          01011              1
              1          01100              2
              1          01101              0
              1          01110              6
              1          01111              8
              1          10000              6
              1          10001              1
              1          10010              7
              1          10011              4
              1          10100              9
              1          10101              6
              1          10110              8
              1          10111              2
              1          11000              7
              1          11001              4
              1          11010              4
              1          11011              3
              1          11100              1
              1          11101              2
              1          11110              2
              1          11111              2
              2          00000              1
              2          00001              2
              2          00010              5
              2          00011              7
              2          00100              8
              2          00101              6
              2          00110              7
              2          00111              2
              2          01000              1
              2          01001              2
              2          01010              2
              2          01011              0
              2          01100              7
              2          01101              9
              2          01110              1
              2          01111              4
              2          10000              1
              2          10001              9
              2          10010              1
              2          10011              7
              2          10100              7
              2          10101              9
              2          10110              8
              2          10111              7
              2          11000              7
              2          11001              3
              2          11010              3
              2          11011              7
              2          11100              1
              2          11101              9
              2          11110              9
              2          11111              5
              3          00000              0
              3          00001              7
              3          00010              5
              3          00011              5
              3          00100              2
              3          00101              0
              3          00110              3
              3          00111              0
              3          01000              7
              3          01001              9
              3          01010              0
              3          01011              2
              3          01100              8
              3          01101              9
              3          01110              9
              3          01111              5
              3          10000              3
              3          10001              4
              3          10010              4
              3          10011              6
              3          10100              0
              3          10101              6
              3          10110              8
              3          10111              0
              3          11000              8
              3          11001              2
              3          11010              7
              3          11011              1
              3          11100              2
              3          11101              1
              3          11110              3
              3          11111              1
              4          00000              0
              4          00001              5
              4          00010              2
              4          00011              3
              4          00100              5
              4          00101              3
              4          00110              2
              4          00111              0
              4          01000              7
              4          01001              6
              4          01010              9
              4          01011              1
              4          01100              7
              4          01101              3
              4          01110              2
              4          01111              3
              4          10000              3
              4          10001              1
              4          10010              5
              4          10011              1
              4          10100              1
              4          10101              9
              4          10110              8
              4          10111              2
              4          11000              1
              4          11001              8
              4          11010              7
              4          11011              1
              4          11100              8
              4          11101              0
              4          11110              8
              4          11111              5
              5          00000              0
              5          00001              4
              5          00010              8
              5          00011              2
              5          00100              7
              5          00101              6
              5          00110              2
              5          00111              9
              5          01000              8
              5          01001              6
              5          01010              5
              5          01011              9
              5          01100              5
              5          01101              7
              5          01110              0
              5          01111              0
              5          10000              5
              5          10001              6
              5          10010              4
              5          10011              9
              5          10100              3
              5          10101              8
              5          10110              3
              5          10111              2
              5          11000              6
              5          11001              3
              5          11010              9
              5          11011              9
              5          11100              8
              5          11101              3
              5          11110              3
              5          11111              3
              6          00000              5
              6          00001              4
              6          00010              9
              6          00011              1
              6          00100              7
              6          00101              1
              6          00110              3
              6          00111              5
              6          01000              5
              6          01001              1
              6          01010              0
              6          01011              8
              6          01100              4
              6          01101              3
              6          01110              8
              6          01111              5
              6          10000              6
              6          10001              3
              6          10010              0
              6          10011              8
              6          10100              7
              6          10101              6
              6          10110              9
              6          10111              2
              6          11000              2
              6          11001              7
              6          11010              5
              6          11011              7
              6          11100              7
              6          11101              0
              6          11110              9
              6          11111              0
              7          00000              5
              7          00001              9
              7          00010              0
              7          00011              5
              7          00100              1
              7          00101              4
              7          00110              9
              7          00111              8
              7          01000              0
              7          01001              5
              7          01010              7
              7          01011              1
              7          01100              4
              7          01101              8
              7          01110              5
              7          01111              7
              7          10000              8
              7          10001              3
              7          10010              5
              7          10011              6
              7          10100              3
              7          10101              2
              7          10110              7
              7          10111              5
              7          11000              0
              7          11001              1
              7          11010              1
              7          11011              6
              7          11100              7
              7          11101              9
              7          11110              8
              7          11111              9
              8          00000              3
              8          00001              5
              8          00010              4
              8          00011              8
              8          00100              1
              8          00101              9
              8          00110              4
              8          00111              5
              8          01000              9
              8          01001              9
              8          01010              7
              8          01011              6
              8          01100              9
              8          01101              0
              8          01110              5
              8          01111              4
              8          10000              1
              8          10001              0
              8          10010              2
              8          10011              7
              8          10100              9
              8          10101              3
              8          10110              9
              8          10111              1
              8          11000              4
              8          11001              7
              8          11010              9
              8          11011              4
              8          11100              6
              8          11101              9
              8          11110              8
              8          11111              7
              9          00000              6
              9          00001              8
              9          00010              5
              9          00011              8
              9          00100              1
              9          00101              7
              9          00110              1
              9          00111              7
              9          01000              5
              9          01001              9
              9          01010              2
              9          01011              9
              9          01100              6
              9          01101              5
              9          01110              5
              9          01111              4
              9          10000              3
              9          10001              8
              9          10010              3
              9          10011              8
              9          10100              8
              9          10101              5
              9          10110              6
              9          10111              6
              9          11000              5
              9          11001              8
              9          11010              1
              9          11011              3
              9          11100              4
              9          11101              0
              9          11110              1
              9          11111              7
