Eaten part = 0.223149
Start state = 7
Significant inputs: 0 2 3
Moves: 0 0 0 1 0 0 1 0 2
          state         inputs     next state
              0            000              5
              0            001              8
              0            010              4
              0            011              3
              0            100              5
              0            101              6
              0            110              3
              0            111              0
              1            000              4
              1            001              6
              1            010              3
              1            011              4
              1            100              1
              1            101              0
              1            110              1
              1            111              7
              2            000              4
              2            001              1
              2            010              4
              2            011              8
              2            100              0
              2            101              6
              2            110              0
              2            111              6
              3            000              4
              3            001              4
              3            010              7
              3            011              1
              3            100              4
              3            101              4
              3            110              0
              3            111              2
              4            000              5
              4            001              1
              4            010              6
              4            011              0
              4            100              0
              4            101              3
              4            110              4
              4            111              7
              5            000              5
              5            001              1
              5            010              6
              5            011              0
              5            100              0
              5            101              1
              5            110              1
              5            111              6
              6            000              4
              6            001              2
              6            010              5
              6            011              2
              6            100              4
              6            101              1
              6            110              7
              6            111              4
              7            000              4
              7            001              7
              7            010              7
              7            011              5
              7            100              7
              7            101              1
              7            110              3
              7            111              0
              8            000              7
              8            001              0
              8            010              2
              8            011              8
              8            100              0
              8            101              8
              8            110              8
              8            111              2
