Eaten part = 0.279338
Start state = 8
Significant inputs: 2 3 6
Moves: 0 0 2 0 0 1 1 0 0
          state         inputs     next state
              0            000              4
              0            001              7
              0            010              0
              0            011              7
              0            100              2
              0            101              0
              0            110              2
              0            111              4
              1            000              3
              1            001              2
              1            010              6
              1            011              3
              1            100              6
              1            101              8
              1            110              7
              1            111              8
              2            000              8
              2            001              8
              2            010              3
              2            011              4
              2            100              0
              2            101              3
              2            110              3
              2            111              8
              3            000              2
              3            001              4
              3            010              7
              3            011              7
              3            100              7
              3            101              4
              3            110              8
              3            111              2
              4            000              7
              4            001              5
              4            010              7
              4            011              5
              4            100              2
              4            101              0
              4            110              2
              4            111              4
              5            000              0
              5            001              8
              5            010              8
              5            011              0
              5            100              0
              5            101              4
              5            110              7
              5            111              2
              6            000              7
              6            001              4
              6            010              2
              6            011              1
              6            100              3
              6            101              8
              6            110              2
              6            111              4
              7            000              7
              7            001              6
              7            010              4
              7            011              5
              7            100              2
              7            101              0
              7            110              0
              7            111              7
              8            000              7
              8            001              1
              8            010              4
              8            011              7
              8            100              2
              8            101              3
              8            110              0
              8            111              1
