Eaten part = 0.235568
Start state = 7
Significant inputs: 3 6 7
Moves: 1 0 0 0 2 2 0 0 0
          state         inputs     next state
              0            000              2
              0            001              3
              0            010              3
              0            011              5
              0            100              3
              0            101              2
              0            110              6
              0            111              6
              1            000              5
              1            001              8
              1            010              6
              1            011              7
              1            100              2
              1            101              4
              1            110              1
              1            111              5
              2            000              6
              2            001              2
              2            010              5
              2            011              6
              2            100              5
              2            101              3
              2            110              5
              2            111              3
              3            000              3
              3            001              6
              3            010              5
              3            011              4
              3            100              3
              3            101              6
              3            110              0
              3            111              4
              4            000              2
              4            001              0
              4            010              7
              4            011              3
              4            100              3
              4            101              2
              4            110              2
              4            111              4
              5            000              6
              5            001              7
              5            010              7
              5            011              2
              5            100              2
              5            101              4
              5            110              6
              5            111              6
              6            000              3
              6            001              3
              6            010              2
              6            011              4
              6            100              3
              6            101              3
              6            110              6
              6            111              7
              7            000              0
              7            001              6
              7            010              2
              7            011              0
              7            100              5
              7            101              1
              7            110              7
              7            111              3
              8            000              4
              8            001              4
              8            010              8
              8            011              4
              8            100              8
              8            101              0
              8            110              7
              8            111              3
