Eaten part = 0.201986
Start state = 4
Significant inputs: 0 4 7
Moves: 0 2 0 0 0 0 0 0 1
          state         inputs     next state
              0            000              2
              0            001              1
              0            010              8
              0            011              8
              0            100              4
              0            101              0
              0            110              3
              0            111              1
              1            000              4
              1            001              6
              1            010              8
              1            011              7
              1            100              2
              1            101              5
              1            110              6
              1            111              2
              2            000              7
              2            001              2
              2            010              6
              2            011              7
              2            100              1
              2            101              1
              2            110              5
              2            111              1
              3            000              2
              3            001              7
              3            010              3
              3            011              2
              3            100              1
              3            101              4
              3            110              8
              3            111              7
              4            000              4
              4            001              8
              4            010              5
              4            011              6
              4            100              8
              4            101              0
              4            110              7
              4            111              7
              5            000              7
              5            001              4
              5            010              6
              5            011              5
              5            100              3
              5            101              8
              5            110              8
              5            111              6
              6            000              8
              6            001              6
              6            010              6
              6            011              5
              6            100              4
              6            101              0
              6            110              7
              6            111              1
              7            000              1
              7            001              1
              7            010              7
              7            011              2
              7            100              2
              7            101              5
              7            110              7
              7            111              4
              8            000              0
              8            001              3
              8            010              1
              8            011              7
              8            100              3
              8            101              6
              8            110              3
              8            111              8
