Eaten part = 0.291462
Start state = 6
Significant inputs: 2 6 7
Moves: 2 0 0 0 0 1 0 0 1
          state         inputs     next state
              0            000              4
              0            001              1
              0            010              1
              0            011              4
              0            100              3
              0            101              4
              0            110              6
              0            111              6
              1            000              3
              1            001              5
              1            010              4
              1            011              0
              1            100              4
              1            101              4
              1            110              6
              1            111              6
              2            000              7
              2            001              3
              2            010              1
              2            011              0
              2            100              3
              2            101              2
              2            110              7
              2            111              8
              3            000              6
              3            001              8
              3            010              0
              3            011              7
              3            100              4
              3            101              3
              3            110              0
              3            111              3
              4            000              3
              4            001              5
              4            010              0
              4            011              5
              4            100              3
              4            101              4
              4            110              0
              4            111              2
              5            000              6
              5            001              6
              5            010              1
              5            011              7
              5            100              1
              5            101              2
              5            110              6
              5            111              2
              6            000              4
              6            001              5
              6            010              0
              6            011              5
              6            100              7
              6            101              4
              6            110              7
              6            111              3
              7            000              3
              7            001              7
              7            010              0
              7            011              0
              7            100              0
              7            101              3
              7            110              4
              7            111              3
              8            000              7
              8            001              3
              8            010              1
              8            011              1
              8            100              3
              8            101              7
              8            110              1
              8            111              6
