Eaten part = 0.171620
Start state = 8
Significant inputs: 3 5 6
Moves: 1 1 0 0 0 1 2 0 1
          state         inputs     next state
              0            000              6
              0            001              7
              0            010              3
              0            011              5
              0            100              4
              0            101              3
              0            110              5
              0            111              0
              1            000              2
              1            001              2
              1            010              7
              1            011              2
              1            100              3
              1            101              8
              1            110              2
              1            111              8
              2            000              3
              2            001              0
              2            010              8
              2            011              3
              2            100              4
              2            101              0
              2            110              3
              2            111              4
              3            000              4
              3            001              2
              3            010              0
              3            011              4
              3            100              0
              3            101              0
              3            110              0
              3            111              8
              4            000              4
              4            001              3
              4            010              2
              4            011              8
              4            100              0
              4            101              3
              4            110              5
              4            111              2
              5            000              0
              5            001              2
              5            010              8
              5            011              1
              5            100              1
              5            101              0
              5            110              8
              5            111              6
              6            000              4
              6            001              8
              6            010              8
              6            011              0
              6            100              8
              6            101              1
              6            110              2
              6            111              1
              7            000              4
              7            001              5
              7            010              3
              7            011              4
              7            100              7
              7            101              2
              7            110              4
              7            111              7
              8            000              4
              8            001              3
              8            010              3
              8            011              8
              8            100              1
              8            101              8
              8            110              0
              8            111              0
