Eaten part = 0.300054
Start state = 8
Significant inputs: 1 2 6
Moves: 0 1 2 2 0 0 1 2 0
          state         inputs     next state
              0            000              4
              0            001              2
              0            010              1
              0            011              8
              0            100              2
              0            101              7
              0            110              5
              0            111              3
              1            000              7
              1            001              0
              1            010              0
              1            011              0
              1            100              5
              1            101              0
              1            110              3
              1            111              5
              2            000              4
              2            001              8
              2            010              8
              2            011              8
              2            100              5
              2            101              2
              2            110              4
              2            111              0
              3            000              5
              3            001              0
              3            010              6
              3            011              1
              3            100              6
              3            101              8
              3            110              1
              3            111              3
              4            000              4
              4            001              5
              4            010              1
              4            011              1
              4            100              7
              4            101              0
              4            110              1
              4            111              1
              5            000              8
              5            001              5
              5            010              1
              5            011              8
              5            100              8
              5            101              3
              5            110              2
              5            111              5
              6            000              2
              6            001              0
              6            010              8
              6            011              8
              6            100              0
              6            101              2
              6            110              3
              6            111              6
              7            000              4
              7            001              7
              7            010              8
              7            011              5
              7            100              4
              7            101              6
              7            110              4
              7            111              3
              8            000              0
              8            001              5
              8            010              2
              8            011              6
              8            100              2
              8            101              6
              8            110              4
              8            111              8
