Eaten part = 0.182096
Start state = 2
Significant inputs: 1 3 5
Moves: 0 0 0 0 2 1 1 0 1
          state         inputs     next state
              0            000              7
              0            001              6
              0            010              3
              0            011              1
              0            100              8
              0            101              0
              0            110              3
              0            111              0
              1            000              3
              1            001              4
              1            010              0
              1            011              3
              1            100              6
              1            101              5
              1            110              6
              1            111              6
              2            000              7
              2            001              0
              2            010              1
              2            011              5
              2            100              7
              2            101              6
              2            110              3
              2            111              0
              3            000              4
              3            001              0
              3            010              4
              3            011              1
              3            100              3
              3            101              2
              3            110              7
              3            111              3
              4            000              8
              4            001              5
              4            010              5
              4            011              8
              4            100              7
              4            101              0
              4            110              7
              4            111              8
              5            000              6
              5            001              1
              5            010              8
              5            011              2
              5            100              6
              5            101              3
              5            110              7
              5            111              6
              6            000              7
              6            001              7
              6            010              5
              6            011              1
              6            100              6
              6            101              6
              6            110              7
              6            111              5
              7            000              4
              7            001              4
              7            010              2
              7            011              1
              7            100              2
              7            101              0
              7            110              1
              7            111              7
              8            000              0
              8            001              3
              8            010              6
              8            011              7
              8            100              7
              8            101              8
              8            110              3
              8            111              3
