Eaten part = 0.246618
Start state = 5
Significant inputs: 1 2 5
Moves: 2 2 0 0 1 0 0 1 0
          state         inputs     next state
              0            000              6
              0            001              0
              0            010              5
              0            011              0
              0            100              3
              0            101              2
              0            110              2
              0            111              5
              1            000              3
              1            001              5
              1            010              8
              1            011              5
              1            100              3
              1            101              1
              1            110              4
              1            111              2
              2            000              3
              2            001              2
              2            010              4
              2            011              3
              2            100              6
              2            101              8
              2            110              0
              2            111              5
              3            000              5
              3            001              3
              3            010              4
              3            011              0
              3            100              4
              3            101              6
              3            110              4
              3            111              7
              4            000              4
              4            001              5
              4            010              8
              4            011              8
              4            100              4
              4            101              3
              4            110              1
              4            111              5
              5            000              2
              5            001              7
              5            010              4
              5            011              8
              5            100              8
              5            101              5
              5            110              7
              5            111              3
              6            000              5
              6            001              3
              6            010              8
              6            011              8
              6            100              3
              6            101              7
              6            110              7
              6            111              0
              7            000              2
              7            001              2
              7            010              2
              7            011              5
              7            100              1
              7            101              2
              7            110              4
              7            111              5
              8            000              0
              8            001              6
              8            010              3
              8            011              5
              8            100              5
              8            101              6
              8            110              1
              8            111              1
