Eaten part = 0.300488
Start state = 1
Significant inputs: 1 2 6
Moves: 2 0 0 0 0 1 0 2 0
          state         inputs     next state
              0            000              6
              0            001              7
              0            010              4
              0            011              1
              0            100              1
              0            101              3
              0            110              6
              0            111              7
              1            000              6
              1            001              7
              1            010              5
              1            011              5
              1            100              7
              1            101              6
              1            110              6
              1            111              1
              2            000              3
              2            001              5
              2            010              4
              2            011              5
              2            100              1
              2            101              2
              2            110              6
              2            111              6
              3            000              3
              3            001              5
              3            010              5
              3            011              6
              3            100              0
              3            101              1
              3            110              8
              3            111              8
              4            000              3
              4            001              0
              4            010              6
              4            011              3
              4            100              5
              4            101              4
              4            110              2
              4            111              3
              5            000              5
              5            001              6
              5            010              7
              5            011              3
              5            100              6
              5            101              4
              5            110              6
              5            111              2
              6            000              6
              6            001              1
              6            010              5
              6            011              1
              6            100              0
              6            101              6
              6            110              5
              6            111              5
              7            000              4
              7            001              6
              7            010              4
              7            011              1
              7            100              3
              7            101              3
              7            110              2
              7            111              3
              8            000              2
              8            001              3
              8            010              7
              8            011              2
              8            100              4
              8            101              0
              8            110              8
              8            111              6
