Eaten part = 0.179212
Start state = 8
Significant inputs: 1 5 7
Moves: 0 0 1 0 1 1 2 0 1
          state         inputs     next state
              0            000              3
              0            001              0
              0            010              0
              0            011              7
              0            100              0
              0            101              1
              0            110              3
              0            111              1
              1            000              0
              1            001              3
              1            010              5
              1            011              4
              1            100              7
              1            101              0
              1            110              5
              1            111              8
              2            000              1
              2            001              1
              2            010              2
              2            011              2
              2            100              5
              2            101              1
              2            110              0
              2            111              7
              3            000              6
              3            001              1
              3            010              6
              3            011              0
              3            100              3
              3            101              1
              3            110              8
              3            111              3
              4            000              2
              4            001              0
              4            010              8
              4            011              5
              4            100              0
              4            101              6
              4            110              0
              4            111              7
              5            000              3
              5            001              0
              5            010              2
              5            011              8
              5            100              8
              5            101              8
              5            110              2
              5            111              1
              6            000              5
              6            001              4
              6            010              0
              6            011              1
              6            100              0
              6            101              4
              6            110              3
              6            111              5
              7            000              3
              7            001              5
              7            010              3
              7            011              3
              7            100              7
              7            101              4
              7            110              3
              7            111              8
              8            000              6
              8            001              3
              8            010              4
              8            011              8
              8            100              6
              8            101              3
              8            110              3
              8            111              6
