Eaten part = 0.269515
Start state = 6
Significant inputs: 1 2 4
Moves: 0 2 0 0 0 1 0 0 0
          state         inputs     next state
              0            000              1
              0            001              8
              0            010              5
              0            011              7
              0            100              0
              0            101              6
              0            110              8
              0            111              2
              1            000              6
              1            001              8
              1            010              8
              1            011              4
              1            100              8
              1            101              2
              1            110              8
              1            111              4
              2            000              7
              2            001              4
              2            010              5
              2            011              2
              2            100              8
              2            101              4
              2            110              3
              2            111              1
              3            000              2
              3            001              8
              3            010              2
              3            011              1
              3            100              1
              3            101              8
              3            110              8
              3            111              2
              4            000              6
              4            001              6
              4            010              0
              4            011              5
              4            100              2
              4            101              3
              4            110              1
              4            111              8
              5            000              1
              5            001              2
              5            010              7
              5            011              0
              5            100              0
              5            101              6
              5            110              7
              5            111              8
              6            000              6
              6            001              0
              6            010              5
              6            011              2
              6            100              8
              6            101              7
              6            110              0
              6            111              1
              7            000              1
              7            001              7
              7            010              5
              7            011              0
              7            100              7
              7            101              7
              7            110              7
              7            111              8
              8            000              8
              8            001              3
              8            010              5
              8            011              5
              8            100              2
              8            101              6
              8            110              8
              8            111              5
