Eaten part = 0.306933
Start state = 3
Significant inputs: 2 5 6
Moves: 2 0 0 0 2 2 1 1 0
          state         inputs     next state
              0            000              8
              0            001              0
              0            010              8
              0            011              0
              0            100              8
              0            101              0
              0            110              1
              0            111              6
              1            000              8
              1            001              6
              1            010              8
              1            011              2
              1            100              5
              1            101              0
              1            110              4
              1            111              8
              2            000              0
              2            001              6
              2            010              8
              2            011              1
              2            100              5
              2            101              2
              2            110              5
              2            111              5
              3            000              8
              3            001              4
              3            010              0
              3            011              2
              3            100              5
              3            101              2
              3            110              4
              3            111              5
              4            000              4
              4            001              1
              4            010              3
              4            011              3
              4            100              1
              4            101              2
              4            110              6
              4            111              8
              5            000              5
              5            001              1
              5            010              1
              5            011              8
              5            100              0
              5            101              2
              5            110              2
              5            111              8
              6            000              1
              6            001              2
              6            010              2
              6            011              7
              6            100              8
              6            101              3
              6            110              1
              6            111              4
              7            000              3
              7            001              1
              7            010              7
              7            011              2
              7            100              4
              7            101              1
              7            110              3
              7            111              3
              8            000              8
              8            001              6
              8            010              0
              8            011              1
              8            100              5
              8            101              5
              8            110              3
              8            111              2
