Eaten part = 0.259648
Start state = 4
Significant inputs: 0 1 2
Moves: 1 0 1 0 0 1 0 2 2
          state         inputs     next state
              0            000              4
              0            001              0
              0            010              3
              0            011              4
              0            100              4
              0            101              2
              0            110              3
              0            111              6
              1            000              4
              1            001              3
              1            010              4
              1            011              1
              1            100              1
              1            101              7
              1            110              2
              1            111              7
              2            000              5
              2            001              4
              2            010              5
              2            011              1
              2            100              0
              2            101              7
              2            110              7
              2            111              2
              3            000              7
              3            001              6
              3            010              7
              3            011              7
              3            100              3
              3            101              3
              3            110              0
              3            111              2
              4            000              4
              4            001              4
              4            010              7
              4            011              7
              4            100              0
              4            101              5
              4            110              5
              4            111              0
              5            000              7
              5            001              1
              5            010              6
              5            011              6
              5            100              5
              5            101              4
              5            110              1
              5            111              3
              6            000              1
              6            001              5
              6            010              6
              6            011              0
              6            100              5
              6            101              3
              6            110              3
              6            111              2
              7            000              4
              7            001              4
              7            010              4
              7            011              4
              7            100              6
              7            101              1
              7            110              1
              7            111              8
              8            000              1
              8            001              2
              8            010              0
              8            011              1
              8            100              6
              8            101              0
              8            110              0
              8            111              0
