Eaten part = 0.235659
Start state = 3
Significant inputs: 2 3 5
Moves: 0 0 1 1 0 0 0 0 2
          state         inputs     next state
              0            000              1
              0            001              2
              0            010              5
              0            011              2
              0            100              6
              0            101              6
              0            110              0
              0            111              8
              1            000              0
              1            001              2
              1            010              8
              1            011              8
              1            100              6
              1            101              2
              1            110              4
              1            111              8
              2            000              0
              2            001              1
              2            010              8
              2            011              4
              2            100              0
              2            101              7
              2            110              5
              2            111              1
              3            000              0
              3            001              6
              3            010              7
              3            011              5
              3            100              4
              3            101              4
              3            110              8
              3            111              7
              4            000              0
              4            001              3
              4            010              2
              4            011              7
              4            100              5
              4            101              0
              4            110              8
              4            111              1
              5            000              0
              5            001              2
              5            010              8
              5            011              4
              5            100              0
              5            101              8
              5            110              8
              5            111              5
              6            000              1
              6            001              7
              6            010              6
              6            011              6
              6            100              4
              6            101              7
              6            110              8
              6            111              6
              7            000              1
              7            001              0
              7            010              5
              7            011              0
              7            100              5
              7            101              7
              7            110              8
              7            111              1
              8            000              0
              8            001              2
              8            010              3
              8            011              2
              8            100              5
              8            101              0
              8            110              7
              8            111              5
