Eaten part = 0.259593
Start state = 5
Significant inputs: 2 4 7
Moves: 0 0 0 0 0 0 2 1 0
          state         inputs     next state
              0            000              5
              0            001              1
              0            010              5
              0            011              3
              0            100              4
              0            101              5
              0            110              3
              0            111              4
              1            000              6
              1            001              7
              1            010              1
              1            011              7
              1            100              3
              1            101              4
              1            110              2
              1            111              3
              2            000              2
              2            001              7
              2            010              8
              2            011              8
              2            100              1
              2            101              6
              2            110              7
              2            111              6
              3            000              1
              3            001              7
              3            010              0
              3            011              3
              3            100              5
              3            101              8
              3            110              6
              3            111              3
              4            000              6
              4            001              2
              4            010              3
              4            011              8
              4            100              6
              4            101              0
              4            110              5
              4            111              2
              5            000              5
              5            001              7
              5            010              5
              5            011              5
              5            100              8
              5            101              7
              5            110              8
              5            111              8
              6            000              5
              6            001              7
              6            010              4
              6            011              4
              6            100              8
              6            101              3
              6            110              3
              6            111              8
              7            000              5
              7            001              4
              7            010              0
              7            011              2
              7            100              1
              7            101              2
              7            110              5
              7            111              2
              8            000              1
              8            001              7
              8            010              5
              8            011              2
              8            100              3
              8            101              8
              8            110              6
              8            111              1
