Eaten part = 0.303097
Start state = 1
Significant inputs: 2 5 6
Moves: 0 0 2 0 0 0 1 0 2
          state         inputs     next state
              0            000              7
              0            001              6
              0            010              3
              0            011              6
              0            100              2
              0            101              5
              0            110              7
              0            111              4
              1            000              0
              1            001              5
              1            010              6
              1            011              5
              1            100              2
              1            101              3
              1            110              7
              1            111              1
              2            000              8
              2            001              0
              2            010              3
              2            011              1
              2            100              7
              2            101              5
              2            110              0
              2            111              7
              3            000              3
              3            001              6
              3            010              7
              3            011              6
              3            100              2
              3            101              0
              3            110              0
              3            111              5
              4            000              4
              4            001              0
              4            010              5
              4            011              6
              4            100              2
              4            101              3
              4            110              8
              4            111              7
              5            000              7
              5            001              4
              5            010              4
              5            011              5
              5            100              8
              5            101              8
              5            110              4
              5            111              7
              6            000              3
              6            001              1
              6            010              4
              6            011              1
              6            100              5
              6            101              5
              6            110              8
              6            111              5
              7            000              3
              7            001              6
              7            010              3
              7            011              5
              7            100              8
              7            101              2
              7            110              7
              7            111              1
              8            000              1
              8            001              7
              8            010              0
              8            011              5
              8            100              4
              8            101              7
              8            110              7
              8            111              0
