Eaten part = 0.310326
Start state = 2
Significant inputs: 1 2 6
Moves: 0 0 0 0 2 0 2 1 0
          state         inputs     next state
              0            000              2
              0            001              2
              0            010              1
              0            011              0
              0            100              7
              0            101              7
              0            110              1
              0            111              4
              1            000              1
              1            001              2
              1            010              7
              1            011              7
              1            100              4
              1            101              5
              1            110              7
              1            111              8
              2            000              1
              2            001              2
              2            010              7
              2            011              7
              2            100              2
              2            101              4
              2            110              6
              2            111              4
              3            000              0
              3            001              0
              3            010              1
              3            011              7
              3            100              4
              3            101              4
              3            110              1
              3            111              0
              4            000              1
              4            001              6
              4            010              5
              4            011              2
              4            100              1
              4            101              2
              4            110              2
              4            111              7
              5            000              1
              5            001              1
              5            010              0
              5            011              5
              5            100              4
              5            101              4
              5            110              3
              5            111              2
              6            000              1
              6            001              3
              6            010              3
              6            011              2
              6            100              3
              6            101              5
              6            110              6
              6            111              7
              7            000              6
              7            001              2
              7            010              1
              7            011              5
              7            100              2
              7            101              2
              7            110              1
              7            111              1
              8            000              0
              8            001              5
              8            010              0
              8            011              5
              8            100              6
              8            101              8
              8            110              3
              8            111              4
