Eaten part = 0.300260
Start state = 1
Significant inputs: 2 5 6
Moves: 2 0 1 0 0 0 1 2 0
          state         inputs     next state
              0            000              0
              0            001              4
              0            010              3
              0            011              4
              0            100              7
              0            101              5
              0            110              3
              0            111              3
              1            000              4
              1            001              1
              1            010              4
              1            011              5
              1            100              5
              1            101              6
              1            110              1
              1            111              1
              2            000              7
              2            001              0
              2            010              4
              2            011              4
              2            100              7
              2            101              6
              2            110              3
              2            111              0
              3            000              3
              3            001              6
              3            010              4
              3            011              2
              3            100              0
              3            101              0
              3            110              0
              3            111              0
              4            000              4
              4            001              6
              4            010              3
              4            011              0
              4            100              0
              4            101              2
              4            110              1
              4            111              2
              5            000              1
              5            001              3
              5            010              3
              5            011              3
              5            100              0
              5            101              5
              5            110              3
              5            111              2
              6            000              3
              6            001              4
              6            010              5
              6            011              6
              6            100              5
              6            101              3
              6            110              0
              6            111              2
              7            000              6
              7            001              8
              7            010              1
              7            011              2
              7            100              2
              7            101              6
              7            110              6
              7            111              3
              8            000              3
              8            001              1
              8            010              7
              8            011              8
              8            100              2
              8            101              5
              8            110              1
              8            111              2
