Eaten part = 0.307058
Start state = 6
Significant inputs: 0 2 6
Moves: 0 1 0 2 0 0 0 1 0
          state         inputs     next state
              0            000              0
              0            001              8
              0            010              1
              0            011              1
              0            100              3
              0            101              3
              0            110              7
              0            111              3
              1            000              5
              1            001              2
              1            010              0
              1            011              5
              1            100              8
              1            101              5
              1            110              8
              1            111              8
              2            000              0
              2            001              2
              2            010              1
              2            011              3
              2            100              0
              2            101              6
              2            110              4
              2            111              6
              3            000              8
              3            001              5
              3            010              0
              3            011              5
              3            100              0
              3            101              2
              3            110              8
              3            111              0
              4            000              6
              4            001              6
              4            010              4
              4            011              1
              4            100              1
              4            101              6
              4            110              3
              4            111              4
              5            000              8
              5            001              8
              5            010              7
              5            011              0
              5            100              0
              5            101              6
              5            110              0
              5            111              1
              6            000              0
              6            001              0
              6            010              2
              6            011              2
              6            100              0
              6            101              3
              6            110              0
              6            111              0
              7            000              8
              7            001              4
              7            010              8
              7            011              3
              7            100              6
              7            101              5
              7            110              8
              7            111              5
              8            000              0
              8            001              2
              8            010              1
              8            011              7
              8            100              3
              8            101              1
              8            110              3
              8            111              5
