Eaten part = 0.192806
Start state = 5
Significant inputs: 1 4 5
Moves: 0 0 0 2 0 0 0 0 1
          state         inputs     next state
              0            000              3
              0            001              4
              0            010              1
              0            011              7
              0            100              8
              0            101              2
              0            110              0
              0            111              3
              1            000              6
              1            001              0
              1            010              4
              1            011              1
              1            100              6
              1            101              2
              1            110              7
              1            111              6
              2            000              1
              2            001              5
              2            010              1
              2            011              1
              2            100              3
              2            101              4
              2            110              4
              2            111              2
              3            000              4
              3            001              7
              3            010              8
              3            011              4
              3            100              1
              3            101              5
              3            110              4
              3            111              6
              4            000              7
              4            001              1
              4            010              2
              4            011              6
              4            100              1
              4            101              5
              4            110              6
              4            111              8
              5            000              8
              5            001              7
              5            010              4
              5            011              4
              5            100              8
              5            101              1
              5            110              1
              5            111              5
              6            000              7
              6            001              4
              6            010              5
              6            011              7
              6            100              0
              6            101              0
              6            110              5
              6            111              6
              7            000              2
              7            001              1
              7            010              2
              7            011              5
              7            100              8
              7            101              3
              7            110              2
              7            111              4
              8            000              0
              8            001              2
              8            010              5
              8            011              4
              8            100              6
              8            101              4
              8            110              1
              8            111              1
