Eaten part = 0.246047
Start state = 6
Significant inputs: 2 3 7
Moves: 0 2 2 0 1 0 0 1 0
          state         inputs     next state
              0            000              5
              0            001              2
              0            010              6
              0            011              2
              0            100              0
              0            101              5
              0            110              2
              0            111              3
              1            000              0
              1            001              8
              1            010              0
              1            011              1
              1            100              6
              1            101              0
              1            110              2
              1            111              7
              2            000              6
              2            001              6
              2            010              3
              2            011              7
              2            100              5
              2            101              4
              2            110              6
              2            111              6
              3            000              8
              3            001              7
              3            010              3
              3            011              3
              3            100              6
              3            101              1
              3            110              8
              3            111              7
              4            000              6
              4            001              0
              4            010              5
              4            011              0
              4            100              0
              4            101              4
              4            110              5
              4            111              3
              5            000              6
              5            001              3
              5            010              3
              5            011              5
              5            100              1
              5            101              3
              5            110              5
              5            111              3
              6            000              6
              6            001              7
              6            010              3
              6            011              6
              6            100              6
              6            101              4
              6            110              2
              6            111              4
              7            000              5
              7            001              0
              7            010              3
              7            011              6
              7            100              5
              7            101              0
              7            110              3
              7            111              8
              8            000              3
              8            001              7
              8            010              6
              8            011              5
              8            100              3
              8            101              3
              8            110              5
              8            111              3
