Eaten part = 0.244516
Start state = 3
Significant inputs: 0 4 6
Moves: 0 0 0 2 2 0 0 2 0
          state         inputs     next state
              0            000              8
              0            001              0
              0            010              6
              0            011              1
              0            100              4
              0            101              0
              0            110              8
              0            111              2
              1            000              0
              1            001              6
              1            010              8
              1            011              5
              1            100              3
              1            101              3
              1            110              3
              1            111              3
              2            000              1
              2            001              0
              2            010              0
              2            011              8
              2            100              5
              2            101              4
              2            110              0
              2            111              3
              3            000              1
              3            001              5
              3            010              2
              3            011              4
              3            100              0
              3            101              7
              3            110              5
              3            111              1
              4            000              1
              4            001              5
              4            010              0
              4            011              8
              4            100              5
              4            101              3
              4            110              0
              4            111              4
              5            000              8
              5            001              1
              5            010              1
              5            011              8
              5            100              7
              5            101              7
              5            110              8
              5            111              5
              6            000              1
              6            001              4
              6            010              8
              6            011              0
              6            100              6
              6            101              2
              6            110              5
              6            111              4
              7            000              2
              7            001              0
              7            010              8
              7            011              1
              7            100              0
              7            101              6
              7            110              0
              7            111              3
              8            000              5
              8            001              6
              8            010              8
              8            011              8
              8            100              7
              8            101              4
              8            110              8
              8            111              4
