Eaten part = 0.235428
Start state = 5
Significant inputs: 3 5 6
Moves: 1 0 0 2 0 0 1 0 0
          state         inputs     next state
              0            000              1
              0            001              0
              0            010              1
              0            011              5
              0            100              5
              0            101              6
              0            110              8
              0            111              8
              1            000              1
              1            001              2
              1            010              4
              1            011              2
              1            100              3
              1            101              0
              1            110              7
              1            111              3
              2            000              2
              2            001              0
              2            010              7
              2            011              2
              2            100              1
              2            101              5
              2            110              3
              2            111              4
              3            000              1
              3            001              8
              3            010              4
              3            011              1
              3            100              4
              3            101              3
              3            110              1
              3            111              4
              4            000              4
              4            001              4
              4            010              5
              4            011              1
              4            100              3
              4            101              7
              4            110              8
              4            111              8
              5            000              4
              5            001              0
              5            010              8
              5            011              4
              5            100              2
              5            101              7
              5            110              8
              5            111              0
              6            000              5
              6            001              4
              6            010              7
              6            011              6
              6            100              5
              6            101              8
              6            110              1
              6            111              6
              7            000              6
              7            001              2
              7            010              4
              7            011              6
              7            100              0
              7            101              1
              7            110              3
              7            111              7
              8            000              5
              8            001              1
              8            010              0
              8            011              7
              8            100              1
              8            101              8
              8            110              3
              8            111              5
