Eaten part = 0.300106
Start state = 6
Significant inputs: 1 2 6
Moves: 0 0 2 1 0 0 2 0 1
          state         inputs     next state
              0            000              3
              0            001              5
              0            010              1
              0            011              1
              0            100              6
              0            101              7
              0            110              5
              0            111              1
              1            000              4
              1            001              4
              1            010              4
              1            011              5
              1            100              6
              1            101              5
              1            110              5
              1            111              6
              2            000              6
              2            001              8
              2            010              3
              2            011              4
              2            100              7
              2            101              8
              2            110              2
              2            111              7
              3            000              5
              3            001              5
              3            010              5
              3            011              0
              3            100              3
              3            101              1
              3            110              7
              3            111              1
              4            000              5
              4            001              2
              4            010              3
              4            011              7
              4            100              6
              4            101              1
              4            110              3
              4            111              1
              5            000              4
              5            001              5
              5            010              3
              5            011              3
              5            100              6
              5            101              5
              5            110              6
              5            111              4
              6            000              1
              6            001              5
              6            010              1
              6            011              3
              6            100              5
              6            101              4
              6            110              4
              6            111              7
              7            000              1
              7            001              5
              7            010              0
              7            011              7
              7            100              2
              7            101              0
              7            110              3
              7            111              2
              8            000              7
              8            001              6
              8            010              3
              8            011              3
              8            100              8
              8            101              5
              8            110              4
              8            111              7
