Eaten part = 0.216074
Start state = 7
Significant inputs: 0 4 5
Moves: 0 0 0 0 0 0 1 0 2
          state         inputs     next state
              0            000              8
              0            001              3
              0            010              5
              0            011              0
              0            100              2
              0            101              2
              0            110              3
              0            111              1
              1            000              0
              1            001              6
              1            010              7
              1            011              0
              1            100              0
              1            101              1
              1            110              6
              1            111              5
              2            000              6
              2            001              5
              2            010              4
              2            011              1
              2            100              5
              2            101              6
              2            110              5
              2            111              2
              3            000              2
              3            001              7
              3            010              2
              3            011              1
              3            100              7
              3            101              6
              3            110              8
              3            111              5
              4            000              0
              4            001              8
              4            010              0
              4            011              1
              4            100              7
              4            101              4
              4            110              4
              4            111              6
              5            000              6
              5            001              3
              5            010              0
              5            011              5
              5            100              4
              5            101              1
              5            110              7
              5            111              2
              6            000              0
              6            001              4
              6            010              8
              6            011              4
              6            100              4
              6            101              0
              6            110              8
              6            111              5
              7            000              6
              7            001              1
              7            010              8
              7            011              3
              7            100              1
              7            101              0
              7            110              0
              7            111              0
              8            000              2
              8            001              5
              8            010              6
              8            011              6
              8            100              2
              8            101              4
              8            110              5
              8            111              7
