Eaten part = 0.290181
Start state = 1
Significant inputs: 2 6 7
Moves: 0 0 1 0 0 2 1 0 2
          state         inputs     next state
              0            000              0
              0            001              3
              0            010              5
              0            011              8
              0            100              5
              0            101              1
              0            110              5
              0            111              0
              1            000              1
              1            001              6
              1            010              5
              1            011              7
              1            100              3
              1            101              3
              1            110              0
              1            111              5
              2            000              7
              2            001              0
              2            010              2
              2            011              0
              2            100              4
              2            101              4
              2            110              0
              2            111              2
              3            000              1
              3            001              6
              3            010              8
              3            011              6
              3            100              0
              3            101              1
              3            110              0
              3            111              0
              4            000              4
              4            001              7
              4            010              4
              4            011              3
              4            100              4
              4            101              2
              4            110              5
              4            111              5
              5            000              3
              5            001              7
              5            010              1
              5            011              1
              5            100              7
              5            101              0
              5            110              7
              5            111              0
              6            000              7
              6            001              7
              6            010              3
              6            011              0
              6            100              1
              6            101              1
              6            110              4
              6            111              0
              7            000              1
              7            001              1
              7            010              5
              7            011              0
              7            100              4
              7            101              4
              7            110              7
              7            111              3
              8            000              0
              8            001              0
              8            010              1
              8            011              4
              8            100              7
              8            101              3
              8            110              1
              8            111              7
