Eaten part = 0.292834
Start state = 5
Significant inputs: 2 5 6
Moves: 2 0 2 1 0 0 0 0 2
          state         inputs     next state
              0            000              1
              0            001              1
              0            010              3
              0            011              7
              0            100              8
              0            101              0
              0            110              8
              0            111              1
              1            000              6
              1            001              1
              1            010              5
              1            011              5
              1            100              5
              1            101              7
              1            110              3
              1            111              2
              2            000              3
              2            001              4
              2            010              6
              2            011              5
              2            100              0
              2            101              3
              2            110              6
              2            111              5
              3            000              7
              3            001              5
              3            010              5
              3            011              4
              3            100              5
              3            101              6
              3            110              4
              3            111              7
              4            000              4
              4            001              0
              4            010              6
              4            011              0
              4            100              8
              4            101              7
              4            110              8
              4            111              4
              5            000              6
              5            001              7
              5            010              6
              5            011              7
              5            100              5
              5            101              3
              5            110              7
              5            111              8
              6            000              7
              6            001              3
              6            010              4
              6            011              3
              6            100              5
              6            101              3
              6            110              6
              6            111              3
              7            000              7
              7            001              3
              7            010              7
              7            011              4
              7            100              2
              7            101              8
              7            110              1
              7            111              1
              8            000              3
              8            001              2
              8            010              7
              8            011              5
              8            100              0
              8            101              5
              8            110              1
              8            111              6
