Eaten part = 0.211773
Start state = 0
Significant inputs: 0 4 7
Moves: 0 0 0 0 0 1 2 0 0
          state         inputs     next state
              0            000              5
              0            001              8
              0            010              7
              0            011              2
              0            100              8
              0            101              6
              0            110              2
              0            111              3
              1            000              6
              1            001              5
              1            010              1
              1            011              4
              1            100              7
              1            101              2
              1            110              7
              1            111              4
              2            000              7
              2            001              5
              2            010              3
              2            011              3
              2            100              1
              2            101              7
              2            110              4
              2            111              0
              3            000              1
              3            001              4
              3            010              4
              3            011              2
              3            100              0
              3            101              2
              3            110              2
              3            111              3
              4            000              1
              4            001              2
              4            010              0
              4            011              1
              4            100              7
              4            101              5
              4            110              8
              4            111              1
              5            000              4
              5            001              3
              5            010              6
              5            011              8
              5            100              4
              5            101              0
              5            110              2
              5            111              2
              6            000              8
              6            001              2
              6            010              5
              6            011              8
              6            100              1
              6            101              3
              6            110              1
              6            111              7
              7            000              8
              7            001              5
              7            010              0
              7            011              8
              7            100              7
              7            101              8
              7            110              3
              7            111              1
              8            000              0
              8            001              5
              8            010              4
              8            011              3
              8            100              6
              8            101              6
              8            110              8
              8            111              2
