Eaten part = 0.187432
Start state = 5
Significant inputs: 4 5 7
Moves: 2 0 0 1 0 0 0 0 0
          state         inputs     next state
              0            000              4
              0            001              4
              0            010              8
              0            011              6
              0            100              4
              0            101              7
              0            110              8
              0            111              7
              1            000              0
              1            001              1
              1            010              1
              1            011              7
              1            100              5
              1            101              2
              1            110              8
              1            111              8
              2            000              6
              2            001              7
              2            010              3
              2            011              6
              2            100              5
              2            101              4
              2            110              0
              2            111              2
              3            000              6
              3            001              1
              3            010              1
              3            011              5
              3            100              6
              3            101              8
              3            110              8
              3            111              0
              4            000              3
              4            001              1
              4            010              1
              4            011              1
              4            100              3
              4            101              8
              4            110              5
              4            111              8
              5            000              1
              5            001              5
              5            010              6
              5            011              0
              5            100              0
              5            101              2
              5            110              3
              5            111              7
              6            000              6
              6            001              7
              6            010              1
              6            011              8
              6            100              7
              6            101              8
              6            110              7
              6            111              4
              7            000              8
              7            001              2
              7            010              7
              7            011              4
              7            100              5
              7            101              5
              7            110              6
              7            111              2
              8            000              3
              8            001              6
              8            010              6
              8            011              5
              8            100              6
              8            101              1
              8            110              2
              8            111              5
