Eaten part = 0.195412
Start state = 6
Significant inputs: 0 4 7
Moves: 0 0 2 0 1 0 1 0 0
          state         inputs     next state
              0            000              4
              0            001              8
              0            010              7
              0            011              5
              0            100              2
              0            101              8
              0            110              1
              0            111              1
              1            000              5
              1            001              8
              1            010              7
              1            011              0
              1            100              8
              1            101              1
              1            110              7
              1            111              7
              2            000              7
              2            001              0
              2            010              4
              2            011              4
              2            100              7
              2            101              3
              2            110              6
              2            111              6
              3            000              4
              3            001              4
              3            010              2
              3            011              1
              3            100              5
              3            101              6
              3            110              5
              3            111              2
              4            000              7
              4            001              1
              4            010              7
              4            011              5
              4            100              8
              4            101              3
              4            110              6
              4            111              8
              5            000              7
              5            001              1
              5            010              5
              5            011              6
              5            100              8
              5            101              0
              5            110              5
              5            111              8
              6            000              2
              6            001              7
              6            010              8
              6            011              8
              6            100              8
              6            101              0
              6            110              8
              6            111              4
              7            000              1
              7            001              8
              7            010              0
              7            011              1
              7            100              7
              7            101              8
              7            110              2
              7            111              0
              8            000              2
              8            001              8
              8            010              0
              8            011              8
              8            100              7
              8            101              5
              8            110              0
              8            111              3
