Eaten part = 0.308954
Start state = 2
Significant inputs: 2 5 6
Moves: 0 0 2 0 1 1 0 0 0
          state         inputs     next state
              0            000              0
              0            001              4
              0            010              1
              0            011              3
              0            100              2
              0            101              5
              0            110              2
              0            111              8
              1            000              0
              1            001              5
              1            010              8
              1            011              4
              1            100              2
              1            101              8
              1            110              8
              1            111              4
              2            000              6
              2            001              7
              2            010              1
              2            011              7
              2            100              7
              2            101              8
              2            110              0
              2            111              3
              3            000              0
              3            001              7
              3            010              3
              3            011              7
              3            100              5
              3            101              2
              3            110              6
              3            111              4
              4            000              0
              4            001              0
              4            010              6
              4            011              7
              4            100              1
              4            101              1
              4            110              6
              4            111              2
              5            000              3
              5            001              1
              5            010              3
              5            011              1
              5            100              0
              5            101              7
              5            110              0
              5            111              0
              6            000              7
              6            001              8
              6            010              3
              6            011              1
              6            100              3
              6            101              6
              6            110              3
              6            111              8
              7            000              7
              7            001              5
              7            010              4
              7            011              5
              7            100              2
              7            101              5
              7            110              2
              7            111              8
              8            000              1
              8            001              0
              8            010              6
              8            011              5
              8            100              8
              8            101              2
              8            110              7
              8            111              3
