Eaten part = 0.243068
Start state = 7
Significant inputs: 3 6 7
Moves: 0 0 0 0 0 2 0 0 1
          state         inputs     next state
              0            000              2
              0            001              1
              0            010              7
              0            011              8
              0            100              5
              0            101              2
              0            110              7
              0            111              0
              1            000              6
              1            001              0
              1            010              0
              1            011              7
              1            100              1
              1            101              8
              1            110              2
              1            111              6
              2            000              2
              2            001              2
              2            010              5
              2            011              5
              2            100              2
              2            101              3
              2            110              5
              2            111              8
              3            000              2
              3            001              4
              3            010              1
              3            011              1
              3            100              0
              3            101              5
              3            110              8
              3            111              0
              4            000              7
              4            001              5
              4            010              4
              4            011              1
              4            100              5
              4            101              5
              4            110              4
              4            111              6
              5            000              1
              5            001              2
              5            010              7
              5            011              7
              5            100              6
              5            101              6
              5            110              2
              5            111              2
              6            000              6
              6            001              2
              6            010              5
              6            011              4
              6            100              6
              6            101              3
              6            110              5
              6            111              2
              7            000              0
              7            001              8
              7            010              3
              7            011              6
              7            100              1
              7            101              1
              7            110              4
              7            111              3
              8            000              2
              8            001              6
              8            010              3
              8            011              1
              8            100              5
              8            101              4
              8            110              0
              8            111              8
