Eaten part = 0.245434
Start state = 7
Significant inputs: 1 3 6
Moves: 2 0 1 2 0 0 0 0 0
          state         inputs     next state
              0            000              8
              0            001              7
              0            010              2
              0            011              2
              0            100              1
              0            101              7
              0            110              5
              0            111              8
              1            000              2
              1            001              3
              1            010              2
              1            011              4
              1            100              1
              1            101              3
              1            110              2
              1            111              7
              2            000              5
              2            001              5
              2            010              8
              2            011              6
              2            100              6
              2            101              7
              2            110              0
              2            111              5
              3            000              8
              3            001              8
              3            010              4
              3            011              1
              3            100              7
              3            101              2
              3            110              4
              3            111              5
              4            000              4
              4            001              6
              4            010              5
              4            011              7
              4            100              3
              4            101              2
              4            110              0
              4            111              5
              5            000              5
              5            001              8
              5            010              7
              5            011              4
              5            100              3
              5            101              3
              5            110              0
              5            111              5
              6            000              7
              6            001              3
              6            010              5
              6            011              3
              6            100              5
              6            101              8
              6            110              5
              6            111              1
              7            000              5
              7            001              8
              7            010              2
              7            011              5
              7            100              3
              7            101              0
              7            110              3
              7            111              7
              8            000              7
              8            001              8
              8            010              6
              8            011              8
              8            100              5
              8            101              0
              8            110              8
              8            111              4
