Eaten part = 0.203894
Start state = 5
Significant inputs: 2 3 5
Moves: 1 0 0 1 0 0 0 1 1
          state         inputs     next state
              0            000              1
              0            001              1
              0            010              7
              0            011              1
              0            100              0
              0            101              2
              0            110              4
              0            111              5
              1            000              6
              1            001              5
              1            010              1
              1            011              7
              1            100              2
              1            101              6
              1            110              2
              1            111              1
              2            000              2
              2            001              8
              2            010              1
              2            011              0
              2            100              6
              2            101              6
              2            110              6
              2            111              0
              3            000              2
              3            001              1
              3            010              2
              3            011              4
              3            100              1
              3            101              3
              3            110              7
              3            111              5
              4            000              4
              4            001              3
              4            010              8
              4            011              6
              4            100              2
              4            101              4
              4            110              6
              4            111              2
              5            000              6
              5            001              1
              5            010              3
              5            011              8
              5            100              4
              5            101              8
              5            110              7
              5            111              5
              6            000              6
              6            001              3
              6            010              1
              6            011              0
              6            100              6
              6            101              3
              6            110              6
              6            111              3
              7            000              3
              7            001              7
              7            010              4
              7            011              8
              7            100              2
              7            101              3
              7            110              2
              7            111              5
              8            000              6
              8            001              1
              8            010              1
              8            011              4
              8            100              1
              8            101              0
              8            110              5
              8            111              2
