Eaten part = 0.268926
Start state = 2
Significant inputs: 0 2 6
Moves: 1 0 2 0 0 0 1 0 2
          state         inputs     next state
              0            000              5
              0            001              5
              0            010              5
              0            011              7
              0            100              1
              0            101              1
              0            110              4
              0            111              3
              1            000              7
              1            001              7
              1            010              6
              1            011              4
              1            100              3
              1            101              8
              1            110              8
              1            111              3
              2            000              4
              2            001              0
              2            010              4
              2            011              0
              2            100              1
              2            101              0
              2            110              6
              2            111              2
              3            000              4
              3            001              3
              3            010              0
              3            011              1
              3            100              1
              3            101              4
              3            110              7
              3            111              8
              4            000              1
              4            001              5
              4            010              5
              4            011              0
              4            100              2
              4            101              3
              4            110              2
              4            111              3
              5            000              5
              5            001              1
              5            010              0
              5            011              6
              5            100              1
              5            101              3
              5            110              8
              5            111              5
              6            000              7
              6            001              1
              6            010              7
              6            011              4
              6            100              8
              6            101              7
              6            110              4
              6            111              4
              7            000              4
              7            001              0
              7            010              6
              7            011              6
              7            100              2
              7            101              3
              7            110              5
              7            111              5
              8            000              7
              8            001              3
              8            010              7
              8            011              5
              8            100              7
              8            101              4
              8            110              6
              8            111              7
