Eaten part = 0.200933
Start state = 7
Significant inputs: 0 4 7
Moves: 0 1 0 0 0 0 1 0 0
          state         inputs     next state
              0            000              2
              0            001              7
              0            010              7
              0            011              3
              0            100              3
              0            101              7
              0            110              2
              0            111              8
              1            000              6
              1            001              2
              1            010              8
              1            011              4
              1            100              4
              1            101              6
              1            110              1
              1            111              2
              2            000              6
              2            001              2
              2            010              0
              2            011              3
              2            100              8
              2            101              4
              2            110              2
              2            111              4
              3            000              6
              3            001              4
              3            010              7
              3            011              4
              3            100              0
              3            101              5
              3            110              3
              3            111              5
              4            000              4
              4            001              0
              4            010              3
              4            011              8
              4            100              3
              4            101              6
              4            110              7
              4            111              3
              5            000              5
              5            001              4
              5            010              5
              5            011              3
              5            100              0
              5            101              3
              5            110              8
              5            111              6
              6            000              4
              6            001              5
              6            010              4
              6            011              2
              6            100              1
              6            101              3
              6            110              6
              6            111              8
              7            000              8
              7            001              0
              7            010              8
              7            011              7
              7            100              0
              7            101              4
              7            110              8
              7            111              6
              8            000              4
              8            001              0
              8            010              7
              8            011              3
              8            100              8
              8            101              3
              8            110              4
              8            111              4
