Eaten part = 0.270130
Start state = 7
Significant inputs: 2 3 4
Moves: 0 2 1 0 0 2 0 1 0
          state         inputs     next state
              0            000              4
              0            001              7
              0            010              5
              0            011              7
              0            100              8
              0            101              4
              0            110              4
              0            111              3
              1            000              8
              1            001              4
              1            010              7
              1            011              2
              1            100              1
              1            101              0
              1            110              0
              1            111              4
              2            000              3
              2            001              0
              2            010              0
              2            011              1
              2            100              8
              2            101              6
              2            110              2
              2            111              5
              3            000              8
              3            001              7
              3            010              8
              3            011              7
              3            100              3
              3            101              7
              3            110              3
              3            111              5
              4            000              4
              4            001              7
              4            010              8
              4            011              2
              4            100              0
              4            101              4
              4            110              6
              4            111              6
              5            000              0
              5            001              4
              5            010              6
              5            011              7
              5            100              6
              5            101              8
              5            110              0
              5            111              7
              6            000              8
              6            001              7
              6            010              4
              6            011              2
              6            100              4
              6            101              0
              6            110              8
              6            111              0
              7            000              8
              7            001              0
              7            010              5
              7            011              5
              7            100              3
              7            101              0
              7            110              5
              7            111              7
              8            000              4
              8            001              7
              8            010              4
              8            011              5
              8            100              6
              8            101              6
              8            110              3
              8            111              8
