Eaten part = 0.286710
Start state = 1
Significant inputs: 2 6 7
Moves: 2 0 0 0 1 2 0 0 1
          state         inputs     next state
              0            000              1
              0            001              3
              0            010              7
              0            011              3
              0            100              1
              0            101              3
              0            110              2
              0            111              7
              1            000              1
              1            001              8
              1            010              5
              1            011              7
              1            100              1
              1            101              3
              1            110              3
              1            111              7
              2            000              6
              2            001              6
              2            010              6
              2            011              7
              2            100              5
              2            101              4
              2            110              1
              2            111              7
              3            000              7
              3            001              8
              3            010              5
              3            011              7
              3            100              3
              3            101              8
              3            110              1
              3            111              8
              4            000              2
              4            001              6
              4            010              0
              4            011              2
              4            100              1
              4            101              5
              4            110              4
              4            111              0
              5            000              2
              5            001              7
              5            010              1
              5            011              8
              5            100              1
              5            101              4
              5            110              1
              5            111              2
              6            000              6
              6            001              4
              6            010              0
              6            011              8
              6            100              7
              6            101              6
              6            110              7
              6            111              5
              7            000              7
              7            001              8
              7            010              0
              7            011              5
              7            100              6
              7            101              3
              7            110              0
              7            111              6
              8            000              6
              8            001              7
              8            010              1
              8            011              2
              8            100              7
              8            101              6
              8            110              7
              8            111              2
