Eaten part = 0.219709
Start state = 1
Significant inputs: 3 4 7
Moves: 0 0 0 2 1 2 0 0 0
          state         inputs     next state
              0            000              7
              0            001              7
              0            010              6
              0            011              2
              0            100              3
              0            101              1
              0            110              5
              0            111              6
              1            000              2
              1            001              2
              1            010              1
              1            011              0
              1            100              8
              1            101              7
              1            110              3
              1            111              7
              2            000              5
              2            001              3
              2            010              7
              2            011              8
              2            100              6
              2            101              3
              2            110              7
              2            111              0
              3            000              0
              3            001              6
              3            010              4
              3            011              1
              3            100              2
              3            101              7
              3            110              1
              3            111              2
              4            000              7
              4            001              2
              4            010              3
              4            011              1
              4            100              2
              4            101              6
              4            110              7
              4            111              8
              5            000              6
              5            001              4
              5            010              4
              5            011              8
              5            100              2
              5            101              2
              5            110              8
              5            111              8
              6            000              4
              6            001              6
              6            010              0
              6            011              1
              6            100              7
              6            101              4
              6            110              2
              6            111              3
              7            000              5
              7            001              4
              7            010              1
              7            011              0
              7            100              3
              7            101              5
              7            110              7
              7            111              1
              8            000              0
              8            001              2
              8            010              7
              8            011              6
              8            100              7
              8            101              4
              8            110              5
              8            111              2
