Eaten part = 0.237559
Start state = 2
Significant inputs: 1 5 6
Moves: 0 2 0 0 0 1 0 2 0
          state         inputs     next state
              0            000              0
              0            001              6
              0            010              6
              0            011              2
              0            100              7
              0            101              5
              0            110              2
              0            111              8
              1            000              4
              1            001              4
              1            010              4
              1            011              4
              1            100              2
              1            101              5
              1            110              2
              1            111              7
              2            000              5
              2            001              3
              2            010              6
              2            011              5
              2            100              7
              2            101              7
              2            110              1
              2            111              2
              3            000              6
              3            001              2
              3            010              3
              3            011              0
              3            100              7
              3            101              3
              3            110              4
              3            111              2
              4            000              8
              4            001              2
              4            010              5
              4            011              2
              4            100              2
              4            101              3
              4            110              4
              4            111              7
              5            000              0
              5            001              2
              5            010              3
              5            011              0
              5            100              6
              5            101              0
              5            110              7
              5            111              1
              6            000              3
              6            001              0
              6            010              8
              6            011              0
              6            100              1
              6            101              8
              6            110              0
              6            111              0
              7            000              3
              7            001              3
              7            010              8
              7            011              4
              7            100              3
              7            101              0
              7            110              6
              7            111              2
              8            000              0
              8            001              4
              8            010              2
              8            011              6
              8            100              8
              8            101              7
              8            110              3
              8            111              0
