Eaten part = 0.201862
Start state = 4
Significant inputs: 4 5 7
Moves: 2 0 1 1 0 0 1 0 0
          state         inputs     next state
              0            000              1
              0            001              3
              0            010              8
              0            011              8
              0            100              1
              0            101              8
              0            110              5
              0            111              8
              1            000              1
              1            001              5
              1            010              6
              1            011              8
              1            100              4
              1            101              7
              1            110              1
              1            111              8
              2            000              5
              2            001              4
              2            010              6
              2            011              0
              2            100              1
              2            101              5
              2            110              5
              2            111              3
              3            000              8
              3            001              0
              3            010              5
              3            011              5
              3            100              3
              3            101              5
              3            110              0
              3            111              2
              4            000              2
              4            001              3
              4            010              7
              4            011              8
              4            100              0
              4            101              8
              4            110              1
              4            111              8
              5            000              0
              5            001              1
              5            010              5
              5            011              7
              5            100              0
              5            101              8
              5            110              7
              5            111              8
              6            000              7
              6            001              4
              6            010              8
              6            011              3
              6            100              7
              6            101              3
              6            110              1
              6            111              3
              7            000              0
              7            001              8
              7            010              7
              7            011              8
              7            100              5
              7            101              5
              7            110              3
              7            111              6
              8            000              8
              8            001              8
              8            010              1
              8            011              4
              8            100              0
              8            101              8
              8            110              8
              8            111              5
