Eaten part = 0.237826
Start state = 0
Significant inputs: 1 4 6
Moves: 0 0 0 0 0 0 1 0 2
          state         inputs     next state
              0            000              4
              0            001              1
              0            010              5
              0            011              7
              0            100              8
              0            101              8
              0            110              1
              0            111              0
              1            000              1
              1            001              1
              1            010              4
              1            011              0
              1            100              8
              1            101              7
              1            110              2
              1            111              4
              2            000              1
              2            001              8
              2            010              4
              2            011              8
              2            100              5
              2            101              3
              2            110              1
              2            111              7
              3            000              4
              3            001              6
              3            010              4
              3            011              1
              3            100              7
              3            101              1
              3            110              5
              3            111              5
              4            000              0
              4            001              3
              4            010              4
              4            011              1
              4            100              8
              4            101              6
              4            110              7
              4            111              7
              5            000              7
              5            001              1
              5            010              0
              5            011              8
              5            100              8
              5            101              4
              5            110              1
              5            111              4
              6            000              2
              6            001              4
              6            010              8
              6            011              4
              6            100              4
              6            101              8
              6            110              8
              6            111              2
              7            000              4
              7            001              7
              7            010              1
              7            011              4
              7            100              0
              7            101              5
              7            110              5
              7            111              2
              8            000              7
              8            001              7
              8            010              2
              8            011              4
              8            100              1
              8            101              4
              8            110              2
              8            111              4
