Eaten part = 0.194121
Start state = 6
Significant inputs: 0 3 4
Moves: 2 0 0 0 0 0 2 0 1
          state         inputs     next state
              0            000              3
              0            001              5
              0            010              1
              0            011              4
              0            100              0
              0            101              3
              0            110              6
              0            111              5
              1            000              7
              1            001              8
              1            010              4
              1            011              0
              1            100              4
              1            101              5
              1            110              0
              1            111              2
              2            000              0
              2            001              3
              2            010              6
              2            011              7
              2            100              7
              2            101              3
              2            110              3
              2            111              3
              3            000              7
              3            001              8
              3            010              4
              3            011              8
              3            100              7
              3            101              5
              3            110              1
              3            111              6
              4            000              7
              4            001              1
              4            010              5
              4            011              1
              4            100              2
              4            101              6
              4            110              2
              4            111              4
              5            000              6
              5            001              4
              5            010              7
              5            011              4
              5            100              2
              5            101              4
              5            110              5
              5            111              4
              6            000              4
              6            001              5
              6            010              3
              6            011              4
              6            100              8
              6            101              6
              6            110              6
              6            111              1
              7            000              1
              7            001              6
              7            010              8
              7            011              4
              7            100              5
              7            101              5
              7            110              7
              7            111              7
              8            000              4
              8            001              2
              8            010              8
              8            011              7
              8            100              0
              8            101              1
              8            110              3
              8            111              1
