Eaten part = 0.299801
Start state = 6
Significant inputs: 2 6 7
Moves: 1 0 0 2 0 0 0 0 0
          state         inputs     next state
              0            000              8
              0            001              8
              0            010              4
              0            011              2
              0            100              1
              0            101              6
              0            110              7
              0            111              4
              1            000              4
              1            001              4
              1            010              3
              1            011              8
              1            100              2
              1            101              2
              1            110              8
              1            111              6
              2            000              4
              2            001              0
              2            010              3
              2            011              1
              2            100              6
              2            101              5
              2            110              2
              2            111              0
              3            000              4
              3            001              1
              3            010              5
              3            011              8
              3            100              7
              3            101              7
              3            110              4
              3            111              6
              4            000              4
              4            001              0
              4            010              3
              4            011              4
              4            100              4
              4            101              0
              4            110              3
              4            111              4
              5            000              1
              5            001              0
              5            010              0
              5            011              5
              5            100              3
              5            101              2
              5            110              2
              5            111              5
              6            000              6
              6            001              2
              6            010              3
              6            011              4
              6            100              6
              6            101              8
              6            110              3
              6            111              2
              7            000              4
              7            001              5
              7            010              7
              7            011              1
              7            100              6
              7            101              6
              7            110              0
              7            111              4
              8            000              1
              8            001              0
              8            010              3
              8            011              6
              8            100              1
              8            101              8
              8            110              7
              8            111              3
