Eaten part = 0.303362
Start state = 5
Significant inputs: 2 5 6
Moves: 0 0 1 2 0 0 0 2 1
          state         inputs     next state
              0            000              5
              0            001              4
              0            010              5
              0            011              7
              0            100              5
              0            101              7
              0            110              0
              0            111              6
              1            000              5
              1            001              6
              1            010              1
              1            011              1
              1            100              3
              1            101              4
              1            110              3
              1            111              7
              2            000              4
              2            001              3
              2            010              7
              2            011              0
              2            100              6
              2            101              5
              2            110              6
              2            111              5
              3            000              7
              3            001              5
              3            010              4
              3            011              1
              3            100              3
              3            101              2
              3            110              5
              3            111              6
              4            000              5
              4            001              8
              4            010              1
              4            011              8
              4            100              4
              4            101              7
              4            110              6
              4            111              5
              5            000              5
              5            001              8
              5            010              1
              5            011              2
              5            100              3
              5            101              3
              5            110              1
              5            111              0
              6            000              4
              6            001              8
              6            010              4
              6            011              5
              6            100              3
              6            101              5
              6            110              7
              6            111              7
              7            000              4
              7            001              4
              7            010              0
              7            011              4
              7            100              6
              7            101              7
              7            110              0
              7            111              4
              8            000              1
              8            001              1
              8            010              2
              8            011              7
              8            100              6
              8            101              5
              8            110              8
              8            111              5
