Eaten part = 0.273706
Start state = 5
Significant inputs: 2 3 6
Moves: 0 0 0 0 0 1 2 0 0
          state         inputs     next state
              0            000              1
              0            001              2
              0            010              4
              0            011              0
              0            100              2
              0            101              6
              0            110              6
              0            111              7
              1            000              2
              1            001              5
              1            010              1
              1            011              3
              1            100              6
              1            101              5
              1            110              2
              1            111              0
              2            000              1
              2            001              5
              2            010              0
              2            011              5
              2            100              6
              2            101              1
              2            110              4
              2            111              5
              3            000              2
              3            001              6
              3            010              8
              3            011              4
              3            100              2
              3            101              2
              3            110              1
              3            111              5
              4            000              0
              4            001              4
              4            010              2
              4            011              1
              4            100              0
              4            101              5
              4            110              1
              4            111              6
              5            000              4
              5            001              1
              5            010              2
              5            011              0
              5            100              7
              5            101              2
              5            110              1
              5            111              3
              6            000              1
              6            001              3
              6            010              4
              6            011              3
              6            100              4
              6            101              3
              6            110              2
              6            111              5
              7            000              0
              7            001              8
              7            010              3
              7            011              0
              7            100              2
              7            101              8
              7            110              4
              7            111              1
              8            000              2
              8            001              5
              8            010              8
              8            011              2
              8            100              2
              8            101              3
              8            110              0
              8            111              5
