Eaten part = 0.220769
Start state = 7
Significant inputs: 4 5 7
Moves: 0 0 0 2 0 1 0 0 0
          state         inputs     next state
              0            000              3
              0            001              7
              0            010              6
              0            011              0
              0            100              3
              0            101              6
              0            110              8
              0            111              6
              1            000              1
              1            001              4
              1            010              8
              1            011              7
              1            100              7
              1            101              1
              1            110              8
              1            111              6
              2            000              6
              2            001              0
              2            010              4
              2            011              0
              2            100              6
              2            101              2
              2            110              4
              2            111              1
              3            000              6
              3            001              5
              3            010              2
              3            011              4
              3            100              7
              3            101              7
              3            110              1
              3            111              0
              4            000              6
              4            001              1
              4            010              5
              4            011              0
              4            100              6
              4            101              4
              4            110              0
              4            111              0
              5            000              0
              5            001              3
              5            010              6
              5            011              8
              5            100              8
              5            101              4
              5            110              0
              5            111              6
              6            000              5
              6            001              4
              6            010              2
              6            011              7
              6            100              0
              6            101              2
              6            110              4
              6            111              8
              7            000              0
              7            001              2
              7            010              7
              7            011              6
              7            100              0
              7            101              7
              7            110              4
              7            111              3
              8            000              3
              8            001              2
              8            010              2
              8            011              7
              8            100              6
              8            101              8
              8            110              8
              8            111              4
