Eaten part = 0.261678
Start state = 1
Significant inputs: 5 6 7
Moves: 2 2 0 0 1 0 2 0 0
          state         inputs     next state
              0            000              3
              0            001              4
              0            010              6
              0            011              2
              0            100              0
              0            101              7
              0            110              4
              0            111              7
              1            000              4
              1            001              7
              1            010              0
              1            011              0
              1            100              5
              1            101              4
              1            110              7
              1            111              1
              2            000              2
              2            001              2
              2            010              4
              2            011              2
              2            100              2
              2            101              8
              2            110              4
              2            111              6
              3            000              4
              3            001              3
              3            010              5
              3            011              8
              3            100              4
              3            101              6
              3            110              0
              3            111              2
              4            000              8
              4            001              3
              4            010              5
              4            011              3
              4            100              7
              4            101              7
              4            110              7
              4            111              4
              5            000              8
              5            001              3
              5            010              6
              5            011              6
              5            100              5
              5            101              8
              5            110              1
              5            111              4
              6            000              4
              6            001              3
              6            010              7
              6            011              7
              6            100              8
              6            101              8
              6            110              6
              6            111              5
              7            000              4
              7            001              3
              7            010              3
              7            011              8
              7            100              2
              7            101              2
              7            110              4
              7            111              0
              8            000              8
              8            001              5
              8            010              6
              8            011              3
              8            100              8
              8            101              1
              8            110              6
              8            111              7
