Eaten part = 0.291669
Start state = 3
Significant inputs: 2 5 6
Moves: 1 0 2 0 0 2 0 1 0
          state         inputs     next state
              0            000              3
              0            001              1
              0            010              8
              0            011              8
              0            100              3
              0            101              6
              0            110              8
              0            111              0
              1            000              0
              1            001              0
              1            010              8
              1            011              2
              1            100              3
              1            101              2
              1            110              5
              1            111              5
              2            000              1
              2            001              8
              2            010              3
              2            011              8
              2            100              6
              2            101              1
              2            110              1
              2            111              6
              3            000              6
              3            001              0
              3            010              6
              3            011              4
              3            100              2
              3            101              6
              3            110              6
              3            111              0
              4            000              3
              4            001              5
              4            010              5
              4            011              2
              4            100              1
              4            101              8
              4            110              8
              4            111              2
              5            000              6
              5            001              5
              5            010              1
              5            011              3
              5            100              0
              5            101              6
              5            110              6
              5            111              1
              6            000              3
              6            001              7
              6            010              6
              6            011              4
              6            100              2
              6            101              5
              6            110              0
              6            111              2
              7            000              6
              7            001              1
              7            010              1
              7            011              6
              7            100              4
              7            101              2
              7            110              2
              7            111              6
              8            000              8
              8            001              0
              8            010              3
              8            011              2
              8            100              6
              8            101              2
              8            110              3
              8            111              5
