Eaten part = 0.308642
Start state = 0
Significant inputs: 2 4 6
Moves: 0 0 1 0 0 0 2 0 0
          state         inputs     next state
              0            000              2
              0            001              8
              0            010              7
              0            011              8
              0            100              6
              0            101              8
              0            110              4
              0            111              4
              1            000              4
              1            001              2
              1            010              3
              1            011              0
              1            100              4
              1            101              1
              1            110              5
              1            111              4
              2            000              1
              2            001              0
              2            010              3
              2            011              4
              2            100              3
              2            101              5
              2            110              8
              2            111              4
              3            000              4
              3            001              0
              3            010              1
              3            011              4
              3            100              4
              3            101              3
              3            110              5
              3            111              6
              4            000              4
              4            001              2
              4            010              4
              4            011              1
              4            100              6
              4            101              6
              4            110              4
              4            111              4
              5            000              3
              5            001              7
              5            010              1
              5            011              2
              5            100              4
              5            101              5
              5            110              4
              5            111              2
              6            000              7
              6            001              3
              6            010              5
              6            011              4
              6            100              4
              6            101              8
              6            110              1
              6            111              6
              7            000              4
              7            001              7
              7            010              4
              7            011              8
              7            100              4
              7            101              7
              7            110              3
              7            111              1
              8            000              7
              8            001              3
              8            010              4
              8            011              1
              8            100              1
              8            101              7
              8            110              3
              8            111              5
