Eaten part = 0.302590
Start state = 3
Significant inputs: 2 3 6
Moves: 1 0 0 0 2 0 0 0 1
          state         inputs     next state
              0            000              1
              0            001              6
              0            010              5
              0            011              7
              0            100              1
              0            101              2
              0            110              7
              0            111              7
              1            000              1
              1            001              8
              1            010              1
              1            011              8
              1            100              4
              1            101              8
              1            110              4
              1            111              4
              2            000              0
              2            001              0
              2            010              1
              2            011              6
              2            100              4
              2            101              1
              2            110              2
              2            111              1
              3            000              7
              3            001              8
              3            010              1
              3            011              5
              3            100              4
              3            101              7
              3            110              2
              3            111              1
              4            000              1
              4            001              5
              4            010              3
              4            011              5
              4            100              1
              4            101              6
              4            110              1
              4            111              8
              5            000              5
              5            001              5
              5            010              1
              5            011              0
              5            100              4
              5            101              4
              5            110              7
              5            111              7
              6            000              1
              6            001              3
              6            010              2
              6            011              0
              6            100              3
              6            101              4
              6            110              4
              6            111              0
              7            000              7
              7            001              8
              7            010              2
              7            011              8
              7            100              7
              7            101              6
              7            110              4
              7            111              1
              8            000              3
              8            001              7
              8            010              2
              8            011              7
              8            100              5
              8            101              1
              8            110              2
              8            111              4
