Eaten part = 0.322419
Start state = 4
Significant inputs: 2 4 6
Moves: 1 0 0 0 0 0 2 0 0
          state         inputs     next state
              0            000              8
              0            001              2
              0            010              1
              0            011              4
              0            100              7
              0            101              5
              0            110              4
              0            111              5
              1            000              2
              1            001              0
              1            010              3
              1            011              5
              1            100              6
              1            101              6
              1            110              3
              1            111              5
              2            000              8
              2            001              0
              2            010              4
              2            011              4
              2            100              6
              2            101              0
              2            110              4
              2            111              4
              3            000              6
              3            001              7
              3            010              7
              3            011              0
              3            100              4
              3            101              0
              3            110              6
              3            111              1
              4            000              4
              4            001              0
              4            010              4
              4            011              1
              4            100              6
              4            101              0
              4            110              1
              4            111              4
              5            000              3
              5            001              3
              5            010              3
              5            011              0
              5            100              6
              5            101              4
              5            110              4
              5            111              0
              6            000              2
              6            001              1
              6            010              4
              6            011              2
              6            100              4
              6            101              4
              6            110              3
              6            111              8
              7            000              2
              7            001              4
              7            010              2
              7            011              5
              7            100              0
              7            101              6
              7            110              5
              7            111              4
              8            000              2
              8            001              0
              8            010              4
              8            011              4
              8            100              6
              8            101              0
              8            110              2
              8            111              8
