Eaten part = 0.224988
Start state = 5
Significant inputs: 3 6 7
Moves: 0 1 0 0 0 2 0 0 2
          state         inputs     next state
              0            000              0
              0            001              3
              0            010              7
              0            011              7
              0            100              1
              0            101              6
              0            110              4
              0            111              3
              1            000              3
              1            001              7
              1            010              0
              1            011              8
              1            100              2
              1            101              8
              1            110              1
              1            111              5
              2            000              2
              2            001              3
              2            010              5
              2            011              5
              2            100              7
              2            101              2
              2            110              6
              2            111              5
              3            000              3
              3            001              6
              3            010              8
              3            011              1
              3            100              3
              3            101              1
              3            110              0
              3            111              6
              4            000              2
              4            001              3
              4            010              2
              4            011              0
              4            100              1
              4            101              5
              4            110              2
              4            111              2
              5            000              7
              5            001              7
              5            010              6
              5            011              4
              5            100              4
              5            101              1
              5            110              2
              5            111              0
              6            000              4
              6            001              0
              6            010              7
              6            011              8
              6            100              4
              6            101              4
              6            110              8
              6            111              5
              7            000              6
              7            001              4
              7            010              1
              7            011              8
              7            100              5
              7            101              3
              7            110              3
              7            111              8
              8            000              7
              8            001              0
              8            010              7
              8            011              4
              8            100              0
              8            101              4
              8            110              0
              8            111              7
