Eaten part = 0.241932
Start state = 8
Significant inputs: 1 3 6
Moves: 0 0 1 0 0 0 0 2 0
          state         inputs     next state
              0            000              4
              0            001              8
              0            010              0
              0            011              8
              0            100              0
              0            101              1
              0            110              8
              0            111              2
              1            000              5
              1            001              2
              1            010              4
              1            011              4
              1            100              6
              1            101              7
              1            110              4
              1            111              8
              2            000              0
              2            001              0
              2            010              7
              2            011              1
              2            100              4
              2            101              1
              2            110              2
              2            111              8
              3            000              5
              3            001              3
              3            010              5
              3            011              4
              3            100              7
              3            101              7
              3            110              4
              3            111              7
              4            000              4
              4            001              5
              4            010              0
              4            011              2
              4            100              7
              4            101              1
              4            110              3
              4            111              3
              5            000              3
              5            001              4
              5            010              2
              5            011              0
              5            100              4
              5            101              7
              5            110              7
              5            111              1
              6            000              4
              6            001              0
              6            010              2
              6            011              5
              6            100              8
              6            101              6
              6            110              0
              6            111              7
              7            000              4
              7            001              0
              7            010              5
              7            011              3
              7            100              6
              7            101              0
              7            110              6
              7            111              0
              8            000              4
              8            001              5
              8            010              6
              8            011              0
              8            100              0
              8            101              1
              8            110              5
              8            111              4
