Eaten part = 0.230439
Start state = 2
Significant inputs: 1 2 5
Moves: 1 1 0 0 2 0 0 0 0
          state         inputs     next state
              0            000              1
              0            001              8
              0            010              2
              0            011              7
              0            100              6
              0            101              5
              0            110              0
              0            111              2
              1            000              7
              1            001              2
              1            010              7
              1            011              6
              1            100              3
              1            101              8
              1            110              6
              1            111              7
              2            000              7
              2            001              2
              2            010              1
              2            011              0
              2            100              8
              2            101              2
              2            110              5
              2            111              7
              3            000              2
              3            001              0
              3            010              8
              3            011              6
              3            100              2
              3            101              8
              3            110              1
              3            111              7
              4            000              2
              4            001              8
              4            010              2
              4            011              7
              4            100              2
              4            101              6
              4            110              7
              4            111              8
              5            000              7
              5            001              8
              5            010              2
              5            011              0
              5            100              0
              5            101              8
              5            110              1
              5            111              2
              6            000              6
              6            001              4
              6            010              5
              6            011              4
              6            100              4
              6            101              3
              6            110              8
              6            111              5
              7            000              2
              7            001              6
              7            010              1
              7            011              4
              7            100              2
              7            101              8
              7            110              6
              7            111              8
              8            000              5
              8            001              7
              8            010              6
              8            011              1
              8            100              1
              8            101              3
              8            110              0
              8            111              2
