Eaten part = 0.295719
Start state = 5
Significant inputs: 0 2 6
Moves: 0 0 0 0 0 2 0 0 1
          state         inputs     next state
              0            000              0
              0            001              6
              0            010              8
              0            011              4
              0            100              5
              0            101              5
              0            110              5
              0            111              7
              1            000              3
              1            001              8
              1            010              4
              1            011              0
              1            100              3
              1            101              0
              1            110              5
              1            111              4
              2            000              4
              2            001              4
              2            010              8
              2            011              6
              2            100              3
              2            101              8
              2            110              1
              2            111              8
              3            000              2
              3            001              1
              3            010              7
              3            011              8
              3            100              2
              3            101              7
              3            110              6
              3            111              5
              4            000              7
              4            001              0
              4            010              0
              4            011              7
              4            100              5
              4            101              6
              4            110              4
              4            111              2
              5            000              0
              5            001              2
              5            010              4
              5            011              2
              5            100              2
              5            101              7
              5            110              4
              5            111              2
              6            000              0
              6            001              6
              6            010              8
              6            011              6
              6            100              0
              6            101              4
              6            110              5
              6            111              5
              7            000              6
              7            001              2
              7            010              8
              7            011              6
              7            100              5
              7            101              4
              7            110              0
              7            111              5
              8            000              6
              8            001              2
              8            010              7
              8            011              1
              8            100              0
              8            101              0
              8            110              0
              8            111              7
