Eaten part = 0.254494
Start state = 1
Significant inputs: 1 2 3
Moves: 2 2 2 1 0 0 0 0 0
          state         inputs     next state
              0            000              7
              0            001              7
              0            010              6
              0            011              1
              0            100              3
              0            101              5
              0            110              4
              0            111              5
              1            000              7
              1            001              8
              1            010              7
              1            011              8
              1            100              6
              1            101              1
              1            110              6
              1            111              2
              2            000              5
              2            001              5
              2            010              1
              2            011              8
              2            100              8
              2            101              4
              2            110              2
              2            111              3
              3            000              8
              3            001              4
              3            010              8
              3            011              5
              3            100              3
              3            101              2
              3            110              5
              3            111              8
              4            000              7
              4            001              5
              4            010              3
              4            011              0
              4            100              7
              4            101              4
              4            110              7
              4            111              3
              5            000              7
              5            001              5
              5            010              5
              5            011              8
              5            100              0
              5            101              5
              5            110              3
              5            111              1
              6            000              7
              6            001              1
              6            010              5
              6            011              7
              6            100              4
              6            101              4
              6            110              3
              6            111              4
              7            000              7
              7            001              7
              7            010              3
              7            011              0
              7            100              5
              7            101              2
              7            110              3
              7            111              5
              8            000              0
              8            001              5
              8            010              1
              8            011              6
              8            100              6
              8            101              4
              8            110              1
              8            111              0
