Eaten part = 0.237460
Start state = 2
Significant inputs: 1 2 4
Moves: 0 1 1 0 0 0 0 0 0
          state         inputs     next state
              0            000              0
              0            001              0
              0            010              2
              0            011              8
              0            100              5
              0            101              7
              0            110              8
              0            111              5
              1            000              7
              1            001              4
              1            010              3
              1            011              7
              1            100              7
              1            101              5
              1            110              8
              1            111              0
              2            000              5
              2            001              8
              2            010              1
              2            011              5
              2            100              0
              2            101              7
              2            110              2
              2            111              5
              3            000              0
              3            001              2
              3            010              1
              3            011              6
              3            100              4
              3            101              3
              3            110              6
              3            111              6
              4            000              7
              4            001              3
              4            010              1
              4            011              8
              4            100              6
              4            101              8
              4            110              0
              4            111              6
              5            000              4
              5            001              1
              5            010              1
              5            011              1
              5            100              8
              5            101              1
              5            110              5
              5            111              7
              6            000              7
              6            001              7
              6            010              1
              6            011              6
              6            100              4
              6            101              2
              6            110              2
              6            111              0
              7            000              0
              7            001              3
              7            010              7
              7            011              5
              7            100              0
              7            101              4
              7            110              7
              7            111              7
              8            000              5
              8            001              1
              8            010              4
              8            011              6
              8            100              7
              8            101              4
              8            110              0
              8            111              5
