Eaten part = 0.234314
Start state = 8
Significant inputs: 0 2 3
Moves: 0 0 0 0 1 0 0 1 2
          state         inputs     next state
              0            000              2
              0            001              4
              0            010              7
              0            011              5
              0            100              0
              0            101              8
              0            110              5
              0            111              0
              1            000              1
              1            001              8
              1            010              7
              1            011              1
              1            100              5
              1            101              1
              1            110              7
              1            111              8
              2            000              1
              2            001              7
              2            010              1
              2            011              2
              2            100              8
              2            101              2
              2            110              4
              2            111              1
              3            000              1
              3            001              5
              3            010              2
              3            011              7
              3            100              3
              3            101              4
              3            110              4
              3            111              5
              4            000              2
              4            001              3
              4            010              2
              4            011              5
              4            100              7
              4            101              3
              4            110              0
              4            111              1
              5            000              1
              5            001              2
              5            010              0
              5            011              4
              5            100              2
              5            101              2
              5            110              6
              5            111              4
              6            000              5
              6            001              0
              6            010              4
              6            011              4
              6            100              1
              6            101              6
              6            110              1
              6            111              3
              7            000              1
              7            001              5
              7            010              2
              7            011              6
              7            100              3
              7            101              3
              7            110              2
              7            111              0
              8            000              1
              8            001              1
              8            010              0
              8            011              6
              8            100              7
              8            101              2
              8            110              7
              8            111              4
