Eaten part = 0.232135
Start state = 5
Significant inputs: 0 5 6
Moves: 2 0 0 0 0 0 0 1 0
          state         inputs     next state
              0            000              0
              0            001              1
              0            010              4
              0            011              6
              0            100              8
              0            101              3
              0            110              1
              0            111              2
              1            000              1
              1            001              4
              1            010              7
              1            011              7
              1            100              2
              1            101              0
              1            110              3
              1            111              8
              2            000              8
              2            001              5
              2            010              4
              2            011              2
              2            100              7
              2            101              0
              2            110              0
              2            111              4
              3            000              2
              3            001              8
              3            010              7
              3            011              4
              3            100              0
              3            101              7
              3            110              1
              3            111              4
              4            000              2
              4            001              5
              4            010              1
              4            011              1
              4            100              0
              4            101              3
              4            110              2
              4            111              3
              5            000              7
              5            001              8
              5            010              5
              5            011              7
              5            100              4
              5            101              6
              5            110              6
              5            111              0
              6            000              1
              6            001              1
              6            010              0
              6            011              3
              6            100              1
              6            101              4
              6            110              5
              6            111              8
              7            000              2
              7            001              2
              7            010              0
              7            011              2
              7            100              4
              7            101              3
              7            110              0
              7            111              2
              8            000              3
              8            001              4
              8            010              5
              8            011              5
              8            100              0
              8            101              8
              8            110              0
              8            111              2
