Eaten part = 0.250749
Start state = 7
Significant inputs: 1 4 6
Moves: 0 0 0 0 2 1 0 0 0
          state         inputs     next state
              0            000              8
              0            001              1
              0            010              0
              0            011              3
              0            100              2
              0            101              1
              0            110              3
              0            111              5
              1            000              6
              1            001              1
              1            010              6
              1            011              7
              1            100              4
              1            101              2
              1            110              1
              1            111              4
              2            000              5
              2            001              0
              2            010              2
              2            011              0
              2            100              5
              2            101              5
              2            110              0
              2            111              2
              3            000              7
              3            001              8
              3            010              1
              3            011              2
              3            100              5
              3            101              8
              3            110              4
              3            111              0
              4            000              1
              4            001              3
              4            010              8
              4            011              0
              4            100              3
              4            101              2
              4            110              0
              4            111              1
              5            000              1
              5            001              0
              5            010              6
              5            011              1
              5            100              3
              5            101              1
              5            110              5
              5            111              7
              6            000              1
              6            001              5
              6            010              1
              6            011              3
              6            100              4
              6            101              6
              6            110              1
              6            111              1
              7            000              3
              7            001              8
              7            010              1
              7            011              3
              7            100              4
              7            101              5
              7            110              0
              7            111              2
              8            000              3
              8            001              6
              8            010              6
              8            011              1
              8            100              6
              8            101              4
              8            110              5
              8            111              2
