Eaten part = 0.248910
Start state = 0
Significant inputs: 5 6 7
Moves: 0 0 1 2 2 0 0 1 0
          state         inputs     next state
              0            000              7
              0            001              7
              0            010              4
              0            011              5
              0            100              0
              0            101              3
              0            110              8
              0            111              2
              1            000              1
              1            001              6
              1            010              4
              1            011              3
              1            100              1
              1            101              8
              1            110              2
              1            111              6
              2            000              3
              2            001              1
              2            010              0
              2            011              1
              2            100              1
              2            101              5
              2            110              4
              2            111              6
              3            000              5
              3            001              6
              3            010              8
              3            011              7
              3            100              6
              3            101              6
              3            110              4
              3            111              5
              4            000              1
              4            001              1
              4            010              6
              4            011              0
              4            100              8
              4            101              5
              4            110              5
              4            111              6
              5            000              6
              5            001              6
              5            010              3
              5            011              3
              5            100              8
              5            101              1
              5            110              5
              5            111              4
              6            000              1
              6            001              4
              6            010              3
              6            011              4
              6            100              0
              6            101              1
              6            110              8
              6            111              2
              7            000              6
              7            001              5
              7            010              5
              7            011              1
              7            100              0
              7            101              1
              7            110              0
              7            111              5
              8            000              7
              8            001              3
              8            010              0
              8            011              1
              8            100              1
              8            101              8
              8            110              7
              8            111              3
