Eaten part = 0.241774
Start state = 3
Significant inputs: 3 6 7
Moves: 0 0 2 0 0 1 0 0 0
          state         inputs     next state
              0            000              8
              0            001              5
              0            010              2
              0            011              2
              0            100              2
              0            101              3
              0            110              6
              0            111              7
              1            000              0
              1            001              1
              1            010              2
              1            011              1
              1            100              3
              1            101              7
              1            110              6
              1            111              0
              2            000              4
              2            001              5
              2            010              0
              2            011              7
              2            100              4
              2            101              8
              2            110              3
              2            111              6
              3            000              4
              3            001              1
              3            010              2
              3            011              2
              3            100              8
              3            101              1
              3            110              2
              3            111              6
              4            000              3
              4            001              4
              4            010              2
              4            011              1
              4            100              4
              4            101              2
              4            110              1
              4            111              2
              5            000              3
              5            001              1
              5            010              8
              5            011              4
              5            100              6
              5            101              0
              5            110              8
              5            111              3
              6            000              0
              6            001              1
              6            010              3
              6            011              1
              6            100              8
              6            101              0
              6            110              3
              6            111              8
              7            000              2
              7            001              0
              7            010              2
              7            011              2
              7            100              7
              7            101              7
              7            110              2
              7            111              1
              8            000              4
              8            001              3
              8            010              6
              8            011              7
              8            100              0
              8            101              3
              8            110              0
              8            111              6
