Eaten part = 0.239723
Start state = 2
Significant inputs: 3 4 6
Moves: 0 0 0 0 0 0 0 0 2
          state         inputs     next state
              0            000              7
              0            001              6
              0            010              0
              0            011              1
              0            100              7
              0            101              8
              0            110              8
              0            111              4
              1            000              7
              1            001              5
              1            010              1
              1            011              2
              1            100              8
              1            101              7
              1            110              1
              1            111              0
              2            000              1
              2            001              7
              2            010              1
              2            011              7
              2            100              5
              2            101              5
              2            110              8
              2            111              6
              3            000              8
              3            001              4
              3            010              1
              3            011              2
              3            100              5
              3            101              6
              3            110              3
              3            111              4
              4            000              6
              4            001              5
              4            010              5
              4            011              7
              4            100              0
              4            101              8
              4            110              0
              4            111              0
              5            000              7
              5            001              1
              5            010              7
              5            011              7
              5            100              0
              5            101              1
              5            110              0
              5            111              4
              6            000              3
              6            001              0
              6            010              5
              6            011              8
              6            100              1
              6            101              7
              6            110              5
              6            111              5
              7            000              7
              7            001              0
              7            010              1
              7            011              0
              7            100              8
              7            101              1
              7            110              7
              7            111              0
              8            000              5
              8            001              7
              8            010              4
              8            011              3
              8            100              2
              8            101              4
              8            110              1
              8            111              5
