Eaten part = 0.245238
Start state = 2
Significant inputs: 0 5 6
Moves: 2 0 0 0 0 0 2 0 0
          state         inputs     next state
              0            000              0
              0            001              8
              0            010              7
              0            011              7
              0            100              1
              0            101              3
              0            110              1
              0            111              1
              1            000              2
              1            001              2
              1            010              6
              1            011              6
              1            100              7
              1            101              4
              1            110              6
              1            111              0
              2            000              2
              2            001              2
              2            010              4
              2            011              1
              2            100              0
              2            101              0
              2            110              1
              2            111              1
              3            000              5
              3            001              5
              3            010              2
              3            011              3
              3            100              8
              3            101              6
              3            110              4
              3            111              5
              4            000              1
              4            001              8
              4            010              4
              4            011              8
              4            100              8
              4            101              4
              4            110              1
              4            111              0
              5            000              4
              5            001              7
              5            010              4
              5            011              8
              5            100              0
              5            101              8
              5            110              6
              5            111              4
              6            000              2
              6            001              2
              6            010              2
              6            011              5
              6            100              4
              6            101              6
              6            110              0
              6            111              2
              7            000              4
              7            001              2
              7            010              8
              7            011              5
              7            100              8
              7            101              4
              7            110              7
              7            111              6
              8            000              8
              8            001              1
              8            010              3
              8            011              3
              8            100              6
              8            101              8
              8            110              6
              8            111              4
