Eaten part = 0.310129
Start state = 4
Significant inputs: 2 4 6
Moves: 0 0 0 2 0 0 1 0 0
          state         inputs     next state
              0            000              4
              0            001              4
              0            010              2
              0            011              7
              0            100              0
              0            101              7
              0            110              8
              0            111              7
              1            000              1
              1            001              6
              1            010              4
              1            011              4
              1            100              3
              1            101              3
              1            110              4
              1            111              2
              2            000              8
              2            001              6
              2            010              5
              2            011              0
              2            100              4
              2            101              2
              2            110              4
              2            111              2
              3            000              7
              3            001              2
              3            010              0
              3            011              7
              3            100              2
              3            101              8
              3            110              8
              3            111              4
              4            000              1
              4            001              6
              4            010              4
              4            011              0
              4            100              3
              4            101              6
              4            110              2
              4            111              7
              5            000              1
              5            001              6
              5            010              5
              5            011              8
              5            100              8
              5            101              4
              5            110              0
              5            111              1
              6            000              8
              6            001              4
              6            010              1
              6            011              2
              6            100              5
              6            101              5
              6            110              0
              6            111              4
              7            000              1
              7            001              3
              7            010              4
              7            011              6
              7            100              7
              7            101              3
              7            110              4
              7            111              6
              8            000              1
              8            001              2
              8            010              7
              8            011              4
              8            100              1
              8            101              4
              8            110              1
              8            111              0
