Eaten part = 0.237537
Start state = 2
Significant inputs: 3 5 6
Moves: 0 0 0 0 0 0 2 2 0
          state         inputs     next state
              0            000              1
              0            001              7
              0            010              6
              0            011              5
              0            100              8
              0            101              1
              0            110              1
              0            111              2
              1            000              4
              1            001              3
              1            010              7
              1            011              1
              1            100              6
              1            101              1
              1            110              7
              1            111              7
              2            000              5
              2            001              5
              2            010              5
              2            011              2
              2            100              6
              2            101              0
              2            110              4
              2            111              2
              3            000              1
              3            001              3
              3            010              8
              3            011              1
              3            100              7
              3            101              6
              3            110              1
              3            111              5
              4            000              8
              4            001              8
              4            010              1
              4            011              6
              4            100              3
              4            101              5
              4            110              1
              4            111              8
              5            000              1
              5            001              3
              5            010              0
              5            011              7
              5            100              3
              5            101              7
              5            110              5
              5            111              3
              6            000              3
              6            001              5
              6            010              1
              6            011              4
              6            100              1
              6            101              0
              6            110              8
              6            111              6
              7            000              1
              7            001              0
              7            010              8
              7            011              1
              7            100              8
              7            101              3
              7            110              8
              7            111              8
              8            000              8
              8            001              4
              8            010              7
              8            011              7
              8            100              7
              8            101              7
              8            110              4
              8            111              1
