Eaten part = 0.218838
Start state = 4
Significant inputs: 3 6 7
Moves: 0 0 2 0 0 0 2 0 0
          state         inputs     next state
              0            000              0
              0            001              4
              0            010              3
              0            011              7
              0            100              6
              0            101              4
              0            110              6
              0            111              4
              1            000              8
              1            001              7
              1            010              6
              1            011              2
              1            100              1
              1            101              6
              1            110              1
              1            111              5
              2            000              0
              2            001              1
              2            010              7
              2            011              1
              2            100              0
              2            101              5
              2            110              4
              2            111              2
              3            000              4
              3            001              1
              3            010              6
              3            011              2
              3            100              0
              3            101              0
              3            110              5
              3            111              6
              4            000              1
              4            001              5
              4            010              6
              4            011              1
              4            100              0
              4            101              4
              4            110              4
              4            111              6
              5            000              7
              5            001              7
              5            010              8
              5            011              6
              5            100              7
              5            101              5
              5            110              4
              5            111              6
              6            000              3
              6            001              7
              6            010              8
              6            011              2
              6            100              4
              6            101              2
              6            110              4
              6            111              3
              7            000              3
              7            001              3
              7            010              2
              7            011              7
              7            100              1
              7            101              6
              7            110              3
              7            111              5
              8            000              7
              8            001              3
              8            010              2
              8            011              0
              8            100              4
              8            101              4
              8            110              3
              8            111              7
