Eaten part = 0.242652
Start state = 2
Significant inputs: 0 6 7
Moves: 1 1 0 0 0 0 2 2 0
          state         inputs     next state
              0            000              5
              0            001              2
              0            010              6
              0            011              8
              0            100              2
              0            101              2
              0            110              8
              0            111              5
              1            000              2
              1            001              8
              1            010              3
              1            011              8
              1            100              2
              1            101              6
              1            110              3
              1            111              6
              2            000              2
              2            001              4
              2            010              6
              2            011              3
              2            100              2
              2            101              2
              2            110              2
              2            111              6
              3            000              3
              3            001              1
              3            010              7
              3            011              5
              3            100              3
              3            101              2
              3            110              8
              3            111              7
              4            000              3
              4            001              5
              4            010              7
              4            011              3
              4            100              5
              4            101              0
              4            110              7
              4            111              5
              5            000              5
              5            001              5
              5            010              7
              5            011              6
              5            100              8
              5            101              2
              5            110              7
              5            111              4
              6            000              2
              6            001              4
              6            010              4
              6            011              8
              6            100              5
              6            101              3
              6            110              0
              6            111              5
              7            000              3
              7            001              3
              7            010              3
              7            011              5
              7            100              4
              7            101              8
              7            110              8
              7            111              8
              8            000              0
              8            001              5
              8            010              8
              8            011              6
              8            100              4
              8            101              8
              8            110              7
              8            111              2
