Eaten part = 0.173536
Start state = 3
Significant inputs: 1 5 7
Moves: 0 0 1 2 0 0 0 0 1
          state         inputs     next state
              0            000              3
              0            001              6
              0            010              7
              0            011              6
              0            100              8
              0            101              4
              0            110              5
              0            111              6
              1            000              0
              1            001              5
              1            010              3
              1            011              7
              1            100              1
              1            101              7
              1            110              0
              1            111              6
              2            000              3
              2            001              0
              2            010              6
              2            011              2
              2            100              3
              2            101              1
              2            110              1
              2            111              8
              3            000              5
              3            001              7
              3            010              5
              3            011              7
              3            100              1
              3            101              6
              3            110              7
              3            111              7
              4            000              6
              4            001              1
              4            010              1
              4            011              2
              4            100              5
              4            101              7
              4            110              0
              4            111              4
              5            000              4
              5            001              5
              5            010              1
              5            011              0
              5            100              7
              5            101              1
              5            110              4
              5            111              1
              6            000              5
              6            001              0
              6            010              7
              6            011              2
              6            100              7
              6            101              7
              6            110              6
              6            111              8
              7            000              4
              7            001              8
              7            010              0
              7            011              5
              7            100              8
              7            101              0
              7            110              5
              7            111              2
              8            000              0
              8            001              0
              8            010              7
              8            011              0
              8            100              1
              8            101              0
              8            110              4
              8            111              6
