Eaten part = 0.218989
Start state = 8
Significant inputs: 1 3 6
Moves: 2 0 0 0 0 0 0 1 0
          state         inputs     next state
              0            000              1
              0            001              8
              0            010              6
              0            011              3
              0            100              5
              0            101              5
              0            110              5
              0            111              5
              1            000              8
              1            001              4
              1            010              3
              1            011              2
              1            100              0
              1            101              8
              1            110              4
              1            111              2
              2            000              4
              2            001              2
              2            010              7
              2            011              2
              2            100              1
              2            101              4
              2            110              5
              2            111              6
              3            000              1
              3            001              5
              3            010              6
              3            011              8
              3            100              6
              3            101              7
              3            110              0
              3            111              3
              4            000              1
              4            001              2
              4            010              2
              4            011              3
              4            100              2
              4            101              0
              4            110              0
              4            111              8
              5            000              5
              5            001              3
              5            010              8
              5            011              7
              5            100              2
              5            101              6
              5            110              6
              5            111              2
              6            000              7
              6            001              8
              6            010              1
              6            011              3
              6            100              1
              6            101              2
              6            110              4
              6            111              0
              7            000              8
              7            001              4
              7            010              0
              7            011              0
              7            100              0
              7            101              6
              7            110              0
              7            111              1
              8            000              1
              8            001              1
              8            010              6
              8            011              3
              8            100              7
              8            101              3
              8            110              3
              8            111              2
