Eaten part = 0.193530
Start state = 0
Significant inputs: 0 1 4
Moves: 0 0 0 1 0 0 0 2 0
          state         inputs     next state
              0            000              1
              0            001              4
              0            010              8
              0            011              0
              0            100              1
              0            101              0
              0            110              4
              0            111              2
              1            000              6
              1            001              1
              1            010              1
              1            011              6
              1            100              1
              1            101              2
              1            110              5
              1            111              3
              2            000              7
              2            001              3
              2            010              0
              2            011              4
              2            100              7
              2            101              6
              2            110              6
              2            111              4
              3            000              4
              3            001              1
              3            010              8
              3            011              0
              3            100              4
              3            101              5
              3            110              7
              3            111              2
              4            000              4
              4            001              4
              4            010              1
              4            011              0
              4            100              6
              4            101              4
              4            110              4
              4            111              5
              5            000              4
              5            001              5
              5            010              4
              5            011              7
              5            100              4
              5            101              5
              5            110              0
              5            111              3
              6            000              3
              6            001              2
              6            010              7
              6            011              7
              6            100              6
              6            101              5
              6            110              8
              6            111              5
              7            000              0
              7            001              4
              7            010              6
              7            011              6
              7            100              8
              7            101              5
              7            110              8
              7            111              1
              8            000              7
              8            001              5
              8            010              2
              8            011              8
              8            100              0
              8            101              5
              8            110              2
              8            111              6
