Eaten part = 0.288987
Start state = 1
Significant inputs: 2 3 6
Moves: 0 0 0 0 2 0 0 1 0
          state         inputs     next state
              0            000              6
              0            001              1
              0            010              6
              0            011              3
              0            100              1
              0            101              3
              0            110              8
              0            111              6
              1            000              5
              1            001              6
              1            010              5
              1            011              0
              1            100              4
              1            101              7
              1            110              0
              1            111              2
              2            000              7
              2            001              5
              2            010              8
              2            011              1
              2            100              0
              2            101              8
              2            110              4
              2            111              4
              3            000              4
              3            001              5
              3            010              5
              3            011              1
              3            100              0
              3            101              6
              3            110              2
              3            111              3
              4            000              6
              4            001              6
              4            010              7
              4            011              0
              4            100              6
              4            101              1
              4            110              5
              4            111              2
              5            000              6
              5            001              7
              5            010              6
              5            011              6
              5            100              4
              5            101              7
              5            110              6
              5            111              5
              6            000              5
              6            001              7
              6            010              5
              6            011              7
              6            100              4
              6            101              4
              6            110              6
              6            111              6
              7            000              5
              7            001              2
              7            010              8
              7            011              5
              7            100              6
              7            101              8
              7            110              5
              7            111              7
              8            000              2
              8            001              3
              8            010              5
              8            011              1
              8            100              6
              8            101              2
              8            110              8
              8            111              4
