Eaten part = 0.301911
Start state = 2
Significant inputs: 2 5 6
Moves: 1 1 2 0 2 0 0 0 1
          state         inputs     next state
              0            000              5
              0            001              3
              0            010              4
              0            011              3
              0            100              3
              0            101              5
              0            110              8
              0            111              4
              1            000              5
              1            001              6
              1            010              1
              1            011              5
              1            100              3
              1            101              7
              1            110              6
              1            111              3
              2            000              3
              2            001              3
              2            010              7
              2            011              5
              2            100              1
              2            101              8
              2            110              3
              2            111              7
              3            000              3
              3            001              0
              3            010              2
              3            011              8
              3            100              2
              3            101              8
              3            110              2
              3            111              5
              4            000              3
              4            001              4
              4            010              7
              4            011              6
              4            100              3
              4            101              1
              4            110              3
              4            111              6
              5            000              6
              5            001              7
              5            010              6
              5            011              0
              5            100              7
              5            101              2
              5            110              2
              5            111              1
              6            000              6
              6            001              1
              6            010              2
              6            011              1
              6            100              4
              6            101              4
              6            110              7
              6            111              0
              7            000              6
              7            001              3
              7            010              1
              7            011              0
              7            100              4
              7            101              2
              7            110              4
              7            111              4
              8            000              6
              8            001              5
              8            010              6
              8            011              5
              8            100              8
              8            101              6
              8            110              2
              8            111              3
