Eaten part = 0.271156
Start state = 1
Significant inputs: 2 3 4
Moves: 0 1 1 0 2 0 0 0 0
          state         inputs     next state
              0            000              8
              0            001              1
              0            010              4
              0            011              3
              0            100              7
              0            101              7
              0            110              0
              0            111              4
              1            000              6
              1            001              0
              1            010              7
              1            011              1
              1            100              5
              1            101              7
              1            110              7
              1            111              7
              2            000              8
              2            001              2
              2            010              8
              2            011              2
              2            100              3
              2            101              1
              2            110              8
              2            111              3
              3            000              8
              3            001              8
              3            010              4
              3            011              1
              3            100              7
              3            101              3
              3            110              8
              3            111              8
              4            000              8
              4            001              6
              4            010              1
              4            011              6
              4            100              3
              4            101              1
              4            110              5
              4            111              5
              5            000              8
              5            001              0
              5            010              6
              5            011              8
              5            100              0
              5            101              8
              5            110              3
              5            111              5
              6            000              6
              6            001              1
              6            010              8
              6            011              1
              6            100              7
              6            101              5
              6            110              0
              6            111              3
              7            000              2
              7            001              8
              7            010              4
              7            011              5
              7            100              8
              7            101              2
              7            110              3
              7            111              1
              8            000              6
              8            001              1
              8            010              6
              8            011              1
              8            100              5
              8            101              5
              8            110              6
              8            111              1
