Eaten part = 0.255429
Start state = 7
Significant inputs: 2 3 4
Moves: 2 0 0 0 1 1 0 0 0
          state         inputs     next state
              0            000              6
              0            001              3
              0            010              8
              0            011              1
              0            100              7
              0            101              2
              0            110              8
              0            111              3
              1            000              6
              1            001              5
              1            010              2
              1            011              2
              1            100              1
              1            101              8
              1            110              8
              1            111              6
              2            000              0
              2            001              0
              2            010              6
              2            011              4
              2            100              3
              2            101              4
              2            110              7
              2            111              0
              3            000              7
              3            001              4
              3            010              2
              3            011              5
              3            100              5
              3            101              7
              3            110              6
              3            111              5
              4            000              8
              4            001              6
              4            010              7
              4            011              6
              4            100              6
              4            101              6
              4            110              7
              4            111              8
              5            000              2
              5            001              3
              5            010              3
              5            011              3
              5            100              6
              5            101              7
              5            110              3
              5            111              2
              6            000              8
              6            001              2
              6            010              0
              6            011              8
              6            100              6
              6            101              1
              6            110              2
              6            111              3
              7            000              4
              7            001              5
              7            010              8
              7            011              7
              7            100              7
              7            101              3
              7            110              8
              7            111              8
              8            000              8
              8            001              4
              8            010              8
              8            011              6
              8            100              2
              8            101              7
              8            110              2
              8            111              7
