Eaten part = 0.303833
Start state = 7
Significant inputs: 2 5 6
Moves: 0 0 0 0 1 2 2 0 0
          state         inputs     next state
              0            000              4
              0            001              4
              0            010              3
              0            011              2
              0            100              1
              0            101              2
              0            110              2
              0            111              2
              1            000              2
              1            001              3
              1            010              0
              1            011              5
              1            100              5
              1            101              7
              1            110              0
              1            111              8
              2            000              8
              2            001              4
              2            010              2
              2            011              0
              2            100              6
              2            101              1
              2            110              1
              2            111              2
              3            000              1
              3            001              6
              3            010              4
              3            011              5
              3            100              6
              3            101              5
              3            110              3
              3            111              7
              4            000              8
              4            001              1
              4            010              1
              4            011              3
              4            100              2
              4            101              8
              4            110              5
              4            111              3
              5            000              8
              5            001              0
              5            010              8
              5            011              1
              5            100              1
              5            101              3
              5            110              2
              5            111              0
              6            000              1
              6            001              5
              6            010              2
              6            011              4
              6            100              2
              6            101              2
              6            110              0
              6            111              8
              7            000              0
              7            001              1
              7            010              8
              7            011              2
              7            100              3
              7            101              4
              7            110              2
              7            111              4
              8            000              8
              8            001              4
              8            010              2
              8            011              7
              8            100              5
              8            101              5
              8            110              5
              8            111              6
