Eaten part = 0.194025
Start state = 4
Significant inputs: 4 5 7
Moves: 0 0 0 0 2 2 2 0 0
          state         inputs     next state
              0            000              8
              0            001              8
              0            010              8
              0            011              1
              0            100              0
              0            101              3
              0            110              2
              0            111              3
              1            000              7
              1            001              1
              1            010              0
              1            011              0
              1            100              3
              1            101              3
              1            110              7
              1            111              8
              2            000              7
              2            001              1
              2            010              4
              2            011              8
              2            100              8
              2            101              3
              2            110              5
              2            111              8
              3            000              3
              3            001              8
              3            010              3
              3            011              2
              3            100              8
              3            101              8
              3            110              7
              3            111              7
              4            000              3
              4            001              6
              4            010              0
              4            011              3
              4            100              2
              4            101              8
              4            110              7
              4            111              3
              5            000              1
              5            001              2
              5            010              3
              5            011              7
              5            100              8
              5            101              0
              5            110              0
              5            111              0
              6            000              5
              6            001              6
              6            010              3
              6            011              0
              6            100              7
              6            101              3
              6            110              1
              6            111              1
              7            000              4
              7            001              7
              7            010              3
              7            011              3
              7            100              8
              7            101              1
              7            110              7
              7            111              8
              8            000              1
              8            001              8
              8            010              8
              8            011              0
              8            100              5
              8            101              1
              8            110              5
              8            111              1
