Eaten part = 0.308210
Start state = 7
Significant inputs: 1 2 6
Moves: 1 2 0 0 0 0 0 1 0
          state         inputs     next state
              0            000              0
              0            001              3
              0            010              2
              0            011              2
              0            100              7
              0            101              8
              0            110              7
              0            111              5
              1            000              4
              1            001              4
              1            010              4
              1            011              5
              1            100              5
              1            101              5
              1            110              5
              1            111              8
              2            000              4
              2            001              1
              2            010              7
              2            011              5
              2            100              1
              2            101              1
              2            110              6
              2            111              1
              3            000              4
              3            001              4
              3            010              0
              3            011              4
              3            100              7
              3            101              3
              3            110              7
              3            111              3
              4            000              4
              4            001              6
              4            010              0
              4            011              5
              4            100              1
              4            101              1
              4            110              1
              4            111              0
              5            000              4
              5            001              3
              5            010              7
              5            011              7
              5            100              1
              5            101              0
              5            110              7
              5            111              6
              6            000              4
              6            001              8
              6            010              0
              6            011              8
              6            100              6
              6            101              2
              6            110              5
              6            111              6
              7            000              3
              7            001              5
              7            010              2
              7            011              5
              7            100              4
              7            101              6
              7            110              4
              7            111              6
              8            000              5
              8            001              5
              8            010              7
              8            011              5
              8            100              0
              8            101              0
              8            110              8
              8            111              6
