Eaten part = 0.259649
Start state = 3
Significant inputs: 1 2 4
Moves: 2 0 0 0 0 1 0 1 0
          state         inputs     next state
              0            000              6
              0            001              1
              0            010              6
              0            011              0
              0            100              5
              0            101              3
              0            110              5
              0            111              4
              1            000              4
              1            001              0
              1            010              7
              1            011              4
              1            100              6
              1            101              6
              1            110              4
              1            111              3
              2            000              8
              2            001              0
              2            010              6
              2            011              2
              2            100              3
              2            101              8
              2            110              1
              2            111              5
              3            000              3
              3            001              7
              3            010              5
              3            011              6
              3            100              1
              3            101              2
              3            110              7
              3            111              4
              4            000              0
              4            001              6
              4            010              7
              4            011              2
              4            100              6
              4            101              0
              4            110              0
              4            111              7
              5            000              6
              5            001              1
              5            010              1
              5            011              8
              5            100              2
              5            101              6
              5            110              2
              5            111              8
              6            000              3
              6            001              8
              6            010              5
              6            011              3
              6            100              6
              6            101              5
              6            110              4
              6            111              0
              7            000              1
              7            001              3
              7            010              0
              7            011              4
              7            100              4
              7            101              2
              7            110              0
              7            111              4
              8            000              0
              8            001              0
              8            010              7
              8            011              3
              8            100              8
              8            101              0
              8            110              1
              8            111              7
