Eaten part = 0.243921
Start state = 4
Significant inputs: 1 2 7
Moves: 0 0 0 0 1 0 0 2 0
          state         inputs     next state
              0            000              8
              0            001              2
              0            010              4
              0            011              4
              0            100              5
              0            101              1
              0            110              2
              0            111              8
              1            000              5
              1            001              4
              1            010              5
              1            011              7
              1            100              2
              1            101              0
              1            110              6
              1            111              5
              2            000              7
              2            001              1
              2            010              2
              2            011              5
              2            100              7
              2            101              3
              2            110              8
              2            111              1
              3            000              2
              3            001              1
              3            010              5
              3            011              4
              3            100              8
              3            101              5
              3            110              4
              3            111              0
              4            000              1
              4            001              8
              4            010              3
              4            011              2
              4            100              6
              4            101              6
              4            110              7
              4            111              2
              5            000              5
              5            001              5
              5            010              4
              5            011              1
              5            100              0
              5            101              6
              5            110              5
              5            111              2
              6            000              1
              6            001              6
              6            010              5
              6            011              3
              6            100              2
              6            101              2
              6            110              1
              6            111              8
              7            000              6
              7            001              4
              7            010              8
              7            011              0
              7            100              5
              7            101              1
              7            110              2
              7            111              5
              8            000              0
              8            001              8
              8            010              4
              8            011              8
              8            100              1
              8            101              7
              8            110              0
              8            111              3
