Eaten part = 0.253823
Start state = 1
Significant inputs: 1 2 3
Moves: 0 0 0 0 0 2 0 1 1
          state         inputs     next state
              0            000              1
              0            001              2
              0            010              8
              0            011              8
              0            100              5
              0            101              3
              0            110              6
              0            111              3
              1            000              2
              1            001              5
              1            010              8
              1            011              3
              1            100              4
              1            101              3
              1            110              5
              1            111              0
              2            000              2
              2            001              1
              2            010              7
              2            011              6
              2            100              1
              2            101              7
              2            110              3
              2            111              2
              3            000              1
              3            001              1
              3            010              0
              3            011              0
              3            100              3
              3            101              0
              3            110              7
              3            111              1
              4            000              1
              4            001              3
              4            010              0
              4            011              3
              4            100              2
              4            101              8
              4            110              3
              4            111              2
              5            000              3
              5            001              0
              5            010              1
              5            011              1
              5            100              1
              5            101              7
              5            110              7
              5            111              7
              6            000              0
              6            001              4
              6            010              4
              6            011              6
              6            100              1
              6            101              2
              6            110              8
              6            111              5
              7            000              1
              7            001              3
              7            010              5
              7            011              0
              7            100              7
              7            101              6
              7            110              4
              7            111              0
              8            000              2
              8            001              1
              8            010              5
              8            011              0
              8            100              5
              8            101              6
              8            110              2
              8            111              0
