Eaten part = 0.250564
Start state = 0
Significant inputs: 2 3 4
Moves: 0 0 0 0 1 0 0 2 0
          state         inputs     next state
              0            000              1
              0            001              3
              0            010              3
              0            011              4
              0            100              3
              0            101              8
              0            110              5
              0            111              8
              1            000              3
              1            001              1
              1            010              3
              1            011              4
              1            100              8
              1            101              3
              1            110              8
              1            111              2
              2            000              3
              2            001              4
              2            010              7
              2            011              2
              2            100              7
              2            101              5
              2            110              3
              2            111              1
              3            000              3
              3            001              4
              3            010              1
              3            011              7
              3            100              1
              3            101              0
              3            110              0
              3            111              1
              4            000              5
              4            001              2
              4            010              6
              4            011              2
              4            100              5
              4            101              0
              4            110              6
              4            111              2
              5            000              2
              5            001              8
              5            010              3
              5            011              0
              5            100              5
              5            101              0
              5            110              5
              5            111              6
              6            000              7
              6            001              7
              6            010              8
              6            011              4
              6            100              4
              6            101              5
              6            110              8
              6            111              1
              7            000              5
              7            001              1
              7            010              3
              7            011              5
              7            100              2
              7            101              2
              7            110              2
              7            111              2
              8            000              3
              8            001              2
              8            010              1
              8            011              4
              8            100              6
              8            101              2
              8            110              6
              8            111              6
