Eaten part = 0.311787
Start state = 4
Significant inputs: 2 5 6
Moves: 0 0 0 0 0 2 0 2 1
          state         inputs     next state
              0            000              3
              0            001              8
              0            010              8
              0            011              0
              0            100              5
              0            101              5
              0            110              1
              0            111              5
              1            000              0
              1            001              6
              1            010              0
              1            011              4
              1            100              5
              1            101              5
              1            110              6
              1            111              4
              2            000              1
              2            001              0
              2            010              7
              2            011              8
              2            100              5
              2            101              5
              2            110              3
              2            111              8
              3            000              0
              3            001              8
              3            010              0
              3            011              0
              3            100              5
              3            101              8
              3            110              2
              3            111              3
              4            000              6
              4            001              0
              4            010              1
              4            011              3
              4            100              3
              4            101              0
              4            110              6
              4            111              1
              5            000              8
              5            001              2
              5            010              3
              5            011              0
              5            100              4
              5            101              7
              5            110              3
              5            111              6
              6            000              2
              6            001              8
              6            010              1
              6            011              0
              6            100              6
              6            101              2
              6            110              5
              6            111              2
              7            000              6
              7            001              2
              7            010              8
              7            011              6
              7            100              3
              7            101              7
              7            110              3
              7            111              1
              8            000              3
              8            001              1
              8            010              4
              8            011              3
              8            100              6
              8            101              2
              8            110              6
              8            111              4
