Eaten part = 0.307642
Start state = 4
Significant inputs: 2 4 6
Moves: 0 0 0 1 0 2 2 0 0
          state         inputs     next state
              0            000              7
              0            001              2
              0            010              8
              0            011              1
              0            100              8
              0            101              4
              0            110              8
              0            111              6
              1            000              4
              1            001              4
              1            010              8
              1            011              8
              1            100              6
              1            101              6
              1            110              4
              1            111              2
              2            000              4
              2            001              0
              2            010              7
              2            011              0
              2            100              6
              2            101              2
              2            110              1
              2            111              3
              3            000              2
              3            001              1
              3            010              1
              3            011              6
              3            100              2
              3            101              7
              3            110              1
              3            111              7
              4            000              4
              4            001              3
              4            010              4
              4            011              4
              4            100              6
              4            101              5
              4            110              1
              4            111              2
              5            000              7
              5            001              8
              5            010              7
              5            011              2
              5            100              7
              5            101              5
              5            110              2
              5            111              0
              6            000              1
              6            001              4
              6            010              4
              6            011              2
              6            100              4
              6            101              7
              6            110              8
              6            111              0
              7            000              4
              7            001              3
              7            010              8
              7            011              4
              7            100              6
              7            101              4
              7            110              1
              7            111              4
              8            000              8
              8            001              4
              8            010              2
              8            011              8
              8            100              6
              8            101              1
              8            110              1
              8            111              8
