Eaten part = 0.309885
Start state = 5
Significant inputs: 2 4 6
Moves: 2 0 0 0 0 0 1 0 2
          state         inputs     next state
              0            000              7
              0            001              5
              0            010              2
              0            011              5
              0            100              4
              0            101              5
              0            110              8
              0            111              3
              1            000              4
              1            001              8
              1            010              1
              1            011              0
              1            100              1
              1            101              4
              1            110              0
              1            111              2
              2            000              4
              2            001              4
              2            010              4
              2            011              2
              2            100              8
              2            101              4
              2            110              2
              2            111              8
              3            000              1
              3            001              0
              3            010              4
              3            011              3
              3            100              0
              3            101              7
              3            110              2
              3            111              4
              4            000              4
              4            001              6
              4            010              7
              4            011              4
              4            100              8
              4            101              8
              4            110              2
              4            111              4
              5            000              4
              5            001              6
              5            010              8
              5            011              5
              5            100              3
              5            101              4
              5            110              4
              5            111              0
              6            000              4
              6            001              2
              6            010              7
              6            011              4
              6            100              7
              6            101              7
              6            110              7
              6            111              0
              7            000              4
              7            001              6
              7            010              4
              7            011              6
              7            100              0
              7            101              2
              7            110              7
              7            111              2
              8            000              2
              8            001              4
              8            010              1
              8            011              6
              8            100              5
              8            101              7
              8            110              5
              8            111              3
