Eaten part = 0.300117
Start state = 8
Significant inputs: 1 2 6
Moves: 1 2 1 0 0 1 0 0 0
          state         inputs     next state
              0            000              8
              0            001              6
              0            010              8
              0            011              6
              0            100              2
              0            101              3
              0            110              5
              0            111              4
              1            000              8
              1            001              2
              1            010              8
              1            011              1
              1            100              3
              1            101              6
              1            110              8
              1            111              7
              2            000              8
              2            001              6
              2            010              4
              2            011              8
              2            100              4
              2            101              0
              2            110              8
              2            111              3
              3            000              6
              3            001              8
              3            010              0
              3            011              0
              3            100              8
              3            101              1
              3            110              0
              3            111              8
              4            000              1
              4            001              1
              4            010              8
              4            011              5
              4            100              1
              4            101              6
              4            110              6
              4            111              8
              5            000              4
              5            001              6
              5            010              5
              5            011              4
              5            100              1
              5            101              3
              5            110              2
              5            111              5
              6            000              6
              6            001              7
              6            010              5
              6            011              5
              6            100              1
              6            101              7
              6            110              6
              6            111              3
              7            000              6
              7            001              5
              7            010              3
              7            011              5
              7            100              0
              7            101              5
              7            110              7
              7            111              4
              8            000              3
              8            001              6
              8            010              5
              8            011              8
              8            100              3
              8            101              8
              8            110              0
              8            111              2
