Eaten part = 0.246420
Start state = 2
Significant inputs: 2 3 5
Moves: 0 0 0 0 0 2 0 1 0
          state         inputs     next state
              0            000              3
              0            001              6
              0            010              6
              0            011              3
              0            100              0
              0            101              3
              0            110              8
              0            111              4
              1            000              8
              1            001              4
              1            010              2
              1            011              4
              1            100              4
              1            101              3
              1            110              1
              1            111              1
              2            000              8
              2            001              7
              2            010              4
              2            011              1
              2            100              4
              2            101              8
              2            110              8
              2            111              2
              3            000              6
              3            001              7
              3            010              8
              3            011              2
              3            100              3
              3            101              4
              3            110              2
              3            111              1
              4            000              4
              4            001              7
              4            010              2
              4            011              8
              4            100              2
              4            101              8
              4            110              7
              4            111              6
              5            000              3
              5            001              2
              5            010              7
              5            011              7
              5            100              3
              5            101              4
              5            110              2
              5            111              1
              6            000              8
              6            001              7
              6            010              8
              6            011              1
              6            100              8
              6            101              7
              6            110              1
              6            111              7
              7            000              0
              7            001              8
              7            010              1
              7            011              2
              7            100              2
              7            101              1
              7            110              8
              7            111              6
              8            000              6
              8            001              7
              8            010              5
              8            011              7
              8            100              8
              8            101              7
              8            110              2
              8            111              0
