Eaten part = 0.321245
Start state = 3
Significant inputs: 2 4 6
Moves: 1 0 0 0 0 0 2 0 0
          state         inputs     next state
              0            000              8
              0            001              5
              0            010              5
              0            011              4
              0            100              2
              0            101              1
              0            110              5
              0            111              5
              1            000              4
              1            001              2
              1            010              7
              1            011              2
              1            100              5
              1            101              5
              1            110              3
              1            111              4
              2            000              5
              2            001              5
              2            010              7
              2            011              4
              2            100              4
              2            101              7
              2            110              7
              2            111              5
              3            000              3
              3            001              0
              3            010              4
              3            011              7
              3            100              6
              3            101              5
              3            110              3
              3            111              1
              4            000              3
              4            001              0
              4            010              5
              4            011              7
              4            100              6
              4            101              7
              4            110              1
              4            111              1
              5            000              7
              5            001              0
              5            010              5
              5            011              2
              5            100              6
              5            101              6
              5            110              7
              5            111              6
              6            000              4
              6            001              5
              6            010              7
              6            011              3
              6            100              7
              6            101              3
              6            110              7
              6            111              2
              7            000              5
              7            001              0
              7            010              4
              7            011              7
              7            100              6
              7            101              4
              7            110              7
              7            111              2
              8            000              7
              8            001              6
              8            010              8
              8            011              6
              8            100              2
              8            101              3
              8            110              4
              8            111              6
