Eaten part = 0.247090
Start state = 7
Significant inputs: 1 2 7
Moves: 0 2 0 2 1 1 0 0 1
          state         inputs     next state
              0            000              6
              0            001              5
              0            010              6
              0            011              2
              0            100              0
              0            101              8
              0            110              8
              0            111              7
              1            000              7
              1            001              7
              1            010              7
              1            011              6
              1            100              0
              1            101              2
              1            110              6
              1            111              0
              2            000              3
              2            001              2
              2            010              4
              2            011              8
              2            100              8
              2            101              1
              2            110              3
              2            111              0
              3            000              7
              3            001              7
              3            010              7
              3            011              3
              3            100              7
              3            101              3
              3            110              6
              3            111              6
              4            000              7
              4            001              7
              4            010              6
              4            011              3
              4            100              4
              4            101              8
              4            110              2
              4            111              6
              5            000              7
              5            001              7
              5            010              8
              5            011              6
              5            100              7
              5            101              6
              5            110              5
              5            111              0
              6            000              8
              6            001              1
              6            010              8
              6            011              8
              6            100              7
              6            101              0
              6            110              5
              6            111              0
              7            000              7
              7            001              2
              7            010              8
              7            011              5
              7            100              3
              7            101              1
              7            110              8
              7            111              5
              8            000              3
              8            001              7
              8            010              8
              8            011              2
              8            100              5
              8            101              7
              8            110              3
              8            111              1
