Eaten part = 0.245322
Start state = 7
Significant inputs: 2 4 5
Moves: 0 2 0 0 0 0 1 0 0
          state         inputs     next state
              0            000              3
              0            001              6
              0            010              7
              0            011              3
              0            100              7
              0            101              1
              0            110              2
              0            111              1
              1            000              7
              1            001              8
              1            010              0
              1            011              6
              1            100              7
              1            101              6
              1            110              0
              1            111              5
              2            000              8
              2            001              6
              2            010              2
              2            011              6
              2            100              4
              2            101              5
              2            110              8
              2            111              2
              3            000              4
              3            001              0
              3            010              3
              3            011              7
              3            100              8
              3            101              8
              3            110              8
              3            111              3
              4            000              8
              4            001              5
              4            010              0
              4            011              8
              4            100              4
              4            101              6
              4            110              0
              4            111              5
              5            000              0
              5            001              8
              5            010              4
              5            011              8
              5            100              4
              5            101              0
              5            110              8
              5            111              6
              6            000              3
              6            001              5
              6            010              2
              6            011              4
              6            100              8
              6            101              7
              6            110              4
              6            111              8
              7            000              8
              7            001              6
              7            010              8
              7            011              0
              7            100              1
              7            101              0
              7            110              5
              7            111              8
              8            000              7
              8            001              6
              8            010              8
              8            011              8
              8            100              3
              8            101              6
              8            110              4
              8            111              2
