Eaten part = 0.243643
Start state = 1
Significant inputs: 2 3 4
Moves: 0 1 1 0 1 0 0 0 0
          state         inputs     next state
              0            000              3
              0            001              6
              0            010              6
              0            011              8
              0            100              7
              0            101              0
              0            110              0
              0            111              2
              1            000              7
              1            001              6
              1            010              3
              1            011              5
              1            100              7
              1            101              4
              1            110              1
              1            111              0
              2            000              4
              2            001              5
              2            010              1
              2            011              4
              2            100              4
              2            101              7
              2            110              0
              2            111              4
              3            000              8
              3            001              4
              3            010              6
              3            011              4
              3            100              5
              3            101              8
              3            110              6
              3            111              5
              4            000              6
              4            001              0
              4            010              6
              4            011              3
              4            100              3
              4            101              4
              4            110              2
              4            111              7
              5            000              7
              5            001              2
              5            010              8
              5            011              4
              5            100              7
              5            101              3
              5            110              6
              5            111              0
              6            000              8
              6            001              4
              6            010              8
              6            011              6
              6            100              6
              6            101              4
              6            110              6
              6            111              8
              7            000              6
              7            001              4
              7            010              3
              7            011              6
              7            100              6
              7            101              1
              7            110              5
              7            111              4
              8            000              8
              8            001              1
              8            010              3
              8            011              5
              8            100              5
              8            101              6
              8            110              0
              8            111              8
