Eaten part = 0.244033
Start state = 2
Significant inputs: 1 2 4
Moves: 0 0 1 0 0 0 0 2 0
          state         inputs     next state
              0            000              0
              0            001              6
              0            010              2
              0            011              6
              0            100              4
              0            101              5
              0            110              0
              0            111              8
              1            000              1
              1            001              5
              1            010              0
              1            011              8
              1            100              5
              1            101              3
              1            110              3
              1            111              3
              2            000              5
              2            001              3
              2            010              2
              2            011              4
              2            100              8
              2            101              5
              2            110              4
              2            111              8
              3            000              5
              3            001              0
              3            010              8
              3            011              7
              3            100              5
              3            101              2
              3            110              7
              3            111              8
              4            000              4
              4            001              6
              4            010              2
              4            011              2
              4            100              6
              4            101              8
              4            110              5
              4            111              1
              5            000              0
              5            001              4
              5            010              8
              5            011              2
              5            100              8
              5            101              7
              5            110              8
              5            111              7
              6            000              7
              6            001              0
              6            010              6
              6            011              4
              6            100              0
              6            101              0
              6            110              1
              6            111              8
              7            000              3
              7            001              8
              7            010              0
              7            011              0
              7            100              4
              7            101              0
              7            110              0
              7            111              6
              8            000              8
              8            001              6
              8            010              2
              8            011              8
              8            100              4
              8            101              3
              8            110              4
              8            111              1
