Eaten part = 0.298159
Start state = 1
Significant inputs: 2 3 6
Moves: 0 0 1 0 0 1 0 0 2
          state         inputs     next state
              0            000              6
              0            001              6
              0            010              4
              0            011              4
              0            100              5
              0            101              8
              0            110              1
              0            111              5
              1            000              3
              1            001              8
              1            010              3
              1            011              5
              1            100              7
              1            101              0
              1            110              7
              1            111              5
              2            000              3
              2            001              7
              2            010              4
              2            011              8
              2            100              1
              2            101              7
              2            110              0
              2            111              8
              3            000              3
              3            001              2
              3            010              3
              3            011              5
              3            100              8
              3            101              2
              3            110              8
              3            111              4
              4            000              3
              4            001              3
              4            010              4
              4            011              4
              4            100              8
              4            101              3
              4            110              4
              4            111              5
              5            000              4
              5            001              3
              5            010              1
              5            011              8
              5            100              3
              5            101              3
              5            110              0
              5            111              5
              6            000              0
              6            001              5
              6            010              0
              6            011              8
              6            100              3
              6            101              8
              6            110              7
              6            111              4
              7            000              6
              7            001              2
              7            010              4
              7            011              5
              7            100              4
              7            101              2
              7            110              8
              7            111              4
              8            000              1
              8            001              1
              8            010              4
              8            011              3
              8            100              3
              8            101              7
              8            110              3
              8            111              6
