Eaten part = 0.204748
Start state = 4
Significant inputs: 1 3 5
Moves: 0 2 2 0 0 2 0 0 1
          state         inputs     next state
              0            000              7
              0            001              1
              0            010              7
              0            011              5
              0            100              5
              0            101              7
              0            110              3
              0            111              1
              1            000              5
              1            001              6
              1            010              8
              1            011              5
              1            100              6
              1            101              1
              1            110              4
              1            111              2
              2            000              4
              2            001              1
              2            010              5
              2            011              2
              2            100              3
              2            101              0
              2            110              3
              2            111              1
              3            000              8
              3            001              6
              3            010              4
              3            011              8
              3            100              8
              3            101              8
              3            110              0
              3            111              7
              4            000              4
              4            001              6
              4            010              4
              4            011              3
              4            100              1
              4            101              4
              4            110              1
              4            111              2
              5            000              3
              5            001              3
              5            010              0
              5            011              7
              5            100              3
              5            101              2
              5            110              5
              5            111              5
              6            000              8
              6            001              4
              6            010              6
              6            011              2
              6            100              7
              6            101              2
              6            110              8
              6            111              0
              7            000              6
              7            001              0
              7            010              6
              7            011              0
              7            100              4
              7            101              0
              7            110              5
              7            111              7
              8            000              4
              8            001              3
              8            010              2
              8            011              0
              8            100              1
              8            101              6
              8            110              5
              8            111              6
