Eaten part = 0.303472
Start state = 4
Significant inputs: 2 4 6
Moves: 0 1 0 0 0 0 1 2 0
          state         inputs     next state
              0            000              3
              0            001              6
              0            010              1
              0            011              1
              0            100              3
              0            101              7
              0            110              1
              0            111              0
              1            000              3
              1            001              0
              1            010              5
              1            011              5
              1            100              4
              1            101              8
              1            110              3
              1            111              5
              2            000              8
              2            001              6
              2            010              5
              2            011              8
              2            100              3
              2            101              6
              2            110              4
              2            111              4
              3            000              5
              3            001              1
              3            010              5
              3            011              4
              3            100              7
              3            101              6
              3            110              4
              3            111              7
              4            000              5
              4            001              6
              4            010              5
              4            011              0
              4            100              0
              4            101              5
              4            110              3
              4            111              2
              5            000              5
              5            001              1
              5            010              3
              5            011              2
              5            100              7
              5            101              7
              5            110              3
              5            111              3
              6            000              2
              6            001              7
              6            010              2
              6            011              0
              6            100              3
              6            101              5
              6            110              7
              6            111              7
              7            000              3
              7            001              3
              7            010              0
              7            011              3
              7            100              5
              7            101              5
              7            110              5
              7            111              4
              8            000              4
              8            001              2
              8            010              8
              8            011              0
              8            100              3
              8            101              4
              8            110              0
              8            111              5
