Eaten part = 0.191120
Start state = 5
Significant inputs: 0 4 7
Moves: 1 0 0 1 0 2 0 0 0
          state         inputs     next state
              0            000              7
              0            001              8
              0            010              3
              0            011              8
              0            100              8
              0            101              1
              0            110              6
              0            111              4
              1            000              4
              1            001              1
              1            010              7
              1            011              3
              1            100              6
              1            101              2
              1            110              8
              1            111              2
              2            000              5
              2            001              5
              2            010              1
              2            011              8
              2            100              8
              2            101              3
              2            110              8
              2            111              1
              3            000              5
              3            001              2
              3            010              3
              3            011              2
              3            100              0
              3            101              6
              3            110              4
              3            111              1
              4            000              7
              4            001              6
              4            010              8
              4            011              6
              4            100              6
              4            101              8
              4            110              4
              4            111              4
              5            000              8
              5            001              6
              5            010              0
              5            011              3
              5            100              1
              5            101              1
              5            110              3
              5            111              0
              6            000              0
              6            001              0
              6            010              7
              6            011              2
              6            100              2
              6            101              4
              6            110              5
              6            111              2
              7            000              2
              7            001              8
              7            010              4
              7            011              6
              7            100              8
              7            101              7
              7            110              7
              7            111              1
              8            000              1
              8            001              1
              8            010              4
              8            011              6
              8            100              1
              8            101              5
              8            110              4
              8            111              0
