Eaten part = 0.257289
Start state = 0
Significant inputs: 4 6 7
Moves: 1 0 0 0 0 0 0 0 2
          state         inputs     next state
              0            000              4
              0            001              6
              0            010              5
              0            011              3
              0            100              7
              0            101              7
              0            110              3
              0            111              0
              1            000              2
              1            001              0
              1            010              8
              1            011              0
              1            100              8
              1            101              3
              1            110              5
              1            111              3
              2            000              0
              2            001              5
              2            010              8
              2            011              5
              2            100              4
              2            101              2
              2            110              3
              2            111              2
              3            000              0
              3            001              4
              3            010              4
              3            011              6
              3            100              4
              3            101              4
              3            110              2
              3            111              6
              4            000              4
              4            001              3
              4            010              8
              4            011              4
              4            100              4
              4            101              3
              4            110              8
              4            111              8
              5            000              4
              5            001              6
              5            010              8
              5            011              0
              5            100              7
              5            101              7
              5            110              4
              5            111              2
              6            000              7
              6            001              5
              6            010              2
              6            011              2
              6            100              8
              6            101              7
              6            110              8
              6            111              1
              7            000              0
              7            001              5
              7            010              4
              7            011              6
              7            100              8
              7            101              8
              7            110              7
              7            111              3
              8            000              5
              8            001              7
              8            010              2
              8            011              3
              8            100              2
              8            101              5
              8            110              0
              8            111              6
