Eaten part = 0.233034
Start state = 5
Significant inputs: 1 6 7
Moves: 1 0 0 0 2 0 2 0 0
          state         inputs     next state
              0            000              3
              0            001              8
              0            010              5
              0            011              7
              0            100              2
              0            101              7
              0            110              7
              0            111              1
              1            000              7
              1            001              1
              1            010              4
              1            011              5
              1            100              7
              1            101              3
              1            110              1
              1            111              6
              2            000              3
              2            001              8
              2            010              6
              2            011              2
              2            100              3
              2            101              0
              2            110              6
              2            111              6
              3            000              2
              3            001              1
              3            010              6
              3            011              4
              3            100              2
              3            101              8
              3            110              2
              3            111              7
              4            000              1
              4            001              3
              4            010              2
              4            011              7
              4            100              5
              4            101              4
              4            110              4
              4            111              2
              5            000              2
              5            001              5
              5            010              7
              5            011              8
              5            100              0
              5            101              3
              5            110              4
              5            111              4
              6            000              2
              6            001              1
              6            010              1
              6            011              1
              6            100              5
              6            101              7
              6            110              8
              6            111              5
              7            000              3
              7            001              3
              7            010              1
              7            011              6
              7            100              5
              7            101              8
              7            110              6
              7            111              6
              8            000              0
              8            001              1
              8            010              4
              8            011              8
              8            100              7
              8            101              3
              8            110              4
              8            111              5
