Eaten part = 0.251592
Start state = 3
Significant inputs: 1 2 7
Moves: 0 0 0 0 0 0 2 1 0
          state         inputs     next state
              0            000              6
              0            001              4
              0            010              5
              0            011              8
              0            100              3
              0            101              5
              0            110              7
              0            111              8
              1            000              6
              1            001              4
              1            010              7
              1            011              6
              1            100              5
              1            101              0
              1            110              7
              1            111              6
              2            000              2
              2            001              5
              2            010              7
              2            011              3
              2            100              2
              2            101              6
              2            110              7
              2            111              4
              3            000              8
              3            001              4
              3            010              8
              3            011              1
              3            100              7
              3            101              5
              3            110              6
              3            111              4
              4            000              0
              4            001              5
              4            010              4
              4            011              5
              4            100              4
              4            101              8
              4            110              2
              4            111              7
              5            000              2
              5            001              2
              5            010              6
              5            011              8
              5            100              0
              5            101              4
              5            110              5
              5            111              4
              6            000              2
              6            001              8
              6            010              2
              6            011              2
              6            100              2
              6            101              2
              6            110              6
              6            111              1
              7            000              2
              7            001              2
              7            010              8
              7            011              5
              7            100              5
              7            101              8
              7            110              1
              7            111              5
              8            000              6
              8            001              3
              8            010              0
              8            011              7
              8            100              6
              8            101              2
              8            110              7
              8            111              3
