Eaten part = 0.198956
Start state = 8
Significant inputs: 3 4 5
Moves: 0 0 0 1 0 0 0 2 0
          state         inputs     next state
              0            000              8
              0            001              7
              0            010              2
              0            011              8
              0            100              0
              0            101              5
              0            110              1
              0            111              0
              1            000              6
              1            001              8
              1            010              2
              1            011              8
              1            100              5
              1            101              3
              1            110              1
              1            111              6
              2            000              5
              2            001              3
              2            010              8
              2            011              0
              2            100              0
              2            101              6
              2            110              6
              2            111              1
              3            000              1
              3            001              4
              3            010              7
              3            011              7
              3            100              8
              3            101              2
              3            110              8
              3            111              2
              4            000              2
              4            001              4
              4            010              2
              4            011              2
              4            100              2
              4            101              2
              4            110              5
              4            111              3
              5            000              3
              5            001              2
              5            010              0
              5            011              4
              5            100              8
              5            101              8
              5            110              0
              5            111              8
              6            000              0
              6            001              0
              6            010              8
              6            011              6
              6            100              4
              6            101              1
              6            110              4
              6            111              3
              7            000              2
              7            001              5
              7            010              2
              7            011              1
              7            100              1
              7            101              8
              7            110              0
              7            111              2
              8            000              4
              8            001              1
              8            010              1
              8            011              4
              8            100              2
              8            101              3
              8            110              1
              8            111              0
