Eaten part = 0.301636
Start state = 8
Significant inputs: 2 3 6
Moves: 1 0 0 1 0 2 0 1 0
          state         inputs     next state
              0            000              4
              0            001              4
              0            010              8
              0            011              6
              0            100              1
              0            101              1
              0            110              8
              0            111              6
              1            000              4
              1            001              0
              1            010              1
              1            011              0
              1            100              5
              1            101              0
              1            110              4
              1            111              7
              2            000              4
              2            001              4
              2            010              4
              2            011              0
              2            100              5
              2            101              6
              2            110              3
              2            111              1
              3            000              3
              3            001              7
              3            010              4
              3            011              4
              3            100              2
              3            101              6
              3            110              3
              3            111              3
              4            000              1
              4            001              0
              4            010              1
              4            011              6
              4            100              5
              4            101              7
              4            110              5
              4            111              0
              5            000              4
              5            001              1
              5            010              4
              5            011              4
              5            100              2
              5            101              4
              5            110              3
              5            111              6
              6            000              1
              6            001              2
              6            010              8
              6            011              8
              6            100              1
              6            101              0
              6            110              8
              6            111              5
              7            000              1
              7            001              1
              7            010              5
              7            011              0
              7            100              4
              7            101              1
              7            110              4
              7            111              7
              8            000              5
              8            001              7
              8            010              2
              8            011              8
              8            100              1
              8            101              5
              8            110              3
              8            111              7
