Eaten part = 0.178680
Start state = 2
Significant inputs: 0 3 7
Moves: 0 0 0 0 1 0 1 0 0
          state         inputs     next state
              0            000              2
              0            001              6
              0            010              8
              0            011              1
              0            100              1
              0            101              5
              0            110              7
              0            111              4
              1            000              0
              1            001              4
              1            010              8
              1            011              3
              1            100              2
              1            101              1
              1            110              4
              1            111              6
              2            000              0
              2            001              2
              2            010              1
              2            011              2
              2            100              1
              2            101              7
              2            110              8
              2            111              4
              3            000              2
              3            001              2
              3            010              6
              3            011              8
              3            100              4
              3            101              2
              3            110              8
              3            111              6
              4            000              8
              4            001              1
              4            010              1
              4            011              8
              4            100              5
              4            101              5
              4            110              3
              4            111              3
              5            000              2
              5            001              8
              5            010              6
              5            011              6
              5            100              3
              5            101              6
              5            110              1
              5            111              4
              6            000              7
              6            001              2
              6            010              1
              6            011              8
              6            100              2
              6            101              2
              6            110              7
              6            111              3
              7            000              5
              7            001              7
              7            010              7
              7            011              0
              7            100              6
              7            101              1
              7            110              2
              7            111              8
              8            000              8
              8            001              1
              8            010              5
              8            011              5
              8            100              3
              8            101              0
              8            110              6
              8            111              6
