Eaten part = 0.227038
Start state = 1
Significant inputs: 2 3 7
Moves: 1 1 0 0 0 0 0 0 1
          state         inputs     next state
              0            000              2
              0            001              0
              0            010              8
              0            011              3
              0            100              2
              0            101              0
              0            110              6
              0            111              3
              1            000              2
              1            001              7
              1            010              3
              1            011              5
              1            100              4
              1            101              0
              1            110              7
              1            111              3
              2            000              4
              2            001              1
              2            010              2
              2            011              6
              2            100              7
              2            101              5
              2            110              7
              2            111              7
              3            000              2
              3            001              1
              3            010              5
              3            011              7
              3            100              8
              3            101              0
              3            110              3
              3            111              2
              4            000              7
              4            001              1
              4            010              5
              4            011              5
              4            100              2
              4            101              3
              4            110              2
              4            111              3
              5            000              6
              5            001              6
              5            010              2
              5            011              7
              5            100              6
              5            101              5
              5            110              6
              5            111              7
              6            000              7
              6            001              1
              6            010              5
              6            011              7
              6            100              7
              6            101              8
              6            110              0
              6            111              6
              7            000              6
              7            001              8
              7            010              7
              7            011              5
              7            100              2
              7            101              1
              7            110              4
              7            111              3
              8            000              7
              8            001              4
              8            010              7
              8            011              1
              8            100              3
              8            101              3
              8            110              6
              8            111              5
