Eaten part = 0.283026
Start state = 8
Significant inputs: 0 2 6
Moves: 0 1 2 0 1 2 0 0 0
          state         inputs     next state
              0            000              8
              0            001              3
              0            010              1
              0            011              0
              0            100              0
              0            101              3
              0            110              2
              0            111              2
              1            000              0
              1            001              7
              1            010              3
              1            011              6
              1            100              7
              1            101              0
              1            110              8
              1            111              5
              2            000              6
              2            001              7
              2            010              3
              2            011              7
              2            100              1
              2            101              7
              2            110              0
              2            111              6
              3            000              8
              3            001              4
              3            010              1
              3            011              8
              3            100              2
              3            101              8
              3            110              4
              3            111              1
              4            000              3
              4            001              7
              4            010              0
              4            011              6
              4            100              2
              4            101              5
              4            110              3
              4            111              8
              5            000              8
              5            001              3
              5            010              0
              5            011              0
              5            100              0
              5            101              4
              5            110              3
              5            111              4
              6            000              8
              6            001              1
              6            010              3
              6            011              5
              6            100              5
              6            101              3
              6            110              1
              6            111              8
              7            000              3
              7            001              1
              7            010              2
              7            011              5
              7            100              3
              7            101              6
              7            110              4
              7            111              5
              8            000              8
              8            001              0
              8            010              1
              8            011              4
              8            100              5
              8            101              5
              8            110              1
              8            111              5
