Eaten part = 0.225488
Start state = 3
Significant inputs: 1 3 6
Moves: 0 1 0 0 0 2 0 0 2
          state         inputs     next state
              0            000              0
              0            001              3
              0            010              4
              0            011              7
              0            100              8
              0            101              5
              0            110              8
              0            111              6
              1            000              0
              1            001              0
              1            010              8
              1            011              4
              1            100              3
              1            101              2
              1            110              0
              1            111              8
              2            000              2
              2            001              8
              2            010              1
              2            011              0
              2            100              2
              2            101              5
              2            110              6
              2            111              6
              3            000              0
              3            001              1
              3            010              0
              3            011              0
              3            100              5
              3            101              8
              3            110              1
              3            111              7
              4            000              3
              4            001              7
              4            010              7
              4            011              8
              4            100              1
              4            101              0
              4            110              2
              4            111              3
              5            000              7
              5            001              0
              5            010              1
              5            011              7
              5            100              2
              5            101              1
              5            110              1
              5            111              2
              6            000              1
              6            001              3
              6            010              2
              6            011              0
              6            100              8
              6            101              8
              6            110              1
              6            111              5
              7            000              4
              7            001              7
              7            010              0
              7            011              4
              7            100              4
              7            101              8
              7            110              3
              7            111              8
              8            000              0
              8            001              2
              8            010              3
              8            011              4
              8            100              0
              8            101              0
              8            110              7
              8            111              1
