Eaten part = 0.306562
Start state = 1
Significant inputs: 0 2 6
Moves: 0 0 1 0 1 2 0 0 1
          state         inputs     next state
              0            000              0
              0            001              7
              0            010              7
              0            011              0
              0            100              1
              0            101              1
              0            110              1
              0            111              2
              1            000              7
              1            001              1
              1            010              7
              1            011              2
              1            100              5
              1            101              5
              1            110              2
              1            111              8
              2            000              0
              2            001              6
              2            010              6
              2            011              0
              2            100              8
              2            101              6
              2            110              1
              2            111              8
              3            000              5
              3            001              6
              3            010              6
              3            011              3
              3            100              0
              3            101              6
              3            110              3
              3            111              5
              4            000              3
              4            001              8
              4            010              6
              4            011              1
              4            100              5
              4            101              3
              4            110              3
              4            111              3
              5            000              6
              5            001              6
              5            010              1
              5            011              7
              5            100              7
              5            101              7
              5            110              7
              5            111              2
              6            000              7
              6            001              7
              6            010              8
              6            011              7
              6            100              5
              6            101              3
              6            110              8
              6            111              4
              7            000              7
              7            001              7
              7            010              8
              7            011              8
              7            100              5
              7            101              5
              7            110              8
              7            111              1
              8            000              7
              8            001              7
              8            010              1
              8            011              6
              8            100              3
              8            101              6
              8            110              7
              8            111              5
