Eaten part = 0.180665
Start state = 6
Significant inputs: 0 1 3
Moves: 0 0 0 0 2 1 0 2 0
          state         inputs     next state
              0            000              6
              0            001              8
              0            010              3
              0            011              2
              0            100              5
              0            101              7
              0            110              2
              0            111              5
              1            000              0
              1            001              4
              1            010              3
              1            011              3
              1            100              6
              1            101              0
              1            110              8
              1            111              3
              2            000              5
              2            001              6
              2            010              0
              2            011              0
              2            100              2
              2            101              8
              2            110              0
              2            111              0
              3            000              8
              3            001              3
              3            010              4
              3            011              6
              3            100              8
              3            101              5
              3            110              4
              3            111              1
              4            000              8
              4            001              8
              4            010              5
              4            011              8
              4            100              5
              4            101              7
              4            110              1
              4            111              6
              5            000              7
              5            001              6
              5            010              6
              5            011              2
              5            100              7
              5            101              6
              5            110              8
              5            111              8
              6            000              2
              6            001              5
              6            010              8
              6            011              8
              6            100              0
              6            101              4
              6            110              8
              6            111              4
              7            000              6
              7            001              3
              7            010              1
              7            011              4
              7            100              0
              7            101              0
              7            110              8
              7            111              6
              8            000              5
              8            001              1
              8            010              3
              8            011              8
              8            100              6
              8            101              6
              8            110              0
              8            111              7
