Eaten part = 0.226957
Start state = 5
Significant inputs: 0 2 3
Moves: 0 0 0 0 0 0 1 2 0
          state         inputs     next state
              0            000              3
              0            001              3
              0            010              6
              0            011              1
              0            100              7
              0            101              7
              0            110              2
              0            111              1
              1            000              1
              1            001              4
              1            010              6
              1            011              4
              1            100              0
              1            101              7
              1            110              6
              1            111              6
              2            000              1
              2            001              5
              2            010              3
              2            011              5
              2            100              3
              2            101              7
              2            110              0
              2            111              6
              3            000              3
              3            001              8
              3            010              6
              3            011              1
              3            100              4
              3            101              5
              3            110              1
              3            111              3
              4            000              2
              4            001              0
              4            010              5
              4            011              7
              4            100              2
              4            101              7
              4            110              3
              4            111              3
              5            000              1
              5            001              4
              5            010              4
              5            011              3
              5            100              4
              5            101              1
              5            110              7
              5            111              6
              6            000              4
              6            001              4
              6            010              3
              6            011              3
              6            100              4
              6            101              1
              6            110              0
              6            111              2
              7            000              0
              7            001              2
              7            010              3
              7            011              5
              7            100              3
              7            101              0
              7            110              0
              7            111              6
              8            000              6
              8            001              8
              8            010              1
              8            011              6
              8            100              0
              8            101              0
              8            110              0
              8            111              6
