Eaten part = 0.173947
Start state = 8
Significant inputs: 1 3 5
Moves: 0 0 1 0 2 0 0 2 0
          state         inputs     next state
              0            000              4
              0            001              5
              0            010              2
              0            011              3
              0            100              6
              0            101              8
              0            110              6
              0            111              5
              1            000              1
              1            001              5
              1            010              4
              1            011              2
              1            100              2
              1            101              7
              1            110              5
              1            111              2
              2            000              7
              2            001              8
              2            010              7
              2            011              6
              2            100              2
              2            101              8
              2            110              2
              2            111              0
              3            000              1
              3            001              5
              3            010              4
              3            011              4
              3            100              3
              3            101              5
              3            110              2
              3            111              6
              4            000              1
              4            001              1
              4            010              2
              4            011              5
              4            100              4
              4            101              0
              4            110              0
              4            111              3
              5            000              5
              5            001              6
              5            010              3
              5            011              4
              5            100              3
              5            101              1
              5            110              8
              5            111              7
              6            000              8
              6            001              6
              6            010              6
              6            011              0
              6            100              3
              6            101              6
              6            110              6
              6            111              2
              7            000              5
              7            001              6
              7            010              1
              7            011              1
              7            100              3
              7            101              3
              7            110              1
              7            111              3
              8            000              1
              8            001              8
              8            010              8
              8            011              8
              8            100              8
              8            101              5
              8            110              0
              8            111              7
