Eaten part = 0.305320
Start state = 2
Significant inputs: 1 2 6
Moves: 0 2 0 1 0 0 1 0 1
          state         inputs     next state
              0            000              0
              0            001              0
              0            010              3
              0            011              1
              0            100              1
              0            101              4
              0            110              3
              0            111              4
              1            000              0
              1            001              7
              1            010              4
              1            011              7
              1            100              7
              1            101              7
              1            110              5
              1            111              1
              2            000              2
              2            001              8
              2            010              3
              2            011              7
              2            100              2
              2            101              8
              2            110              1
              2            111              7
              3            000              5
              3            001              5
              3            010              2
              3            011              5
              3            100              7
              3            101              4
              3            110              1
              3            111              5
              4            000              5
              4            001              4
              4            010              5
              4            011              1
              4            100              5
              4            101              2
              4            110              1
              4            111              7
              5            000              0
              5            001              0
              5            010              3
              5            011              2
              5            100              1
              5            101              3
              5            110              8
              5            111              3
              6            000              3
              6            001              3
              6            010              2
              6            011              4
              6            100              3
              6            101              7
              6            110              5
              6            111              6
              7            000              7
              7            001              2
              7            010              3
              7            011              7
              7            100              2
              7            101              2
              7            110              3
              7            111              2
              8            000              2
              8            001              4
              8            010              1
              8            011              1
              8            100              8
              8            101              0
              8            110              3
              8            111              5
