Eaten part = 0.293453
Start state = 3
Significant inputs: 2 5 6
Moves: 2 0 0 0 0 1 0 0 0
          state         inputs     next state
              0            000              5
              0            001              5
              0            010              3
              0            011              2
              0            100              1
              0            101              3
              0            110              3
              0            111              3
              1            000              4
              1            001              3
              1            010              2
              1            011              6
              1            100              7
              1            101              2
              1            110              8
              1            111              6
              2            000              7
              2            001              0
              2            010              0
              2            011              5
              2            100              5
              2            101              8
              2            110              3
              2            111              0
              3            000              3
              3            001              5
              3            010              7
              3            011              6
              3            100              0
              3            101              1
              3            110              4
              3            111              5
              4            000              4
              4            001              3
              4            010              4
              4            011              3
              4            100              7
              4            101              0
              4            110              8
              4            111              8
              5            000              3
              5            001              7
              5            010              3
              5            011              7
              5            100              6
              5            101              8
              5            110              2
              5            111              1
              6            000              3
              6            001              7
              6            010              3
              6            011              5
              6            100              8
              6            101              5
              6            110              3
              6            111              5
              7            000              3
              7            001              2
              7            010              7
              7            011              0
              7            100              0
              7            101              0
              7            110              0
              7            111              4
              8            000              0
              8            001              1
              8            010              8
              8            011              7
              8            100              6
              8            101              8
              8            110              7
              8            111              2
