Eaten part = 0.290567
Start state = 8
Significant inputs: 2 6 7
Moves: 0 0 0 0 1 0 2 0 0
          state         inputs     next state
              0            000              8
              0            001              4
              0            010              6
              0            011              3
              0            100              8
              0            101              4
              0            110              8
              0            111              5
              1            000              0
              1            001              7
              1            010              8
              1            011              2
              1            100              3
              1            101              6
              1            110              6
              1            111              5
              2            000              8
              2            001              3
              2            010              6
              2            011              7
              2            100              5
              2            101              8
              2            110              3
              2            111              7
              3            000              0
              3            001              3
              3            010              0
              3            011              4
              3            100              1
              3            101              0
              3            110              0
              3            111              4
              4            000              1
              4            001              0
              4            010              2
              4            011              7
              4            100              1
              4            101              0
              4            110              0
              4            111              8
              5            000              4
              5            001              8
              5            010              2
              5            011              4
              5            100              4
              5            101              5
              5            110              6
              5            111              3
              6            000              7
              6            001              8
              6            010              0
              6            011              3
              6            100              1
              6            101              2
              6            110              3
              6            111              8
              7            000              8
              7            001              2
              7            010              0
              7            011              8
              7            100              8
              7            101              2
              7            110              6
              7            111              7
              8            000              8
              8            001              4
              8            010              6
              8            011              6
              8            100              8
              8            101              4
              8            110              8
              8            111              7
