Eaten part = 0.302679
Start state = 1
Significant inputs: 2 4 6
Moves: 1 2 0 0 0 0 0 0 0
          state         inputs     next state
              0            000              7
              0            001              4
              0            010              6
              0            011              2
              0            100              4
              0            101              1
              0            110              1
              0            111              7
              1            000              6
              1            001              2
              1            010              5
              1            011              2
              1            100              2
              1            101              2
              1            110              5
              1            111              4
              2            000              4
              2            001              0
              2            010              2
              2            011              4
              2            100              1
              2            101              4
              2            110              4
              2            111              5
              3            000              4
              3            001              4
              3            010              8
              3            011              4
              3            100              1
              3            101              6
              3            110              0
              3            111              5
              4            000              2
              4            001              0
              4            010              4
              4            011              3
              4            100              1
              4            101              1
              4            110              2
              4            111              5
              5            000              8
              5            001              0
              5            010              8
              5            011              0
              5            100              7
              5            101              4
              5            110              4
              5            111              8
              6            000              4
              6            001              6
              6            010              7
              6            011              4
              6            100              6
              6            101              1
              6            110              6
              6            111              3
              7            000              4
              7            001              6
              7            010              7
              7            011              1
              7            100              1
              7            101              5
              7            110              5
              7            111              0
              8            000              5
              8            001              0
              8            010              4
              8            011              0
              8            100              3
              8            101              6
              8            110              7
              8            111              0
