Eaten part = 0.274008
Start state = 4
Significant inputs: 2 3 4
Moves: 2 0 1 0 0 0 0 0 0
          state         inputs     next state
              0            000              1
              0            001              6
              0            010              1
              0            011              1
              0            100              6
              0            101              2
              0            110              8
              0            111              0
              1            000              4
              1            001              2
              1            010              6
              1            011              8
              1            100              6
              1            101              7
              1            110              1
              1            111              1
              2            000              7
              2            001              8
              2            010              3
              2            011              3
              2            100              6
              2            101              4
              2            110              5
              2            111              4
              3            000              6
              3            001              0
              3            010              7
              3            011              2
              3            100              4
              3            101              5
              3            110              1
              3            111              7
              4            000              4
              4            001              2
              4            010              0
              4            011              2
              4            100              3
              4            101              1
              4            110              3
              4            111              7
              5            000              0
              5            001              4
              5            010              5
              5            011              8
              5            100              3
              5            101              2
              5            110              8
              5            111              7
              6            000              4
              6            001              2
              6            010              7
              6            011              5
              6            100              4
              6            101              7
              6            110              7
              6            111              8
              7            000              7
              7            001              2
              7            010              4
              7            011              6
              7            100              4
              7            101              6
              7            110              4
              7            111              4
              8            000              4
              8            001              7
              8            010              0
              8            011              2
              8            100              6
              8            101              8
              8            110              8
              8            111              8
