Eaten part = 0.241275
Start state = 8
Significant inputs: 2 3 5
Moves: 1 0 2 0 1 0 0 0 0
          state         inputs     next state
              0            000              6
              0            001              3
              0            010              7
              0            011              5
              0            100              8
              0            101              5
              0            110              6
              0            111              6
              1            000              8
              1            001              7
              1            010              8
              1            011              0
              1            100              2
              1            101              5
              1            110              7
              1            111              0
              2            000              7
              2            001              3
              2            010              8
              2            011              8
              2            100              5
              2            101              1
              2            110              4
              2            111              8
              3            000              8
              3            001              4
              3            010              5
              3            011              4
              3            100              1
              3            101              3
              3            110              7
              3            111              1
              4            000              1
              4            001              7
              4            010              3
              4            011              5
              4            100              8
              4            101              5
              4            110              8
              4            111              1
              5            000              6
              5            001              0
              5            010              2
              5            011              8
              5            100              7
              5            101              0
              5            110              8
              5            111              7
              6            000              8
              6            001              4
              6            010              8
              6            011              6
              6            100              8
              6            101              4
              6            110              5
              6            111              5
              7            000              8
              7            001              0
              7            010              3
              7            011              6
              7            100              7
              7            101              4
              7            110              5
              7            111              0
              8            000              8
              8            001              0
              8            010              3
              8            011              0
              8            100              5
              8            101              5
              8            110              2
              8            111              4
