Eaten part = 0.235456
Start state = 1
Significant inputs: 0 1 2
Moves: 0 0 0 0 0 1 0 2 0
          state         inputs     next state
              0            000              6
              0            001              1
              0            010              4
              0            011              3
              0            100              5
              0            101              2
              0            110              4
              0            111              0
              1            000              4
              1            001              5
              1            010              5
              1            011              7
              1            100              6
              1            101              4
              1            110              2
              1            111              3
              2            000              0
              2            001              0
              2            010              6
              2            011              2
              2            100              5
              2            101              5
              2            110              6
              2            111              6
              3            000              4
              3            001              5
              3            010              6
              3            011              2
              3            100              1
              3            101              2
              3            110              3
              3            111              5
              4            000              8
              4            001              5
              4            010              0
              4            011              5
              4            100              6
              4            101              0
              4            110              1
              4            111              6
              5            000              6
              5            001              6
              5            010              8
              5            011              0
              5            100              0
              5            101              8
              5            110              3
              5            111              4
              6            000              6
              6            001              7
              6            010              2
              6            011              5
              6            100              5
              6            101              2
              6            110              4
              6            111              5
              7            000              0
              7            001              2
              7            010              6
              7            011              2
              7            100              8
              7            101              6
              7            110              8
              7            111              4
              8            000              8
              8            001              2
              8            010              2
              8            011              6
              8            100              5
              8            101              3
              8            110              2
              8            111              7
