Eaten part = 0.304592
Start state = 6
Significant inputs: 2 5 6
Moves: 0 2 1 0 0 2 2 1 0
          state         inputs     next state
              0            000              0
              0            001              7
              0            010              6
              0            011              7
              0            100              5
              0            101              7
              0            110              3
              0            111              6
              1            000              3
              1            001              3
              1            010              0
              1            011              7
              1            100              7
              1            101              8
              1            110              3
              1            111              1
              2            000              2
              2            001              3
              2            010              1
              2            011              1
              2            100              0
              2            101              0
              2            110              6
              2            111              8
              3            000              0
              3            001              8
              3            010              4
              3            011              4
              3            100              6
              3            101              6
              3            110              0
              3            111              8
              4            000              8
              4            001              3
              4            010              3
              4            011              8
              4            100              6
              4            101              7
              4            110              5
              4            111              0
              5            000              7
              5            001              5
              5            010              3
              5            011              3
              5            100              1
              5            101              1
              5            110              0
              5            111              0
              6            000              1
              6            001              0
              6            010              0
              6            011              0
              6            100              1
              6            101              7
              6            110              3
              6            111              2
              7            000              3
              7            001              0
              7            010              8
              7            011              3
              7            100              0
              7            101              0
              7            110              8
              7            111              4
              8            000              0
              8            001              8
              8            010              6
              8            011              7
              8            100              4
              8            101              5
              8            110              6
              8            111              7
