Eaten part = 0.254298
Start state = 0
Significant inputs: 0 2 4
Moves: 0 0 0 0 1 0 1 2 0
          state         inputs     next state
              0            000              2
              0            001              0
              0            010              6
              0            011              2
              0            100              0
              0            101              5
              0            110              3
              0            111              0
              1            000              1
              1            001              1
              1            010              6
              1            011              0
              1            100              1
              1            101              1
              1            110              1
              1            111              5
              2            000              7
              2            001              1
              2            010              1
              2            011              7
              2            100              1
              2            101              7
              2            110              5
              2            111              4
              3            000              5
              3            001              4
              3            010              8
              3            011              0
              3            100              5
              3            101              7
              3            110              0
              3            111              7
              4            000              3
              4            001              2
              4            010              2
              4            011              5
              4            100              0
              4            101              1
              4            110              3
              4            111              5
              5            000              1
              5            001              5
              5            010              1
              5            011              4
              5            100              8
              5            101              3
              5            110              3
              5            111              4
              6            000              2
              6            001              5
              6            010              2
              6            011              8
              6            100              0
              6            101              5
              6            110              2
              6            111              5
              7            000              1
              7            001              7
              7            010              3
              7            011              5
              7            100              1
              7            101              1
              7            110              6
              7            111              6
              8            000              8
              8            001              2
              8            010              5
              8            011              6
              8            100              0
              8            101              5
              8            110              2
              8            111              1
