Eaten part = 0.209991
Start state = 0
Significant inputs: 4 5 7
Moves: 2 0 2 1 2 0 0 0 0
          state         inputs     next state
              0            000              2
              0            001              6
              0            010              2
              0            011              8
              0            100              1
              0            101              6
              0            110              2
              0            111              6
              1            000              3
              1            001              5
              1            010              8
              1            011              8
              1            100              2
              1            101              1
              1            110              6
              1            111              2
              2            000              1
              2            001              3
              2            010              5
              2            011              8
              2            100              5
              2            101              6
              2            110              6
              2            111              2
              3            000              6
              3            001              2
              3            010              1
              3            011              0
              3            100              6
              3            101              2
              3            110              6
              3            111              4
              4            000              6
              4            001              6
              4            010              0
              4            011              8
              4            100              7
              4            101              8
              4            110              6
              4            111              8
              5            000              7
              5            001              5
              5            010              3
              5            011              8
              5            100              7
              5            101              7
              5            110              4
              5            111              5
              6            000              2
              6            001              5
              6            010              3
              6            011              8
              6            100              6
              6            101              1
              6            110              6
              6            111              4
              7            000              1
              7            001              1
              7            010              6
              7            011              1
              7            100              6
              7            101              8
              7            110              4
              7            111              2
              8            000              3
              8            001              7
              8            010              4
              8            011              0
              8            100              2
              8            101              1
              8            110              3
              8            111              2
