Eaten part = 0.244427
Start state = 5
Significant inputs: 1 4 6
Moves: 0 0 2 0 2 0 0 0 2
          state         inputs     next state
              0            000              3
              0            001              5
              0            010              5
              0            011              5
              0            100              8
              0            101              8
              0            110              5
              0            111              8
              1            000              1
              1            001              1
              1            010              5
              1            011              3
              1            100              2
              1            101              4
              1            110              3
              1            111              4
              2            000              3
              2            001              5
              2            010              5
              2            011              1
              2            100              3
              2            101              3
              2            110              1
              2            111              1
              3            000              1
              3            001              0
              3            010              0
              3            011              0
              3            100              5
              3            101              5
              3            110              0
              3            111              1
              4            000              6
              4            001              7
              4            010              8
              4            011              7
              4            100              6
              4            101              0
              4            110              1
              4            111              7
              5            000              1
              5            001              5
              5            010              3
              5            011              0
              5            100              2
              5            101              7
              5            110              0
              5            111              3
              6            000              3
              6            001              0
              6            010              6
              6            011              6
              6            100              1
              6            101              0
              6            110              8
              6            111              4
              7            000              0
              7            001              2
              7            010              6
              7            011              7
              7            100              0
              7            101              2
              7            110              1
              7            111              2
              8            000              1
              8            001              2
              8            010              7
              8            011              0
              8            100              6
              8            101              0
              8            110              8
              8            111              3
