Eaten part = 0.286176
Start state = 0
Significant inputs: 2 3 6
Moves: 2 2 1 0 0 0 0 0 0
          state         inputs     next state
              0            000              7
              0            001              5
              0            010              5
              0            011              5
              0            100              6
              0            101              4
              0            110              5
              0            111              4
              1            000              4
              1            001              6
              1            010              7
              1            011              7
              1            100              2
              1            101              8
              1            110              4
              1            111              6
              2            000              7
              2            001              5
              2            010              7
              2            011              3
              2            100              5
              2            101              8
              2            110              1
              2            111              2
              3            000              0
              3            001              0
              3            010              6
              3            011              2
              3            100              7
              3            101              2
              3            110              1
              3            111              6
              4            000              5
              4            001              7
              4            010              7
              4            011              5
              4            100              3
              4            101              4
              4            110              6
              4            111              0
              5            000              6
              5            001              2
              5            010              7
              5            011              6
              5            100              5
              5            101              6
              5            110              1
              5            111              7
              6            000              7
              6            001              2
              6            010              5
              6            011              2
              6            100              0
              6            101              4
              6            110              7
              6            111              1
              7            000              6
              7            001              2
              7            010              7
              7            011              6
              7            100              0
              7            101              1
              7            110              0
              7            111              2
              8            000              4
              8            001              8
              8            010              6
              8            011              7
              8            100              3
              8            101              3
              8            110              5
              8            111              6
