Eaten part = 0.228102
Start state = 1
Significant inputs: 2 3 5
Moves: 0 0 1 0 1 0 0 0 0
          state         inputs     next state
              0            000              8
              0            001              2
              0            010              7
              0            011              2
              0            100              0
              0            101              2
              0            110              0
              0            111              7
              1            000              0
              1            001              1
              1            010              8
              1            011              4
              1            100              3
              1            101              5
              1            110              5
              1            111              8
              2            000              3
              2            001              8
              2            010              6
              2            011              7
              2            100              1
              2            101              5
              2            110              3
              2            111              0
              3            000              3
              3            001              2
              3            010              6
              3            011              1
              3            100              2
              3            101              4
              3            110              7
              3            111              8
              4            000              3
              4            001              8
              4            010              3
              4            011              2
              4            100              0
              4            101              3
              4            110              6
              4            111              4
              5            000              0
              5            001              6
              5            010              0
              5            011              6
              5            100              3
              5            101              1
              5            110              0
              5            111              7
              6            000              1
              6            001              4
              6            010              0
              6            011              8
              6            100              6
              6            101              1
              6            110              8
              6            111              5
              7            000              1
              7            001              6
              7            010              0
              7            011              5
              7            100              7
              7            101              7
              7            110              5
              7            111              1
              8            000              6
              8            001              4
              8            010              7
              8            011              4
              8            100              3
              8            101              4
              8            110              0
              8            111              0
