Eaten part = 0.237830
Start state = 6
Significant inputs: 1 2 5
Moves: 0 1 1 2 0 0 0 1 0
          state         inputs     next state
              0            000              4
              0            001              6
              0            010              1
              0            011              2
              0            100              6
              0            101              5
              0            110              4
              0            111              7
              1            000              2
              1            001              4
              1            010              5
              1            011              8
              1            100              8
              1            101              4
              1            110              7
              1            111              1
              2            000              4
              2            001              5
              2            010              4
              2            011              6
              2            100              0
              2            101              8
              2            110              6
              2            111              6
              3            000              5
              3            001              1
              3            010              0
              3            011              7
              3            100              2
              3            101              4
              3            110              3
              3            111              6
              4            000              5
              4            001              3
              4            010              7
              4            011              1
              4            100              8
              4            101              8
              4            110              1
              4            111              3
              5            000              6
              5            001              1
              5            010              2
              5            011              2
              5            100              0
              5            101              2
              5            110              0
              5            111              3
              6            000              6
              6            001              6
              6            010              2
              6            011              0
              6            100              6
              6            101              7
              6            110              7
              6            111              7
              7            000              5
              7            001              5
              7            010              6
              7            011              4
              7            100              5
              7            101              1
              7            110              1
              7            111              6
              8            000              4
              8            001              5
              8            010              7
              8            011              5
              8            100              5
              8            101              7
              8            110              8
              8            111              0
