Eaten part = 0.249158
Start state = 6
Significant inputs: 1 4 6
Moves: 0 0 0 1 2 0 2 0 0
          state         inputs     next state
              0            000              0
              0            001              0
              0            010              0
              0            011              7
              0            100              6
              0            101              6
              0            110              7
              0            111              1
              1            000              7
              1            001              3
              1            010              0
              1            011              8
              1            100              8
              1            101              4
              1            110              7
              1            111              1
              2            000              0
              2            001              2
              2            010              7
              2            011              4
              2            100              3
              2            101              4
              2            110              8
              2            111              3
              3            000              0
              3            001              8
              3            010              4
              3            011              4
              3            100              6
              3            101              5
              3            110              8
              3            111              4
              4            000              0
              4            001              6
              4            010              2
              4            011              3
              4            100              7
              4            101              8
              4            110              7
              4            111              0
              5            000              7
              5            001              2
              5            010              2
              5            011              7
              5            100              8
              5            101              8
              5            110              5
              5            111              0
              6            000              7
              6            001              5
              6            010              0
              6            011              2
              6            100              7
              6            101              2
              6            110              4
              6            111              6
              7            000              2
              7            001              1
              7            010              0
              7            011              0
              7            100              7
              7            101              4
              7            110              0
              7            111              4
              8            000              7
              8            001              2
              8            010              1
              8            011              5
              8            100              8
              8            101              4
              8            110              2
              8            111              2
