Eaten part = 0.175629
Start state = 6
Significant inputs: 0 3 7
Moves: 1 0 0 2 0 0 0 0 2
          state         inputs     next state
              0            000              5
              0            001              5
              0            010              6
              0            011              3
              0            100              1
              0            101              4
              0            110              4
              0            111              1
              1            000              8
              1            001              5
              1            010              5
              1            011              7
              1            100              4
              1            101              4
              1            110              7
              1            111              6
              2            000              0
              2            001              6
              2            010              4
              2            011              5
              2            100              8
              2            101              0
              2            110              4
              2            111              0
              3            000              1
              3            001              1
              3            010              8
              3            011              1
              3            100              8
              3            101              3
              3            110              0
              3            111              1
              4            000              4
              4            001              1
              4            010              5
              4            011              7
              4            100              1
              4            101              0
              4            110              5
              4            111              2
              5            000              6
              5            001              5
              5            010              1
              5            011              8
              5            100              2
              5            101              6
              5            110              6
              5            111              8
              6            000              5
              6            001              2
              6            010              4
              6            011              1
              6            100              2
              6            101              7
              6            110              5
              6            111              0
              7            000              0
              7            001              6
              7            010              2
              7            011              3
              7            100              8
              7            101              0
              7            110              5
              7            111              8
              8            000              6
              8            001              6
              8            010              7
              8            011              0
              8            100              6
              8            101              4
              8            110              5
              8            111              7
