Eaten part = 0.248227
Start state = 6
Significant inputs: 0 2 4
Moves: 0 0 0 1 0 1 0 1 0
          state         inputs     next state
              0            000              2
              0            001              6
              0            010              7
              0            011              5
              0            100              1
              0            101              6
              0            110              4
              0            111              7
              1            000              2
              1            001              3
              1            010              2
              1            011              5
              1            100              4
              1            101              8
              1            110              7
              1            111              3
              2            000              4
              2            001              8
              2            010              7
              2            011              3
              2            100              1
              2            101              6
              2            110              2
              2            111              4
              3            000              1
              3            001              6
              3            010              6
              3            011              5
              3            100              1
              3            101              8
              3            110              6
              3            111              8
              4            000              6
              4            001              2
              4            010              2
              4            011              5
              4            100              2
              4            101              8
              4            110              0
              4            111              3
              5            000              0
              5            001              8
              5            010              1
              5            011              1
              5            100              6
              5            101              6
              5            110              6
              5            111              0
              6            000              6
              6            001              4
              6            010              5
              6            011              3
              6            100              1
              6            101              6
              6            110              1
              6            111              2
              7            000              6
              7            001              1
              7            010              2
              7            011              8
              7            100              4
              7            101              2
              7            110              2
              7            111              7
              8            000              5
              8            001              3
              8            010              6
              8            011              6
              8            100              6
              8            101              2
              8            110              2
              8            111              3
