Eaten part = 0.233583
Start state = 1
Significant inputs: 1 3 6
Moves: 0 2 0 1 0 0 2 1 0
          state         inputs     next state
              0            000              4
              0            001              3
              0            010              5
              0            011              4
              0            100              1
              0            101              6
              0            110              1
              0            111              5
              1            000              0
              1            001              5
              1            010              4
              1            011              0
              1            100              5
              1            101              0
              1            110              5
              1            111              4
              2            000              4
              2            001              8
              2            010              5
              2            011              6
              2            100              4
              2            101              6
              2            110              4
              2            111              1
              3            000              7
              3            001              8
              3            010              7
              3            011              1
              3            100              5
              3            101              5
              3            110              8
              3            111              3
              4            000              0
              4            001              8
              4            010              5
              4            011              3
              4            100              0
              4            101              2
              4            110              3
              4            111              6
              5            000              5
              5            001              3
              5            010              5
              5            011              0
              5            100              1
              5            101              5
              5            110              6
              5            111              1
              6            000              5
              6            001              5
              6            010              5
              6            011              5
              6            100              0
              6            101              2
              6            110              5
              6            111              8
              7            000              5
              7            001              2
              7            010              5
              7            011              0
              7            100              6
              7            101              6
              7            110              6
              7            111              4
              8            000              3
              8            001              0
              8            010              8
              8            011              0
              8            100              0
              8            101              7
              8            110              6
              8            111              6
