Eaten part = 0.212597
Start state = 6
Significant inputs: 1 6 7
Moves: 0 0 2 1 0 0 0 2 0
          state         inputs     next state
              0            000              8
              0            001              7
              0            010              4
              0            011              2
              0            100              2
              0            101              2
              0            110              2
              0            111              8
              1            000              8
              1            001              5
              1            010              8
              1            011              5
              1            100              3
              1            101              8
              1            110              6
              1            111              4
              2            000              0
              2            001              8
              2            010              1
              2            011              0
              2            100              4
              2            101              8
              2            110              6
              2            111              8
              3            000              0
              3            001              1
              3            010              8
              3            011              4
              3            100              5
              3            101              4
              3            110              0
              3            111              4
              4            000              5
              4            001              1
              4            010              2
              4            011              4
              4            100              6
              4            101              4
              4            110              3
              4            111              7
              5            000              1
              5            001              3
              5            010              6
              5            011              2
              5            100              3
              5            101              0
              5            110              6
              5            111              8
              6            000              4
              6            001              4
              6            010              4
              6            011              6
              6            100              1
              6            101              8
              6            110              2
              6            111              2
              7            000              3
              7            001              7
              7            010              2
              7            011              2
              7            100              1
              7            101              0
              7            110              6
              7            111              3
              8            000              4
              8            001              8
              8            010              2
              8            011              6
              8            100              6
              8            101              0
              8            110              4
              8            111              1
