Eaten part = 0.308292
Start state = 3
Significant inputs: 2 4 6
Moves: 2 0 0 0 1 0 2 0 0
          state         inputs     next state
              0            000              2
              0            001              1
              0            010              1
              0            011              6
              0            100              5
              0            101              6
              0            110              1
              0            111              0
              1            000              8
              1            001              4
              1            010              8
              1            011              7
              1            100              6
              1            101              3
              1            110              0
              1            111              2
              2            000              3
              2            001              5
              2            010              5
              2            011              7
              2            100              4
              2            101              3
              2            110              1
              2            111              2
              3            000              7
              3            001              4
              3            010              1
              3            011              3
              3            100              6
              3            101              2
              3            110              7
              3            111              6
              4            000              5
              4            001              3
              4            010              1
              4            011              8
              4            100              7
              4            101              5
              4            110              8
              4            111              3
              5            000              1
              5            001              8
              5            010              1
              5            011              0
              5            100              2
              5            101              6
              5            110              5
              5            111              7
              6            000              5
              6            001              5
              6            010              5
              6            011              2
              6            100              7
              6            101              1
              6            110              1
              6            111              3
              7            000              3
              7            001              4
              7            010              7
              7            011              4
              7            100              3
              7            101              6
              7            110              3
              7            111              0
              8            000              8
              8            001              4
              8            010              1
              8            011              3
              8            100              6
              8            101              6
              8            110              8
              8            111              3
