Eaten part = 0.297489
Start state = 7
Significant inputs: 1 2 6
Moves: 1 2 0 0 1 0 2 0 2
          state         inputs     next state
              0            000              4
              0            001              2
              0            010              1
              0            011              7
              0            100              5
              0            101              6
              0            110              2
              0            111              3
              1            000              7
              1            001              7
              1            010              2
              1            011              6
              1            100              7
              1            101              2
              1            110              3
              1            111              1
              2            000              7
              2            001              5
              2            010              4
              2            011              4
              2            100              8
              2            101              5
              2            110              4
              2            111              7
              3            000              2
              3            001              2
              3            010              3
              3            011              3
              3            100              1
              3            101              2
              3            110              4
              3            111              6
              4            000              2
              4            001              5
              4            010              0
              4            011              3
              4            100              7
              4            101              8
              4            110              2
              4            111              3
              5            000              2
              5            001              3
              5            010              4
              5            011              0
              5            100              7
              5            101              8
              5            110              2
              5            111              1
              6            000              7
              6            001              7
              6            010              4
              6            011              3
              6            100              5
              6            101              2
              6            110              5
              6            111              7
              7            000              7
              7            001              5
              7            010              0
              7            011              5
              7            100              6
              7            101              6
              7            110              6
              7            111              4
              8            000              3
              8            001              0
              8            010              3
              8            011              8
              8            100              6
              8            101              7
              8            110              0
              8            111              2
