Eaten part = 0.246395
Start state = 5
Significant inputs: 3 6 7
Moves: 1 0 1 0 0 0 0 1 2
          state         inputs     next state
              0            000              1
              0            001              8
              0            010              8
              0            011              5
              0            100              8
              0            101              8
              0            110              6
              0            111              1
              1            000              5
              1            001              5
              1            010              8
              1            011              6
              1            100              3
              1            101              1
              1            110              5
              1            111              8
              2            000              6
              2            001              4
              2            010              3
              2            011              8
              2            100              1
              2            101              8
              2            110              0
              2            111              1
              3            000              5
              3            001              1
              3            010              5
              3            011              8
              3            100              6
              3            101              1
              3            110              2
              3            111              0
              4            000              1
              4            001              2
              4            010              5
              4            011              4
              4            100              0
              4            101              5
              4            110              7
              4            111              8
              5            000              1
              5            001              1
              5            010              8
              5            011              2
              5            100              5
              5            101              1
              5            110              8
              5            111              8
              6            000              6
              6            001              1
              6            010              8
              6            011              8
              6            100              0
              6            101              6
              6            110              1
              6            111              8
              7            000              3
              7            001              5
              7            010              5
              7            011              1
              7            100              1
              7            101              1
              7            110              2
              7            111              5
              8            000              5
              8            001              5
              8            010              4
              8            011              7
              8            100              1
              8            101              3
              8            110              6
              8            111              5
