Eaten part = 0.248861
Start state = 4
Significant inputs: 4 5 6
Moves: 0 0 0 2 0 0 2 0 2
          state         inputs     next state
              0            000              1
              0            001              4
              0            010              0
              0            011              7
              0            100              3
              0            101              0
              0            110              6
              0            111              5
              1            000              4
              1            001              5
              1            010              5
              1            011              4
              1            100              3
              1            101              0
              1            110              7
              1            111              4
              2            000              0
              2            001              0
              2            010              2
              2            011              4
              2            100              6
              2            101              6
              2            110              2
              2            111              4
              3            000              6
              3            001              2
              3            010              4
              3            011              7
              3            100              0
              3            101              7
              3            110              1
              3            111              0
              4            000              5
              4            001              1
              4            010              0
              4            011              2
              4            100              8
              4            101              7
              4            110              8
              4            111              7
              5            000              0
              5            001              4
              5            010              8
              5            011              5
              5            100              8
              5            101              0
              5            110              8
              5            111              0
              6            000              7
              6            001              5
              6            010              0
              6            011              1
              6            100              0
              6            101              8
              6            110              7
              6            111              8
              7            000              2
              7            001              3
              7            010              4
              7            011              2
              7            100              2
              7            101              4
              7            110              5
              7            111              2
              8            000              4
              8            001              6
              8            010              4
              8            011              2
              8            100              8
              8            101              1
              8            110              0
              8            111              1
