Eaten part = 0.302518
Start state = 7
Significant inputs: 1 2 6
Moves: 0 2 1 0 0 0 2 0 0
          state         inputs     next state
              0            000              7
              0            001              8
              0            010              2
              0            011              4
              0            100              6
              0            101              6
              0            110              0
              0            111              1
              1            000              1
              1            001              1
              1            010              3
              1            011              6
              1            100              6
              1            101              2
              1            110              2
              1            111              4
              2            000              2
              2            001              8
              2            010              6
              2            011              7
              2            100              3
              2            101              3
              2            110              6
              2            111              4
              3            000              7
              3            001              7
              3            010              2
              3            011              2
              3            100              4
              3            101              4
              3            110              2
              3            111              1
              4            000              5
              4            001              8
              4            010              3
              4            011              4
              4            100              8
              4            101              0
              4            110              4
              4            111              8
              5            000              7
              5            001              7
              5            010              8
              5            011              2
              5            100              7
              5            101              5
              5            110              7
              5            111              2
              6            000              8
              6            001              4
              6            010              8
              6            011              3
              6            100              0
              6            101              7
              6            110              3
              6            111              0
              7            000              0
              7            001              8
              7            010              2
              7            011              6
              7            100              6
              7            101              6
              7            110              4
              7            111              5
              8            000              7
              8            001              4
              8            010              2
              8            011              8
              8            100              6
              8            101              3
              8            110              8
              8            111              7
