Eaten part = 0.291143
Start state = 2
Significant inputs: 2 4 6
Moves: 1 0 0 0 2 0 2 0 0
          state         inputs     next state
              0            000              1
              0            001              3
              0            010              2
              0            011              2
              0            100              5
              0            101              1
              0            110              5
              0            111              7
              1            000              2
              1            001              1
              1            010              5
              1            011              4
              1            100              7
              1            101              6
              1            110              6
              1            111              1
              2            000              2
              2            001              0
              2            010              2
              2            011              0
              2            100              6
              2            101              2
              2            110              7
              2            111              5
              3            000              1
              3            001              5
              3            010              3
              3            011              6
              3            100              7
              3            101              6
              3            110              7
              3            111              2
              4            000              3
              4            001              6
              4            010              1
              4            011              4
              4            100              6
              4            101              1
              4            110              5
              4            111              5
              5            000              7
              5            001              6
              5            010              5
              5            011              7
              5            100              7
              5            101              3
              5            110              3
              5            111              2
              6            000              7
              6            001              1
              6            010              1
              6            011              1
              6            100              2
              6            101              1
              6            110              2
              6            111              6
              7            000              2
              7            001              2
              7            010              2
              7            011              8
              7            100              5
              7            101              0
              7            110              7
              7            111              7
              8            000              4
              8            001              5
              8            010              5
              8            011              3
              8            100              1
              8            101              0
              8            110              3
              8            111              0
