Eaten part = 0.225057
Start state = 4
Significant inputs: 2 6 7
Moves: 0 2 0 0 0 0 2 0 0
          state         inputs     next state
              0            000              5
              0            001              6
              0            010              1
              0            011              8
              0            100              5
              0            101              4
              0            110              0
              0            111              7
              1            000              0
              1            001              8
              1            010              4
              1            011              7
              1            100              0
              1            101              7
              1            110              5
              1            111              7
              2            000              0
              2            001              2
              2            010              2
              2            011              3
              2            100              3
              2            101              6
              2            110              1
              2            111              8
              3            000              2
              3            001              8
              3            010              7
              3            011              0
              3            100              6
              3            101              6
              3            110              4
              3            111              7
              4            000              1
              4            001              5
              4            010              0
              4            011              4
              4            100              7
              4            101              3
              4            110              1
              4            111              1
              5            000              5
              5            001              5
              5            010              1
              5            011              5
              5            100              5
              5            101              6
              5            110              2
              5            111              2
              6            000              8
              6            001              3
              6            010              5
              6            011              5
              6            100              7
              6            101              7
              6            110              0
              6            111              7
              7            000              8
              7            001              8
              7            010              6
              7            011              4
              7            100              2
              7            101              4
              7            110              4
              7            111              5
              8            000              4
              8            001              8
              8            010              4
              8            011              5
              8            100              2
              8            101              5
              8            110              4
              8            111              8
