Eaten part = 0.315999
Start state = 0
Significant inputs: 2 4 6
Moves: 0 0 0 0 0 1 2 0 2
          state         inputs     next state
              0            000              3
              0            001              3
              0            010              0
              0            011              1
              0            100              3
              0            101              0
              0            110              3
              0            111              5
              1            000              4
              1            001              1
              1            010              7
              1            011              7
              1            100              8
              1            101              8
              1            110              6
              1            111              7
              2            000              4
              2            001              8
              2            010              1
              2            011              4
              2            100              3
              2            101              7
              2            110              3
              2            111              7
              3            000              4
              3            001              1
              3            010              7
              3            011              0
              3            100              8
              3            101              0
              3            110              3
              3            111              8
              4            000              4
              4            001              5
              4            010              4
              4            011              4
              4            100              6
              4            101              6
              4            110              2
              4            111              6
              5            000              1
              5            001              4
              5            010              3
              5            011              4
              5            100              4
              5            101              4
              5            110              1
              5            111              0
              6            000              3
              6            001              1
              6            010              4
              6            011              4
              6            100              7
              6            101              4
              6            110              4
              6            111              1
              7            000              4
              7            001              5
              7            010              7
              7            011              1
              7            100              3
              7            101              3
              7            110              1
              7            111              5
              8            000              1
              8            001              8
              8            010              5
              8            011              3
              8            100              2
              8            101              8
              8            110              8
              8            111              0
