Eaten part = 0.307931
Start state = 5
Significant inputs: 2 5 6
Moves: 1 1 0 0 1 2 0 0 1
          state         inputs     next state
              0            000              0
              0            001              6
              0            010              4
              0            011              3
              0            100              8
              0            101              7
              0            110              4
              0            111              4
              1            000              7
              1            001              2
              1            010              4
              1            011              7
              1            100              7
              1            101              7
              1            110              2
              1            111              2
              2            000              3
              2            001              4
              2            010              6
              2            011              1
              2            100              5
              2            101              5
              2            110              0
              2            111              1
              3            000              3
              3            001              4
              3            010              2
              3            011              1
              3            100              5
              3            101              4
              3            110              3
              3            111              6
              4            000              3
              4            001              3
              4            010              2
              4            011              3
              4            100              7
              4            101              3
              4            110              3
              4            111              7
              5            000              7
              5            001              5
              5            010              2
              5            011              3
              5            100              6
              5            101              4
              5            110              2
              5            111              2
              6            000              2
              6            001              6
              6            010              2
              6            011              5
              6            100              7
              6            101              5
              6            110              1
              6            111              6
              7            000              6
              7            001              4
              7            010              5
              7            011              5
              7            100              5
              7            101              8
              7            110              3
              7            111              7
              8            000              2
              8            001              7
              8            010              7
              8            011              0
              8            100              1
              8            101              2
              8            110              5
              8            111              8
