Eaten part = 0.240184
Start state = 4
Significant inputs: 1 2 5
Moves: 2 1 1 0 0 0 2 0 0
          state         inputs     next state
              0            000              3
              0            001              4
              0            010              7
              0            011              4
              0            100              4
              0            101              3
              0            110              8
              0            111              7
              1            000              8
              1            001              4
              1            010              2
              1            011              0
              1            100              8
              1            101              5
              1            110              2
              1            111              6
              2            000              8
              2            001              3
              2            010              3
              2            011              3
              2            100              3
              2            101              4
              2            110              1
              2            111              3
              3            000              8
              3            001              0
              3            010              5
              3            011              2
              3            100              6
              3            101              5
              3            110              1
              3            111              1
              4            000              8
              4            001              4
              4            010              4
              4            011              7
              4            100              3
              4            101              1
              4            110              0
              4            111              4
              5            000              5
              5            001              3
              5            010              3
              5            011              4
              5            100              6
              5            101              4
              5            110              5
              5            111              4
              6            000              3
              6            001              2
              6            010              8
              6            011              8
              6            100              0
              6            101              3
              6            110              1
              6            111              2
              7            000              3
              7            001              8
              7            010              0
              7            011              2
              7            100              6
              7            101              3
              7            110              2
              7            111              6
              8            000              8
              8            001              1
              8            010              2
              8            011              5
              8            100              8
              8            101              6
              8            110              1
              8            111              8
