Eaten part = 0.234945
Start state = 3
Significant inputs: 1 6 7
Moves: 0 1 0 2 0 0 0 2 2
          state         inputs     next state
              0            000              5
              0            001              2
              0            010              8
              0            011              3
              0            100              0
              0            101              2
              0            110              8
              0            111              7
              1            000              4
              1            001              0
              1            010              4
              1            011              1
              1            100              6
              1            101              0
              1            110              7
              1            111              8
              2            000              0
              2            001              5
              2            010              8
              2            011              3
              2            100              2
              2            101              4
              2            110              5
              2            111              8
              3            000              6
              3            001              6
              3            010              6
              3            011              5
              3            100              4
              3            101              5
              3            110              5
              3            111              5
              4            000              0
              4            001              1
              4            010              3
              4            011              0
              4            100              0
              4            101              1
              4            110              0
              4            111              7
              5            000              4
              5            001              5
              5            010              7
              5            011              8
              5            100              2
              5            101              0
              5            110              7
              5            111              4
              6            000              1
              6            001              2
              6            010              0
              6            011              0
              6            100              5
              6            101              7
              6            110              8
              6            111              0
              7            000              2
              7            001              7
              7            010              4
              7            011              6
              7            100              2
              7            101              0
              7            110              5
              7            111              6
              8            000              4
              8            001              5
              8            010              0
              8            011              4
              8            100              2
              8            101              2
              8            110              0
              8            111              8
