Eaten part = 0.271237
Start state = 8
Significant inputs: 4 5 6
Moves: 1 0 0 0 0 0 0 2 0
          state         inputs     next state
              0            000              3
              0            001              3
              0            010              1
              0            011              2
              0            100              1
              0            101              2
              0            110              3
              0            111              7
              1            000              1
              1            001              8
              1            010              0
              1            011              0
              1            100              7
              1            101              4
              1            110              1
              1            111              7
              2            000              4
              2            001              6
              2            010              5
              2            011              0
              2            100              7
              2            101              5
              2            110              8
              2            111              2
              3            000              3
              3            001              8
              3            010              2
              3            011              8
              3            100              7
              3            101              8
              3            110              0
              3            111              8
              4            000              3
              4            001              5
              4            010              4
              4            011              8
              4            100              4
              4            101              8
              4            110              3
              4            111              2
              5            000              8
              5            001              8
              5            010              3
              5            011              5
              5            100              7
              5            101              2
              5            110              7
              5            111              5
              6            000              2
              6            001              1
              6            010              4
              6            011              2
              6            100              4
              6            101              6
              6            110              7
              6            111              1
              7            000              8
              7            001              0
              7            010              1
              7            011              1
              7            100              1
              7            101              3
              7            110              8
              7            111              6
              8            000              0
              8            001              4
              8            010              2
              8            011              6
              8            100              7
              8            101              5
              8            110              5
              8            111              4
