Eaten part = 0.246470
Start state = 8
Significant inputs: 0 2 3
Moves: 0 0 0 0 1 2 1 0 0
          state         inputs     next state
              0            000              1
              0            001              2
              0            010              1
              0            011              8
              0            100              7
              0            101              5
              0            110              0
              0            111              3
              1            000              1
              1            001              7
              1            010              6
              1            011              8
              1            100              2
              1            101              3
              1            110              8
              1            111              7
              2            000              1
              2            001              3
              2            010              6
              2            011              5
              2            100              3
              2            101              8
              2            110              4
              2            111              4
              3            000              1
              3            001              3
              3            010              3
              3            011              7
              3            100              7
              3            101              6
              3            110              6
              3            111              6
              4            000              2
              4            001              4
              4            010              1
              4            011              4
              4            100              5
              4            101              3
              4            110              4
              4            111              8
              5            000              1
              5            001              3
              5            010              1
              5            011              6
              5            100              6
              5            101              1
              5            110              3
              5            111              0
              6            000              0
              6            001              1
              6            010              8
              6            011              3
              6            100              8
              6            101              1
              6            110              8
              6            111              8
              7            000              8
              7            001              7
              7            010              6
              7            011              6
              7            100              8
              7            101              0
              7            110              4
              7            111              3
              8            000              8
              8            001              7
              8            010              6
              8            011              6
              8            100              5
              8            101              2
              8            110              3
              8            111              5
