Eaten part = 0.238078
Start state = 6
Significant inputs: 1 4 6
Moves: 0 0 2 0 2 0 0 2 0
          state         inputs     next state
              0            000              8
              0            001              3
              0            010              0
              0            011              8
              0            100              4
              0            101              8
              0            110              5
              0            111              6
              1            000              1
              1            001              1
              1            010              8
              1            011              0
              1            100              2
              1            101              4
              1            110              4
              1            111              4
              2            000              5
              2            001              5
              2            010              1
              2            011              2
              2            100              1
              2            101              7
              2            110              8
              2            111              0
              3            000              5
              3            001              1
              3            010              3
              3            011              0
              3            100              2
              3            101              0
              3            110              8
              3            111              2
              4            000              0
              4            001              1
              4            010              1
              4            011              7
              4            100              8
              4            101              6
              4            110              7
              4            111              1
              5            000              0
              5            001              3
              5            010              8
              5            011              6
              5            100              1
              5            101              7
              5            110              0
              5            111              8
              6            000              6
              6            001              2
              6            010              5
              6            011              2
              6            100              7
              6            101              0
              6            110              7
              6            111              3
              7            000              1
              7            001              1
              7            010              6
              7            011              5
              7            100              3
              7            101              6
              7            110              0
              7            111              6
              8            000              8
              8            001              1
              8            010              1
              8            011              5
              8            100              4
              8            101              0
              8            110              0
              8            111              3
