Eaten part = 0.306189
Start state = 7
Significant inputs: 1 2 6
Moves: 2 0 1 1 0 1 0 0 0
          state         inputs     next state
              0            000              7
              0            001              3
              0            010              1
              0            011              5
              0            100              7
              0            101              1
              0            110              8
              0            111              8
              1            000              8
              1            001              4
              1            010              5
              1            011              0
              1            100              0
              1            101              3
              1            110              0
              1            111              8
              2            000              4
              2            001              1
              2            010              3
              2            011              7
              2            100              3
              2            101              7
              2            110              5
              2            111              8
              3            000              1
              3            001              5
              3            010              4
              3            011              7
              3            100              8
              3            101              8
              3            110              5
              3            111              4
              4            000              3
              4            001              6
              4            010              2
              4            011              3
              4            100              6
              4            101              7
              4            110              1
              4            111              3
              5            000              3
              5            001              1
              5            010              0
              5            011              7
              5            100              6
              5            101              1
              5            110              6
              5            111              8
              6            000              8
              6            001              4
              6            010              8
              6            011              5
              6            100              0
              6            101              4
              6            110              7
              6            111              1
              7            000              8
              7            001              7
              7            010              5
              7            011              4
              7            100              0
              7            101              8
              7            110              5
              7            111              5
              8            000              7
              8            001              6
              8            010              5
              8            011              8
              8            100              0
              8            101              0
              8            110              5
              8            111              1
