Eaten part = 0.255218
Start state = 7
Significant inputs: 2 3 4
Moves: 0 2 0 0 0 1 1 0 0
          state         inputs     next state
              0            000              0
              0            001              6
              0            010              4
              0            011              0
              0            100              8
              0            101              7
              0            110              4
              0            111              2
              1            000              7
              1            001              0
              1            010              5
              1            011              6
              1            100              5
              1            101              6
              1            110              7
              1            111              1
              2            000              0
              2            001              6
              2            010              2
              2            011              6
              2            100              2
              2            101              7
              2            110              4
              2            111              2
              3            000              0
              3            001              6
              3            010              7
              3            011              3
              3            100              3
              3            101              0
              3            110              8
              3            111              6
              4            000              4
              4            001              7
              4            010              1
              4            011              7
              4            100              4
              4            101              3
              4            110              4
              4            111              8
              5            000              0
              5            001              8
              5            010              6
              5            011              7
              5            100              3
              5            101              2
              5            110              2
              5            111              2
              6            000              0
              6            001              3
              6            010              8
              6            011              5
              6            100              0
              6            101              7
              6            110              2
              6            111              7
              7            000              3
              7            001              6
              7            010              7
              7            011              6
              7            100              8
              7            101              0
              7            110              3
              7            111              2
              8            000              3
              8            001              5
              8            010              2
              8            011              6
              8            100              4
              8            101              5
              8            110              8
              8            111              7
