Eaten part = 0.238574
Start state = 8
Significant inputs: 3 5 6
Moves: 0 0 2 2 0 0 1 1 0
          state         inputs     next state
              0            000              5
              0            001              0
              0            010              6
              0            011              8
              0            100              3
              0            101              4
              0            110              1
              0            111              7
              1            000              4
              1            001              5
              1            010              4
              1            011              5
              1            100              2
              1            101              2
              1            110              1
              1            111              8
              2            000              4
              2            001              8
              2            010              4
              2            011              5
              2            100              0
              2            101              3
              2            110              7
              2            111              7
              3            000              4
              3            001              0
              3            010              4
              3            011              7
              3            100              6
              3            101              1
              3            110              1
              3            111              6
              4            000              8
              4            001              0
              4            010              4
              4            011              4
              4            100              5
              4            101              6
              4            110              7
              4            111              3
              5            000              8
              5            001              4
              5            010              8
              5            011              7
              5            100              2
              5            101              5
              5            110              2
              5            111              7
              6            000              1
              6            001              1
              6            010              0
              6            011              3
              6            100              3
              6            101              1
              6            110              7
              6            111              2
              7            000              5
              7            001              4
              7            010              8
              7            011              8
              7            100              1
              7            101              4
              7            110              4
              7            111              0
              8            000              8
              8            001              1
              8            010              8
              8            011              6
              8            100              3
              8            101              3
              8            110              6
              8            111              7
