Eaten part = 0.254666
Start state = 4
Significant inputs: 0 1 2
Moves: 2 0 1 0 0 1 0 1 0
          state         inputs     next state
              0            000              8
              0            001              8
              0            010              4
              0            011              7
              0            100              4
              0            101              7
              0            110              1
              0            111              0
              1            000              2
              1            001              7
              1            010              6
              1            011              7
              1            100              0
              1            101              8
              1            110              1
              1            111              4
              2            000              5
              2            001              0
              2            010              3
              2            011              6
              2            100              3
              2            101              5
              2            110              0
              2            111              2
              3            000              0
              3            001              4
              3            010              0
              3            011              5
              3            100              5
              3            101              5
              3            110              7
              3            111              4
              4            000              8
              4            001              0
              4            010              8
              4            011              7
              4            100              4
              4            101              5
              4            110              6
              4            111              8
              5            000              7
              5            001              5
              5            010              6
              5            011              8
              5            100              0
              5            101              5
              5            110              8
              5            111              8
              6            000              8
              6            001              0
              6            010              3
              6            011              7
              6            100              6
              6            101              7
              6            110              5
              6            111              1
              7            000              8
              7            001              2
              7            010              3
              7            011              8
              7            100              1
              7            101              4
              7            110              3
              7            111              8
              8            000              8
              8            001              8
              8            010              6
              8            011              4
              8            100              7
              8            101              5
              8            110              3
              8            111              0
