Eaten part = 0.186423
Start state = 2
Significant inputs: 1 4 5
Moves: 0 0 0 1 0 0 0 0 0
          state         inputs     next state
              0            000              2
              0            001              5
              0            010              1
              0            011              5
              0            100              3
              0            101              0
              0            110              1
              0            111              8
              1            000              1
              1            001              2
              1            010              4
              1            011              0
              1            100              7
              1            101              6
              1            110              7
              1            111              6
              2            000              3
              2            001              4
              2            010              5
              2            011              7
              2            100              7
              2            101              2
              2            110              8
              2            111              0
              3            000              1
              3            001              8
              3            010              6
              3            011              4
              3            100              1
              3            101              1
              3            110              8
              3            111              1
              4            000              7
              4            001              3
              4            010              2
              4            011              4
              4            100              7
              4            101              6
              4            110              8
              4            111              6
              5            000              0
              5            001              7
              5            010              6
              5            011              4
              5            100              4
              5            101              4
              5            110              5
              5            111              0
              6            000              7
              6            001              7
              6            010              1
              6            011              1
              6            100              8
              6            101              8
              6            110              6
              6            111              8
              7            000              5
              7            001              6
              7            010              4
              7            011              0
              7            100              4
              7            101              8
              7            110              1
              7            111              4
              8            000              2
              8            001              2
              8            010              7
              8            011              4
              8            100              1
              8            101              8
              8            110              6
              8            111              7
