Eaten part = 0.270329
Start state = 0
Significant inputs: 3 4 6
Moves: 0 0 2 0 1 0 0 0 0
          state         inputs     next state
              0            000              0
              0            001              1
              0            010              1
              0            011              6
              0            100              2
              0            101              2
              0            110              8
              0            111              6
              1            000              7
              1            001              4
              1            010              0
              1            011              3
              1            100              2
              1            101              2
              1            110              6
              1            111              2
              2            000              6
              2            001              1
              2            010              5
              2            011              3
              2            100              8
              2            101              3
              2            110              8
              2            111              8
              3            000              5
              3            001              4
              3            010              1
              3            011              6
              3            100              8
              3            101              3
              3            110              1
              3            111              4
              4            000              7
              4            001              2
              4            010              8
              4            011              0
              4            100              1
              4            101              6
              4            110              0
              4            111              8
              5            000              4
              5            001              6
              5            010              3
              5            011              8
              5            100              6
              5            101              8
              5            110              0
              5            111              6
              6            000              4
              6            001              0
              6            010              7
              6            011              7
              6            100              0
              6            101              4
              6            110              0
              6            111              0
              7            000              7
              7            001              7
              7            010              0
              7            011              7
              7            100              2
              7            101              2
              7            110              3
              7            111              0
              8            000              1
              8            001              4
              8            010              0
              8            011              7
              8            100              1
              8            101              1
              8            110              0
              8            111              8
