Eaten part = 0.309102
Start state = 8
Significant inputs: 2 5 6
Moves: 0 1 0 0 0 0 1 2 1
          state         inputs     next state
              0            000              8
              0            001              2
              0            010              5
              0            011              2
              0            100              7
              0            101              8
              0            110              0
              0            111              7
              1            000              2
              1            001              4
              1            010              8
              1            011              6
              1            100              4
              1            101              3
              1            110              0
              1            111              7
              2            000              5
              2            001              4
              2            010              2
              2            011              0
              2            100              7
              2            101              7
              2            110              7
              2            111              4
              3            000              4
              3            001              6
              3            010              4
              3            011              1
              3            100              3
              3            101              2
              3            110              7
              3            111              3
              4            000              4
              4            001              8
              4            010              4
              4            011              3
              4            100              7
              4            101              4
              4            110              3
              4            111              7
              5            000              4
              5            001              4
              5            010              0
              5            011              0
              5            100              7
              5            101              7
              5            110              5
              5            111              6
              6            000              7
              6            001              4
              6            010              1
              6            011              4
              6            100              7
              6            101              5
              6            110              5
              6            111              1
              7            000              6
              7            001              0
              7            010              4
              7            011              3
              7            100              4
              7            101              7
              7            110              4
              7            111              4
              8            000              4
              8            001              4
              8            010              5
              8            011              4
              8            100              2
              8            101              0
              8            110              2
              8            111              1
