Eaten part = 0.209065
Start state = 3
Significant inputs: 3 4 5
Moves: 0 0 0 1 0 2 0 0 0
          state         inputs     next state
              0            000              6
              0            001              0
              0            010              7
              0            011              6
              0            100              2
              0            101              1
              0            110              8
              0            111              1
              1            000              8
              1            001              7
              1            010              1
              1            011              8
              1            100              0
              1            101              7
              1            110              3
              1            111              7
              2            000              5
              2            001              6
              2            010              1
              2            011              6
              2            100              4
              2            101              4
              2            110              2
              2            111              1
              3            000              7
              3            001              0
              3            010              2
              3            011              0
              3            100              6
              3            101              8
              3            110              4
              3            111              8
              4            000              7
              4            001              5
              4            010              0
              4            011              8
              4            100              8
              4            101              5
              4            110              2
              4            111              4
              5            000              8
              5            001              3
              5            010              3
              5            011              5
              5            100              8
              5            101              1
              5            110              6
              5            111              3
              6            000              6
              6            001              0
              6            010              4
              6            011              2
              6            100              5
              6            101              7
              6            110              8
              6            111              7
              7            000              2
              7            001              0
              7            010              4
              7            011              2
              7            100              0
              7            101              6
              7            110              1
              7            111              2
              8            000              3
              8            001              8
              8            010              1
              8            011              2
              8            100              5
              8            101              8
              8            110              0
              8            111              1
