Eaten part = 0.236358
Start state = 1
Significant inputs: 1 5 6
Moves: 0 0 1 2 0 2 2 0 0
          state         inputs     next state
              0            000              0
              0            001              2
              0            010              2
              0            011              1
              0            100              8
              0            101              8
              0            110              2
              0            111              8
              1            000              8
              1            001              1
              1            010              4
              1            011              8
              1            100              5
              1            101              6
              1            110              5
              1            111              2
              2            000              7
              2            001              7
              2            010              5
              2            011              1
              2            100              4
              2            101              5
              2            110              7
              2            111              3
              3            000              1
              3            001              6
              3            010              1
              3            011              4
              3            100              1
              3            101              6
              3            110              7
              3            111              0
              4            000              1
              4            001              7
              4            010              3
              4            011              6
              4            100              3
              4            101              0
              4            110              5
              4            111              7
              5            000              3
              5            001              4
              5            010              8
              5            011              1
              5            100              7
              5            101              5
              5            110              0
              5            111              7
              6            000              5
              6            001              5
              6            010              0
              6            011              7
              6            100              3
              6            101              8
              6            110              6
              6            111              4
              7            000              3
              7            001              5
              7            010              4
              7            011              8
              7            100              8
              7            101              3
              7            110              4
              7            111              1
              8            000              8
              8            001              4
              8            010              4
              8            011              8
              8            100              5
              8            101              5
              8            110              1
              8            111              6
