Eaten part = 0.294511
Start state = 3
Significant inputs: 2 6 7
Moves: 0 0 0 1 0 2 2 0 0
          state         inputs     next state
              0            000              8
              0            001              0
              0            010              6
              0            011              0
              0            100              7
              0            101              2
              0            110              1
              0            111              2
              1            000              8
              1            001              3
              1            010              5
              1            011              6
              1            100              5
              1            101              2
              1            110              6
              1            111              1
              2            000              8
              2            001              8
              2            010              2
              2            011              5
              2            100              2
              2            101              6
              2            110              6
              2            111              0
              3            000              8
              3            001              8
              3            010              2
              3            011              0
              3            100              1
              3            101              4
              3            110              2
              3            111              5
              4            000              1
              4            001              3
              4            010              4
              4            011              0
              4            100              2
              4            101              8
              4            110              8
              4            111              5
              5            000              0
              5            001              1
              5            010              4
              5            011              7
              5            100              8
              5            101              4
              5            110              0
              5            111              0
              6            000              1
              6            001              4
              6            010              2
              6            011              4
              6            100              8
              6            101              2
              6            110              8
              6            111              5
              7            000              1
              7            001              3
              7            010              7
              7            011              0
              7            100              7
              7            101              8
              7            110              1
              7            111              1
              8            000              8
              8            001              3
              8            010              5
              8            011              6
              8            100              1
              8            101              4
              8            110              5
              8            111              8
