Eaten part = 0.253290
Start state = 3
Significant inputs: 1 2 3
Moves: 0 0 1 2 0 0 1 0 2
          state         inputs     next state
              0            000              3
              0            001              1
              0            010              4
              0            011              8
              0            100              3
              0            101              7
              0            110              6
              0            111              8
              1            000              0
              1            001              2
              1            010              4
              1            011              3
              1            100              3
              1            101              8
              1            110              4
              1            111              7
              2            000              7
              2            001              5
              2            010              3
              2            011              1
              2            100              0
              2            101              4
              2            110              5
              2            111              1
              3            000              4
              3            001              6
              3            010              4
              3            011              4
              3            100              6
              3            101              0
              3            110              6
              3            111              8
              4            000              4
              4            001              0
              4            010              2
              4            011              6
              4            100              4
              4            101              5
              4            110              2
              4            111              3
              5            000              4
              5            001              4
              5            010              8
              5            011              2
              5            100              0
              5            101              5
              5            110              0
              5            111              4
              6            000              0
              6            001              4
              6            010              1
              6            011              7
              6            100              4
              6            101              4
              6            110              8
              6            111              6
              7            000              8
              7            001              2
              7            010              3
              7            011              4
              7            100              3
              7            101              0
              7            110              6
              7            111              8
              8            000              1
              8            001              2
              8            010              0
              8            011              5
              8            100              6
              8            101              5
              8            110              4
              8            111              3
