Eaten part = 0.188520
Start state = 7
Significant inputs: 0 3 7
Moves: 0 2 0 2 2 2 0 0 1
          state         inputs     next state
              0            000              6
              0            001              7
              0            010              0
              0            011              2
              0            100              7
              0            101              4
              0            110              4
              0            111              1
              1            000              7
              1            001              4
              1            010              8
              1            011              3
              1            100              0
              1            101              0
              1            110              7
              1            111              4
              2            000              1
              2            001              8
              2            010              2
              2            011              7
              2            100              8
              2            101              1
              2            110              7
              2            111              5
              3            000              8
              3            001              5
              3            010              4
              3            011              4
              3            100              7
              3            101              7
              3            110              5
              3            111              2
              4            000              5
              4            001              2
              4            010              5
              4            011              4
              4            100              0
              4            101              6
              4            110              1
              4            111              3
              5            000              2
              5            001              0
              5            010              1
              5            011              2
              5            100              0
              5            101              1
              5            110              3
              5            111              4
              6            000              7
              6            001              7
              6            010              7
              6            011              4
              6            100              1
              6            101              7
              6            110              3
              6            111              1
              7            000              0
              7            001              2
              7            010              1
              7            011              7
              7            100              7
              7            101              8
              7            110              7
              7            111              0
              8            000              6
              8            001              0
              8            010              7
              8            011              0
              8            100              4
              8            101              6
              8            110              7
              8            111              2
