Eaten part = 0.228051
Start state = 1
Significant inputs: 1 3 6
Moves: 0 0 0 1 2 0 2 0 0
          state         inputs     next state
              0            000              8
              0            001              8
              0            010              8
              0            011              7
              0            100              6
              0            101              5
              0            110              6
              0            111              8
              1            000              3
              1            001              1
              1            010              1
              1            011              4
              1            100              7
              1            101              6
              1            110              1
              1            111              6
              2            000              1
              2            001              4
              2            010              0
              2            011              5
              2            100              8
              2            101              6
              2            110              2
              2            111              6
              3            000              8
              3            001              1
              3            010              6
              3            011              7
              3            100              6
              3            101              7
              3            110              8
              3            111              3
              4            000              7
              4            001              4
              4            010              7
              4            011              0
              4            100              7
              4            101              5
              4            110              2
              4            111              5
              5            000              3
              5            001              0
              5            010              5
              5            011              2
              5            100              6
              5            101              1
              5            110              3
              5            111              3
              6            000              0
              6            001              1
              6            010              3
              6            011              2
              6            100              2
              6            101              8
              6            110              8
              6            111              6
              7            000              8
              7            001              0
              7            010              8
              7            011              5
              7            100              0
              7            101              5
              7            110              4
              7            111              3
              8            000              8
              8            001              8
              8            010              0
              8            011              2
              8            100              6
              8            101              4
              8            110              1
              8            111              0
