Eaten part = 0.247564
Start state = 3
Significant inputs: 2 3 7
Moves: 0 1 2 0 0 0 0 0 0
          state         inputs     next state
              0            000              0
              0            001              1
              0            010              7
              0            011              4
              0            100              4
              0            101              2
              0            110              3
              0            111              4
              1            000              4
              1            001              5
              1            010              3
              1            011              3
              1            100              0
              1            101              6
              1            110              7
              1            111              5
              2            000              3
              2            001              3
              2            010              5
              2            011              0
              2            100              8
              2            101              6
              2            110              8
              2            111              7
              3            000              4
              3            001              1
              3            010              8
              3            011              7
              3            100              2
              3            101              1
              3            110              4
              3            111              6
              4            000              3
              4            001              1
              4            010              4
              4            011              1
              4            100              4
              4            101              4
              4            110              0
              4            111              4
              5            000              2
              5            001              0
              5            010              2
              5            011              3
              5            100              4
              5            101              6
              5            110              2
              5            111              4
              6            000              7
              6            001              7
              6            010              3
              6            011              0
              6            100              7
              6            101              0
              6            110              4
              6            111              3
              7            000              0
              7            001              7
              7            010              6
              7            011              1
              7            100              4
              7            101              8
              7            110              8
              7            111              2
              8            000              3
              8            001              4
              8            010              7
              8            011              6
              8            100              0
              8            101              1
              8            110              3
              8            111              1
