Eaten part = 0.235490
Start state = 7
Significant inputs: 5 6 7
Moves: 0 1 2 0 0 0 0 0 0
          state         inputs     next state
              0            000              1
              0            001              2
              0            010              3
              0            011              8
              0            100              3
              0            101              3
              0            110              3
              0            111              4
              1            000              1
              1            001              7
              1            010              6
              1            011              7
              1            100              3
              1            101              1
              1            110              5
              1            111              1
              2            000              4
              2            001              5
              2            010              0
              2            011              6
              2            100              6
              2            101              8
              2            110              4
              2            111              4
              3            000              7
              3            001              5
              3            010              7
              3            011              5
              3            100              5
              3            101              7
              3            110              8
              3            111              5
              4            000              4
              4            001              1
              4            010              3
              4            011              4
              4            100              6
              4            101              5
              4            110              4
              4            111              5
              5            000              5
              5            001              1
              5            010              2
              5            011              3
              5            100              5
              5            101              6
              5            110              2
              5            111              3
              6            000              3
              6            001              7
              6            010              2
              6            011              5
              6            100              4
              6            101              0
              6            110              3
              6            111              1
              7            000              5
              7            001              2
              7            010              3
              7            011              6
              7            100              5
              7            101              2
              7            110              3
              7            111              8
              8            000              8
              8            001              3
              8            010              5
              8            011              6
              8            100              2
              8            101              8
              8            110              5
              8            111              5
