Eaten part = 0.301974
Start state = 7
Significant inputs: 0 2 6
Moves: 0 1 0 0 0 2 0 0 0
          state         inputs     next state
              0            000              3
              0            001              3
              0            010              1
              0            011              4
              0            100              4
              0            101              6
              0            110              4
              0            111              8
              1            000              0
              1            001              0
              1            010              3
              1            011              2
              1            100              0
              1            101              4
              1            110              8
              1            111              2
              2            000              0
              2            001              0
              2            010              4
              2            011              6
              2            100              3
              2            101              1
              2            110              5
              2            111              3
              3            000              3
              3            001              3
              3            010              1
              3            011              1
              3            100              5
              3            101              4
              3            110              5
              3            111              8
              4            000              3
              4            001              1
              4            010              1
              4            011              1
              4            100              8
              4            101              0
              4            110              5
              4            111              2
              5            000              8
              5            001              8
              5            010              0
              5            011              8
              5            100              3
              5            101              4
              5            110              4
              5            111              4
              6            000              7
              6            001              0
              6            010              7
              6            011              7
              6            100              4
              6            101              8
              6            110              2
              6            111              8
              7            000              3
              7            001              0
              7            010              2
              7            011              6
              7            100              2
              7            101              5
              7            110              0
              7            111              2
              8            000              3
              8            001              3
              8            010              0
              8            011              7
              8            100              5
              8            101              6
              8            110              7
              8            111              2
