Eaten part = 0.211294
Start state = 3
Significant inputs: 0 2 5
Moves: 2 0 0 0 1 1 1 0 0
          state         inputs     next state
              0            000              3
              0            001              2
              0            010              2
              0            011              7
              0            100              8
              0            101              7
              0            110              7
              0            111              5
              1            000              3
              1            001              7
              1            010              0
              1            011              6
              1            100              1
              1            101              3
              1            110              4
              1            111              8
              2            000              2
              2            001              2
              2            010              3
              2            011              4
              2            100              2
              2            101              8
              2            110              7
              2            111              7
              3            000              8
              3            001              6
              3            010              5
              3            011              6
              3            100              0
              3            101              1
              3            110              3
              3            111              0
              4            000              8
              4            001              7
              4            010              0
              4            011              6
              4            100              8
              4            101              3
              4            110              7
              4            111              7
              5            000              8
              5            001              7
              5            010              3
              5            011              3
              5            100              1
              5            101              1
              5            110              0
              5            111              1
              6            000              0
              6            001              1
              6            010              3
              6            011              3
              6            100              3
              6            101              1
              6            110              2
              6            111              7
              7            000              1
              7            001              7
              7            010              1
              7            011              5
              7            100              8
              7            101              2
              7            110              1
              7            111              8
              8            000              3
              8            001              1
              8            010              7
              8            011              8
              8            100              1
              8            101              0
              8            110              4
              8            111              4
