Eaten part = 0.301079
Start state = 7
Significant inputs: 1 2 6
Moves: 1 0 0 0 2 1 2 0 0
          state         inputs     next state
              0            000              7
              0            001              3
              0            010              4
              0            011              1
              0            100              0
              0            101              3
              0            110              0
              0            111              8
              1            000              3
              1            001              3
              1            010              8
              1            011              7
              1            100              4
              1            101              7
              1            110              8
              1            111              6
              2            000              7
              2            001              6
              2            010              5
              2            011              0
              2            100              6
              2            101              0
              2            110              0
              2            111              0
              3            000              2
              3            001              7
              3            010              5
              3            011              3
              3            100              4
              3            101              5
              3            110              6
              3            111              8
              4            000              7
              4            001              0
              4            010              3
              4            011              6
              4            100              2
              4            101              3
              4            110              5
              4            111              6
              5            000              3
              5            001              2
              5            010              6
              5            011              7
              5            100              1
              5            101              2
              5            110              8
              5            111              7
              6            000              3
              6            001              3
              6            010              1
              6            011              2
              6            100              2
              6            101              3
              6            110              2
              6            111              2
              7            000              7
              7            001              1
              7            010              5
              7            011              0
              7            100              4
              7            101              4
              7            110              1
              7            111              0
              8            000              1
              8            001              5
              8            010              0
              8            011              3
              8            100              0
              8            101              8
              8            110              1
              8            111              7
