Eaten part = 0.257999
Start state = 3
Significant inputs: 1 4 6
Moves: 0 1 2 0 0 2 0 1 0
          state         inputs     next state
              0            000              7
              0            001              5
              0            010              4
              0            011              8
              0            100              3
              0            101              1
              0            110              6
              0            111              2
              1            000              5
              1            001              4
              1            010              7
              1            011              4
              1            100              5
              1            101              4
              1            110              5
              1            111              5
              2            000              8
              2            001              3
              2            010              7
              2            011              8
              2            100              4
              2            101              4
              2            110              4
              2            111              4
              3            000              8
              3            001              7
              3            010              8
              3            011              4
              3            100              2
              3            101              0
              3            110              8
              3            111              8
              4            000              7
              4            001              8
              4            010              4
              4            011              4
              4            100              8
              4            101              2
              4            110              8
              4            111              2
              5            000              6
              5            001              3
              5            010              0
              5            011              4
              5            100              8
              5            101              4
              5            110              6
              5            111              6
              6            000              0
              6            001              1
              6            010              0
              6            011              3
              6            100              8
              6            101              0
              6            110              3
              6            111              2
              7            000              3
              7            001              0
              7            010              5
              7            011              6
              7            100              4
              7            101              8
              7            110              1
              7            111              8
              8            000              8
              8            001              3
              8            010              4
              8            011              6
              8            100              2
              8            101              2
              8            110              3
              8            111              8
