Eaten part = 0.301242
Start state = 4
Significant inputs: 2 5 6
Moves: 0 1 1 2 0 2 0 0 0
          state         inputs     next state
              0            000              7
              0            001              0
              0            010              6
              0            011              2
              0            100              3
              0            101              5
              0            110              0
              0            111              5
              1            000              0
              1            001              0
              1            010              8
              1            011              4
              1            100              4
              1            101              8
              1            110              5
              1            111              7
              2            000              0
              2            001              6
              2            010              6
              2            011              4
              2            100              1
              2            101              6
              2            110              1
              2            111              3
              3            000              2
              3            001              6
              3            010              7
              3            011              7
              3            100              6
              3            101              7
              3            110              4
              3            111              7
              4            000              7
              4            001              1
              4            010              6
              4            011              1
              4            100              5
              4            101              6
              4            110              3
              4            111              4
              5            000              5
              5            001              4
              5            010              0
              5            011              6
              5            100              2
              5            101              0
              5            110              4
              5            111              0
              6            000              0
              6            001              6
              6            010              7
              6            011              1
              6            100              8
              6            101              2
              6            110              8
              6            111              5
              7            000              4
              7            001              1
              7            010              1
              7            011              2
              7            100              3
              7            101              5
              7            110              8
              7            111              2
              8            000              0
              8            001              7
              8            010              7
              8            011              8
              8            100              5
              8            101              6
              8            110              5
              8            111              2
