Eaten part = 0.256616
Start state = 6
Significant inputs: 0 2 4
Moves: 2 0 0 0 0 1 0 0 0
          state         inputs     next state
              0            000              3
              0            001              3
              0            010              3
              0            011              6
              0            100              5
              0            101              6
              0            110              1
              0            111              8
              1            000              4
              1            001              6
              1            010              4
              1            011              0
              1            100              8
              1            101              7
              1            110              7
              1            111              6
              2            000              0
              2            001              1
              2            010              5
              2            011              5
              2            100              6
              2            101              1
              2            110              2
              2            111              3
              3            000              6
              3            001              7
              3            010              5
              3            011              2
              3            100              2
              3            101              1
              3            110              7
              3            111              2
              4            000              2
              4            001              4
              4            010              5
              4            011              5
              4            100              7
              4            101              4
              4            110              3
              4            111              8
              5            000              2
              5            001              1
              5            010              8
              5            011              2
              5            100              0
              5            101              3
              5            110              2
              5            111              3
              6            000              1
              6            001              7
              6            010              5
              6            011              5
              6            100              3
              6            101              6
              6            110              3
              6            111              1
              7            000              4
              7            001              1
              7            010              5
              7            011              5
              7            100              8
              7            101              6
              7            110              8
              7            111              4
              8            000              1
              8            001              1
              8            010              6
              8            011              5
              8            100              4
              8            101              8
              8            110              6
              8            111              0
