Eaten part = 0.308669
Start state = 5
Significant inputs: 2 4 6
Moves: 0 1 0 2 0 1 0 0 2
          state         inputs     next state
              0            000              4
              0            001              1
              0            010              2
              0            011              5
              0            100              3
              0            101              3
              0            110              7
              0            111              0
              1            000              4
              1            001              7
              1            010              4
              1            011              7
              1            100              4
              1            101              6
              1            110              2
              1            111              7
              2            000              4
              2            001              5
              2            010              0
              2            011              0
              2            100              8
              2            101              6
              2            110              4
              2            111              1
              3            000              2
              3            001              6
              3            010              5
              3            011              7
              3            100              2
              3            101              5
              3            110              0
              3            111              2
              4            000              2
              4            001              1
              4            010              0
              4            011              0
              4            100              3
              4            101              1
              4            110              4
              4            111              4
              5            000              4
              5            001              4
              5            010              6
              5            011              6
              5            100              6
              5            101              0
              5            110              6
              5            111              7
              6            000              4
              6            001              3
              6            010              7
              6            011              0
              6            100              3
              6            101              8
              6            110              4
              6            111              4
              7            000              0
              7            001              0
              7            010              7
              7            011              4
              7            100              0
              7            101              2
              7            110              0
              7            111              0
              8            000              2
              8            001              4
              8            010              7
              8            011              2
              8            100              7
              8            101              7
              8            110              7
              8            111              2
