Eaten part = 0.261417
Start state = 3
Significant inputs: 1 2 4
Moves: 2 0 0 0 0 0 0 0 1
          state         inputs     next state
              0            000              3
              0            001              7
              0            010              4
              0            011              7
              0            100              3
              0            101              1
              0            110              1
              0            111              0
              1            000              0
              1            001              5
              1            010              8
              1            011              3
              1            100              0
              1            101              3
              1            110              7
              1            111              4
              2            000              0
              2            001              8
              2            010              0
              2            011              0
              2            100              5
              2            101              3
              2            110              7
              2            111              6
              3            000              7
              3            001              7
              3            010              8
              3            011              2
              3            100              2
              3            101              2
              3            110              8
              3            111              4
              4            000              7
              4            001              0
              4            010              3
              4            011              5
              4            100              5
              4            101              1
              4            110              0
              4            111              6
              5            000              7
              5            001              5
              5            010              0
              5            011              8
              5            100              2
              5            101              8
              5            110              2
              5            111              5
              6            000              3
              6            001              7
              6            010              7
              6            011              5
              6            100              4
              6            101              6
              6            110              8
              6            111              6
              7            000              3
              7            001              7
              7            010              8
              7            011              7
              7            100              7
              7            101              2
              7            110              3
              7            111              8
              8            000              1
              8            001              3
              8            010              5
              8            011              2
              8            100              1
              8            101              4
              8            110              8
              8            111              1
