Eaten part = 0.224625
Start state = 7
Significant inputs: 3 5 6
Moves: 0 1 1 2 0 2 1 0 2
          state         inputs     next state
              0            000              3
              0            001              7
              0            010              4
              0            011              2
              0            100              1
              0            101              0
              0            110              5
              0            111              8
              1            000              4
              1            001              8
              1            010              0
              1            011              7
              1            100              3
              1            101              3
              1            110              2
              1            111              4
              2            000              1
              2            001              0
              2            010              7
              2            011              0
              2            100              8
              2            101              7
              2            110              4
              2            111              2
              3            000              2
              3            001              0
              3            010              7
              3            011              0
              3            100              8
              3            101              3
              3            110              7
              3            111              2
              4            000              8
              4            001              3
              4            010              0
              4            011              6
              4            100              2
              4            101              1
              4            110              2
              4            111              3
              5            000              6
              5            001              3
              5            010              4
              5            011              0
              5            100              2
              5            101              3
              5            110              6
              5            111              7
              6            000              1
              6            001              0
              6            010              6
              6            011              7
              6            100              0
              6            101              4
              6            110              8
              6            111              3
              7            000              7
              7            001              7
              7            010              4
              7            011              8
              7            100              3
              7            101              3
              7            110              5
              7            111              6
              8            000              7
              8            001              8
              8            010              0
              8            011              7
              8            100              8
              8            101              2
              8            110              2
              8            111              2
