Eaten part = 0.290146
Start state = 8
Significant inputs: 2 3 6
Moves: 0 0 0 2 1 1 0 0 0
          state         inputs     next state
              0            000              2
              0            001              7
              0            010              6
              0            011              8
              0            100              7
              0            101              4
              0            110              8
              0            111              1
              1            000              1
              1            001              4
              1            010              1
              1            011              6
              1            100              3
              1            101              3
              1            110              0
              1            111              5
              2            000              1
              2            001              4
              2            010              1
              2            011              5
              2            100              3
              2            101              7
              2            110              2
              2            111              8
              3            000              2
              3            001              2
              3            010              6
              3            011              1
              3            100              2
              3            101              8
              3            110              1
              3            111              0
              4            000              1
              4            001              7
              4            010              1
              4            011              0
              4            100              2
              4            101              1
              4            110              8
              4            111              6
              5            000              6
              5            001              6
              5            010              3
              5            011              3
              5            100              0
              5            101              3
              5            110              7
              5            111              8
              6            000              6
              6            001              6
              6            010              1
              6            011              0
              6            100              2
              6            101              5
              6            110              3
              6            111              5
              7            000              2
              7            001              7
              7            010              1
              7            011              5
              7            100              3
              7            101              0
              7            110              1
              7            111              8
              8            000              1
              8            001              4
              8            010              3
              8            011              0
              8            100              7
              8            101              4
              8            110              0
              8            111              7
