Eaten part = 0.268970
Start state = 8
Significant inputs: 1 2 5
Moves: 2 0 0 0 0 1 0 2 1
          state         inputs     next state
              0            000              5
              0            001              1
              0            010              0
              0            011              4
              0            100              4
              0            101              3
              0            110              4
              0            111              8
              1            000              1
              1            001              4
              1            010              5
              1            011              7
              1            100              4
              1            101              7
              1            110              5
              1            111              2
              2            000              4
              2            001              2
              2            010              6
              2            011              7
              2            100              6
              2            101              3
              2            110              7
              2            111              1
              3            000              0
              3            001              1
              3            010              1
              3            011              2
              3            100              4
              3            101              7
              3            110              5
              3            111              3
              4            000              1
              4            001              1
              4            010              5
              4            011              5
              4            100              7
              4            101              3
              4            110              6
              4            111              6
              5            000              2
              5            001              4
              5            010              7
              5            011              6
              5            100              5
              5            101              1
              5            110              6
              5            111              6
              6            000              0
              6            001              0
              6            010              5
              6            011              8
              6            100              7
              6            101              7
              6            110              4
              6            111              4
              7            000              6
              7            001              6
              7            010              6
              7            011              3
              7            100              3
              7            101              2
              7            110              8
              7            111              6
              8            000              2
              8            001              3
              8            010              8
              8            011              3
              8            100              2
              8            101              1
              8            110              7
              8            111              2
