Eaten part = 0.296655
Start state = 7
Significant inputs: 1 2 6
Moves: 0 2 0 1 1 0 0 1 0
          state         inputs     next state
              0            000              0
              0            001              3
              0            010              4
              0            011              3
              0            100              1
              0            101              0
              0            110              1
              0            111              6
              1            000              5
              1            001              7
              1            010              5
              1            011              7
              1            100              0
              1            101              5
              1            110              5
              1            111              6
              2            000              6
              2            001              0
              2            010              4
              2            011              8
              2            100              1
              2            101              0
              2            110              6
              2            111              4
              3            000              3
              3            001              8
              3            010              1
              3            011              1
              3            100              2
              3            101              7
              3            110              4
              3            111              5
              4            000              2
              4            001              5
              4            010              2
              4            011              0
              4            100              7
              4            101              5
              4            110              5
              4            111              0
              5            000              0
              5            001              2
              5            010              7
              5            011              4
              5            100              1
              5            101              2
              5            110              4
              5            111              7
              6            000              0
              6            001              2
              6            010              7
              6            011              2
              6            100              0
              6            101              6
              6            110              0
              6            111              0
              7            000              4
              7            001              0
              7            010              0
              7            011              8
              7            100              6
              7            101              8
              7            110              4
              7            111              3
              8            000              5
              8            001              8
              8            010              4
              8            011              7
              8            100              1
              8            101              6
              8            110              5
              8            111              7
