Eaten part = 0.281597
Start state = 8
Significant inputs: 1 2 6
Moves: 2 0 0 0 0 1 2 0 1
          state         inputs     next state
              0            000              7
              0            001              2
              0            010              7
              0            011              3
              0            100              2
              0            101              7
              0            110              1
              0            111              7
              1            000              4
              1            001              0
              1            010              1
              1            011              6
              1            100              2
              1            101              1
              1            110              1
              1            111              3
              2            000              7
              2            001              8
              2            010              8
              2            011              1
              2            100              7
              2            101              6
              2            110              1
              2            111              0
              3            000              2
              3            001              0
              3            010              3
              3            011              8
              3            100              5
              3            101              2
              3            110              1
              3            111              5
              4            000              7
              4            001              3
              4            010              8
              4            011              0
              4            100              0
              4            101              6
              4            110              8
              4            111              8
              5            000              1
              5            001              4
              5            010              1
              5            011              5
              5            100              6
              5            101              7
              5            110              5
              5            111              3
              6            000              8
              6            001              8
              6            010              2
              6            011              6
              6            100              6
              6            101              3
              6            110              4
              6            111              2
              7            000              4
              7            001              1
              7            010              8
              7            011              3
              7            100              0
              7            101              3
              7            110              8
              7            111              1
              8            000              4
              8            001              2
              8            010              2
              8            011              1
              8            100              3
              8            101              1
              8            110              8
              8            111              7
