Eaten part = 0.247167
Start state = 3
Significant inputs: 1 2 4
Moves: 1 1 0 1 0 0 0 0 2
          state         inputs     next state
              0            000              2
              0            001              2
              0            010              7
              0            011              1
              0            100              8
              0            101              6
              0            110              6
              0            111              3
              1            000              6
              1            001              2
              1            010              7
              1            011              2
              1            100              2
              1            101              5
              1            110              4
              1            111              7
              2            000              7
              2            001              5
              2            010              1
              2            011              5
              2            100              7
              2            101              0
              2            110              5
              2            111              0
              3            000              1
              3            001              6
              3            010              2
              3            011              6
              3            100              5
              3            101              3
              3            110              6
              3            111              1
              4            000              4
              4            001              4
              4            010              4
              4            011              7
              4            100              6
              4            101              2
              4            110              3
              4            111              4
              5            000              6
              5            001              7
              5            010              2
              5            011              4
              5            100              2
              5            101              4
              5            110              7
              5            111              6
              6            000              7
              6            001              5
              6            010              8
              6            011              1
              6            100              2
              6            101              0
              6            110              6
              6            111              7
              7            000              7
              7            001              6
              7            010              1
              7            011              6
              7            100              7
              7            101              6
              7            110              5
              7            111              4
              8            000              1
              8            001              7
              8            010              1
              8            011              3
              8            100              8
              8            101              2
              8            110              1
              8            111              5
