Eaten part = 0.306519
Start state = 0
Significant inputs: 2 4 6
Moves: 0 0 0 1 0 0 0 2 0
          state         inputs     next state
              0            000              2
              0            001              2
              0            010              0
              0            011              1
              0            100              0
              0            101              7
              0            110              2
              0            111              3
              1            000              4
              1            001              5
              1            010              1
              1            011              0
              1            100              4
              1            101              7
              1            110              4
              1            111              7
              2            000              6
              2            001              1
              2            010              2
              2            011              1
              2            100              4
              2            101              3
              2            110              6
              2            111              7
              3            000              8
              3            001              4
              3            010              5
              3            011              5
              3            100              0
              3            101              1
              3            110              4
              3            111              8
              4            000              5
              4            001              5
              4            010              1
              4            011              2
              4            100              7
              4            101              5
              4            110              1
              4            111              4
              5            000              5
              5            001              3
              5            010              5
              5            011              5
              5            100              7
              5            101              7
              5            110              1
              5            111              5
              6            000              8
              6            001              4
              6            010              0
              6            011              8
              6            100              5
              6            101              7
              6            110              1
              6            111              3
              7            000              1
              7            001              5
              7            010              5
              7            011              5
              7            100              8
              7            101              1
              7            110              1
              7            111              2
              8            000              4
              8            001              3
              8            010              4
              8            011              8
              8            100              1
              8            101              3
              8            110              2
              8            111              8
