Eaten part = 0.202228
Start state = 1
Significant inputs: 0 1 4
Moves: 1 1 0 2 2 2 0 0 1
          state         inputs     next state
              0            000              7
              0            001              2
              0            010              2
              0            011              8
              0            100              5
              0            101              7
              0            110              7
              0            111              4
              1            000              8
              1            001              1
              1            010              4
              1            011              5
              1            100              0
              1            101              6
              1            110              0
              1            111              5
              2            000              3
              2            001              0
              2            010              6
              2            011              6
              2            100              7
              2            101              6
              2            110              6
              2            111              5
              3            000              2
              3            001              6
              3            010              1
              3            011              2
              3            100              0
              3            101              0
              3            110              2
              3            111              2
              4            000              8
              4            001              8
              4            010              7
              4            011              4
              4            100              4
              4            101              7
              4            110              7
              4            111              1
              5            000              6
              5            001              7
              5            010              7
              5            011              4
              5            100              7
              5            101              8
              5            110              0
              5            111              7
              6            000              7
              6            001              8
              6            010              3
              6            011              4
              6            100              6
              6            101              6
              6            110              7
              6            111              0
              7            000              7
              7            001              3
              7            010              7
              7            011              3
              7            100              7
              7            101              7
              7            110              7
              7            111              6
              8            000              0
              8            001              1
              8            010              6
              8            011              1
              8            100              0
              8            101              5
              8            110              3
              8            111              2
