Eaten part = 0.236941
Start state = 6
Significant inputs: 3 6 7
Moves: 0 0 2 1 0 0 0 0 0
          state         inputs     next state
              0            000              8
              0            001              0
              0            010              5
              0            011              2
              0            100              1
              0            101              7
              0            110              6
              0            111              0
              1            000              1
              1            001              3
              1            010              2
              1            011              2
              1            100              2
              1            101              0
              1            110              3
              1            111              8
              2            000              6
              2            001              8
              2            010              1
              2            011              5
              2            100              7
              2            101              5
              2            110              4
              2            111              7
              3            000              6
              3            001              8
              3            010              7
              3            011              1
              3            100              4
              3            101              1
              3            110              6
              3            111              2
              4            000              1
              4            001              6
              4            010              6
              4            011              7
              4            100              2
              4            101              7
              4            110              4
              4            111              7
              5            000              1
              5            001              3
              5            010              4
              5            011              1
              5            100              8
              5            101              8
              5            110              2
              5            111              4
              6            000              6
              6            001              6
              6            010              2
              6            011              2
              6            100              7
              6            101              1
              6            110              5
              6            111              6
              7            000              0
              7            001              8
              7            010              7
              7            011              5
              7            100              2
              7            101              2
              7            110              4
              7            111              8
              8            000              6
              8            001              3
              8            010              2
              8            011              2
              8            100              2
              8            101              6
              8            110              1
              8            111              2
