Eaten part = 0.294437
Start state = 7
Significant inputs: 2 6 7
Moves: 0 0 0 2 0 0 2 1 0
          state         inputs     next state
              0            000              8
              0            001              2
              0            010              0
              0            011              5
              0            100              4
              0            101              0
              0            110              4
              0            111              4
              1            000              1
              1            001              7
              1            010              3
              1            011              3
              1            100              1
              1            101              5
              1            110              6
              1            111              7
              2            000              6
              2            001              7
              2            010              7
              2            011              2
              2            100              5
              2            101              8
              2            110              2
              2            111              2
              3            000              8
              3            001              5
              3            010              1
              3            011              2
              3            100              4
              3            101              4
              3            110              4
              3            111              1
              4            000              8
              4            001              4
              4            010              8
              4            011              8
              4            100              0
              4            101              1
              4            110              6
              4            111              3
              5            000              0
              5            001              5
              5            010              6
              5            011              7
              5            100              5
              5            101              7
              5            110              2
              5            111              3
              6            000              4
              6            001              7
              6            010              1
              6            011              1
              6            100              0
              6            101              1
              6            110              8
              6            111              7
              7            000              8
              7            001              1
              7            010              1
              7            011              1
              7            100              0
              7            101              1
              7            110              8
              7            111              4
              8            000              1
              8            001              1
              8            010              3
              8            011              7
              8            100              1
              8            101              0
              8            110              2
              8            111              8
