Eaten part = 0.303457
Start state = 2
Significant inputs: 2 5 6
Moves: 2 0 0 1 0 2 2 0 0
          state         inputs     next state
              0            000              1
              0            001              5
              0            010              1
              0            011              1
              0            100              8
              0            101              8
              0            110              2
              0            111              4
              1            000              2
              1            001              3
              1            010              2
              1            011              2
              1            100              6
              1            101              0
              1            110              3
              1            111              8
              2            000              2
              2            001              3
              2            010              2
              2            011              0
              2            100              0
              2            101              0
              2            110              5
              2            111              8
              3            000              1
              3            001              2
              3            010              0
              3            011              7
              3            100              4
              3            101              4
              3            110              6
              3            111              7
              4            000              4
              4            001              3
              4            010              2
              4            011              4
              4            100              0
              4            101              0
              4            110              0
              4            111              2
              5            000              0
              5            001              3
              5            010              4
              5            011              4
              5            100              6
              5            101              2
              5            110              0
              5            111              6
              6            000              7
              6            001              0
              6            010              7
              6            011              6
              6            100              8
              6            101              5
              6            110              1
              6            111              0
              7            000              4
              7            001              8
              7            010              7
              7            011              4
              7            100              7
              7            101              8
              7            110              4
              7            111              7
              8            000              8
              8            001              2
              8            010              7
              8            011              2
              8            100              2
              8            101              3
              8            110              8
              8            111              7
