Eaten part = 0.234219
Start state = 8
Significant inputs: 1 3 6
Moves: 2 0 0 2 2 0 0 2 0
          state         inputs     next state
              0            000              2
              0            001              2
              0            010              8
              0            011              0
              0            100              4
              0            101              8
              0            110              2
              0            111              1
              1            000              2
              1            001              5
              1            010              8
              1            011              3
              1            100              7
              1            101              4
              1            110              5
              1            111              3
              2            000              2
              2            001              5
              2            010              6
              2            011              6
              2            100              4
              2            101              7
              2            110              3
              2            111              3
              3            000              1
              3            001              1
              3            010              3
              3            011              0
              3            100              3
              3            101              3
              3            110              1
              3            111              8
              4            000              1
              4            001              6
              4            010              5
              4            011              6
              4            100              2
              4            101              3
              4            110              5
              4            111              2
              5            000              8
              5            001              2
              5            010              1
              5            011              8
              5            100              4
              5            101              4
              5            110              8
              5            111              2
              6            000              6
              6            001              2
              6            010              8
              6            011              5
              6            100              4
              6            101              7
              6            110              0
              6            111              3
              7            000              5
              7            001              7
              7            010              6
              7            011              6
              7            100              5
              7            101              5
              7            110              8
              7            111              7
              8            000              6
              8            001              3
              8            010              1
              8            011              5
              8            100              6
              8            101              3
              8            110              4
              8            111              2
