Eaten part = 0.214499
Start state = 3
Significant inputs: 2 5 7
Moves: 0 2 1 0 0 0 1 1 0
          state         inputs     next state
              0            000              0
              0            001              2
              0            010              0
              0            011              5
              0            100              0
              0            101              8
              0            110              5
              0            111              2
              1            000              4
              1            001              6
              1            010              8
              1            011              3
              1            100              3
              1            101              4
              1            110              8
              1            111              4
              2            000              0
              2            001              3
              2            010              8
              2            011              0
              2            100              0
              2            101              8
              2            110              2
              2            111              5
              3            000              3
              3            001              3
              3            010              2
              3            011              5
              3            100              0
              3            101              8
              3            110              7
              3            111              7
              4            000              5
              4            001              2
              4            010              2
              4            011              4
              4            100              2
              4            101              7
              4            110              7
              4            111              7
              5            000              5
              5            001              0
              5            010              5
              5            011              2
              5            100              2
              5            101              0
              5            110              1
              5            111              8
              6            000              8
              6            001              6
              6            010              7
              6            011              0
              6            100              1
              6            101              1
              6            110              6
              6            111              8
              7            000              1
              7            001              8
              7            010              3
              7            011              5
              7            100              3
              7            101              4
              7            110              6
              7            111              5
              8            000              0
              8            001              7
              8            010              2
              8            011              0
              8            100              5
              8            101              2
              8            110              3
              8            111              2
