Eaten part = 0.182598
Start state = 4
Significant inputs: 0 3 5
Moves: 0 1 2 0 0 2 1 0 0
          state         inputs     next state
              0            000              6
              0            001              4
              0            010              5
              0            011              1
              0            100              3
              0            101              7
              0            110              7
              0            111              3
              1            000              7
              1            001              7
              1            010              5
              1            011              4
              1            100              5
              1            101              3
              1            110              3
              1            111              5
              2            000              1
              2            001              8
              2            010              1
              2            011              4
              2            100              3
              2            101              7
              2            110              3
              2            111              6
              3            000              8
              3            001              8
              3            010              0
              3            011              3
              3            100              3
              3            101              7
              3            110              7
              3            111              4
              4            000              5
              4            001              8
              4            010              7
              4            011              3
              4            100              4
              4            101              8
              4            110              5
              4            111              0
              5            000              7
              5            001              1
              5            010              1
              5            011              6
              5            100              4
              5            101              3
              5            110              3
              5            111              4
              6            000              4
              6            001              3
              6            010              5
              6            011              7
              6            100              4
              6            101              7
              6            110              2
              6            111              1
              7            000              3
              7            001              6
              7            010              2
              7            011              5
              7            100              7
              7            101              2
              7            110              4
              7            111              1
              8            000              0
              8            001              3
              8            010              8
              8            011              8
              8            100              2
              8            101              0
              8            110              8
              8            111              0
