Eaten part = 0.242589
Start state = 4
Significant inputs: 1 2 5
Moves: 0 1 0 0 0 1 0 2 0
          state         inputs     next state
              0            000              4
              0            001              5
              0            010              3
              0            011              6
              0            100              4
              0            101              4
              0            110              2
              0            111              0
              1            000              1
              1            001              2
              1            010              0
              1            011              3
              1            100              8
              1            101              6
              1            110              2
              1            111              5
              2            000              8
              2            001              0
              2            010              8
              2            011              6
              2            100              3
              2            101              1
              2            110              2
              2            111              5
              3            000              6
              3            001              0
              3            010              5
              3            011              1
              3            100              7
              3            101              2
              3            110              5
              3            111              6
              4            000              8
              4            001              7
              4            010              5
              4            011              5
              4            100              8
              4            101              4
              4            110              5
              4            111              4
              5            000              4
              5            001              4
              5            010              8
              5            011              6
              5            100              6
              5            101              6
              5            110              1
              5            111              0
              6            000              3
              6            001              2
              6            010              1
              6            011              2
              6            100              3
              6            101              6
              6            110              7
              6            111              5
              7            000              8
              7            001              2
              7            010              5
              7            011              6
              7            100              2
              7            101              8
              7            110              3
              7            111              5
              8            000              8
              8            001              7
              8            010              5
              8            011              1
              8            100              3
              8            101              6
              8            110              1
              8            111              7
