Eaten part = 0.241821
Start state = 1
Significant inputs: 2 5 7
Moves: 0 1 2 0 0 0 0 0 1
          state         inputs     next state
              0            000              2
              0            001              2
              0            010              7
              0            011              6
              0            100              1
              0            101              5
              0            110              3
              0            111              6
              1            000              4
              1            001              3
              1            010              4
              1            011              2
              1            100              4
              1            101              3
              1            110              4
              1            111              8
              2            000              0
              2            001              5
              2            010              7
              2            011              6
              2            100              5
              2            101              5
              2            110              4
              2            111              7
              3            000              6
              3            001              2
              3            010              8
              3            011              8
              3            100              4
              3            101              7
              3            110              7
              3            111              1
              4            000              7
              4            001              8
              4            010              2
              4            011              1
              4            100              4
              4            101              1
              4            110              0
              4            111              8
              5            000              7
              5            001              7
              5            010              5
              5            011              5
              5            100              4
              5            101              6
              5            110              5
              5            111              0
              6            000              7
              6            001              1
              6            010              4
              6            011              5
              6            100              4
              6            101              3
              6            110              4
              6            111              0
              7            000              7
              7            001              8
              7            010              7
              7            011              2
              7            100              4
              7            101              1
              7            110              7
              7            111              4
              8            000              5
              8            001              7
              8            010              5
              8            011              1
              8            100              5
              8            101              0
              8            110              5
              8            111              0
