Eaten part = 0.302823
Start state = 0
Significant inputs: 2 4 6
Moves: 0 0 1 0 0 1 0 0 2
          state         inputs     next state
              0            000              7
              0            001              7
              0            010              7
              0            011              3
              0            100              7
              0            101              5
              0            110              7
              0            111              8
              1            000              6
              1            001              7
              1            010              5
              1            011              7
              1            100              6
              1            101              2
              1            110              5
              1            111              6
              2            000              3
              2            001              7
              2            010              6
              2            011              2
              2            100              4
              2            101              2
              2            110              0
              2            111              1
              3            000              7
              3            001              3
              3            010              0
              3            011              5
              3            100              8
              3            101              1
              3            110              7
              3            111              3
              4            000              0
              4            001              5
              4            010              7
              4            011              0
              4            100              1
              4            101              2
              4            110              0
              4            111              0
              5            000              7
              5            001              7
              5            010              6
              5            011              3
              5            100              4
              5            101              7
              5            110              7
              5            111              0
              6            000              8
              6            001              2
              6            010              3
              6            011              6
              6            100              2
              6            101              7
              6            110              7
              6            111              5
              7            000              7
              7            001              5
              7            010              0
              7            011              7
              7            100              8
              7            101              8
              7            110              4
              7            111              7
              8            000              3
              8            001              0
              8            010              3
              8            011              1
              8            100              6
              8            101              4
              8            110              3
              8            111              7
