Eaten part = 0.179081
Start state = 2
Significant inputs: 0 5 7
Moves: 2 2 0 0 0 0 0 0 2
          state         inputs     next state
              0            000              4
              0            001              0
              0            010              4
              0            011              1
              0            100              2
              0            101              6
              0            110              6
              0            111              1
              1            000              2
              1            001              0
              1            010              2
              1            011              0
              1            100              6
              1            101              4
              1            110              3
              1            111              0
              2            000              6
              2            001              4
              2            010              6
              2            011              7
              2            100              7
              2            101              4
              2            110              3
              2            111              0
              3            000              3
              3            001              4
              3            010              5
              3            011              4
              3            100              0
              3            101              2
              3            110              5
              3            111              7
              4            000              8
              4            001              8
              4            010              6
              4            011              1
              4            100              4
              4            101              2
              4            110              5
              4            111              0
              5            000              0
              5            001              7
              5            010              0
              5            011              0
              5            100              3
              5            101              3
              5            110              8
              5            111              7
              6            000              6
              6            001              6
              6            010              3
              6            011              0
              6            100              6
              6            101              8
              6            110              8
              6            111              0
              7            000              1
              7            001              0
              7            010              4
              7            011              0
              7            100              7
              7            101              1
              7            110              3
              7            111              2
              8            000              2
              8            001              6
              8            010              5
              8            011              4
              8            100              6
              8            101              5
              8            110              2
              8            111              2
