Eaten part = 0.248007
Start state = 4
Significant inputs: 0 6 7
Moves: 0 2 0 1 0 0 2 0 2
          state         inputs     next state
              0            000              7
              0            001              5
              0            010              6
              0            011              3
              0            100              8
              0            101              6
              0            110              0
              0            111              6
              1            000              5
              1            001              7
              1            010              2
              1            011              4
              1            100              1
              1            101              7
              1            110              7
              1            111              3
              2            000              3
              2            001              3
              2            010              5
              2            011              5
              2            100              0
              2            101              3
              2            110              6
              2            111              3
              3            000              4
              3            001              2
              3            010              5
              3            011              4
              3            100              0
              3            101              5
              3            110              7
              3            111              7
              4            000              4
              4            001              0
              4            010              8
              4            011              1
              4            100              4
              4            101              7
              4            110              5
              4            111              0
              5            000              7
              5            001              2
              5            010              0
              5            011              0
              5            100              7
              5            101              4
              5            110              1
              5            111              4
              6            000              4
              6            001              5
              6            010              4
              6            011              2
              6            100              4
              6            101              5
              6            110              0
              6            111              4
              7            000              7
              7            001              7
              7            010              6
              7            011              8
              7            100              0
              7            101              3
              7            110              7
              7            111              6
              8            000              4
              8            001              0
              8            010              2
              8            011              5
              8            100              4
              8            101              5
              8            110              2
              8            111              8
