Eaten part = 0.307378
Start state = 5
Significant inputs: 2 4 6
Moves: 0 0 1 0 0 2 0 0 1
          state         inputs     next state
              0            000              1
              0            001              2
              0            010              1
              0            011              1
              0            100              5
              0            101              2
              0            110              7
              0            111              0
              1            000              0
              1            001              2
              1            010              0
              1            011              1
              1            100              5
              1            101              4
              1            110              7
              1            111              1
              2            000              0
              2            001              0
              2            010              4
              2            011              1
              2            100              1
              2            101              1
              2            110              0
              2            111              7
              3            000              7
              3            001              1
              3            010              7
              3            011              5
              3            100              0
              3            101              4
              3            110              3
              3            111              6
              4            000              1
              4            001              0
              4            010              0
              4            011              5
              4            100              5
              4            101              4
              4            110              7
              4            111              3
              5            000              3
              5            001              1
              5            010              0
              5            011              1
              5            100              0
              5            101              6
              5            110              3
              5            111              6
              6            000              4
              6            001              1
              6            010              0
              6            011              6
              6            100              6
              6            101              8
              6            110              5
              6            111              0
              7            000              1
              7            001              2
              7            010              7
              7            011              0
              7            100              0
              7            101              0
              7            110              5
              7            111              0
              8            000              7
              8            001              5
              8            010              8
              8            011              0
              8            100              7
              8            101              2
              8            110              2
              8            111              0
