Eaten part = 0.242448
Start state = 0
Significant inputs: 1 2 5
Moves: 0 0 2 0 0 0 0 1 0
          state         inputs     next state
              0            000              5
              0            001              6
              0            010              7
              0            011              2
              0            100              4
              0            101              2
              0            110              4
              0            111              1
              1            000              8
              1            001              6
              1            010              7
              1            011              4
              1            100              6
              1            101              5
              1            110              7
              1            111              0
              2            000              6
              2            001              8
              2            010              1
              2            011              4
              2            100              1
              2            101              1
              2            110              0
              2            111              8
              3            000              6
              3            001              5
              3            010              2
              3            011              5
              3            100              0
              3            101              7
              3            110              0
              3            111              2
              4            000              2
              4            001              5
              4            010              4
              4            011              7
              4            100              8
              4            101              4
              4            110              1
              4            111              3
              5            000              8
              5            001              7
              5            010              7
              5            011              7
              5            100              8
              5            101              1
              5            110              0
              5            111              6
              6            000              8
              6            001              4
              6            010              7
              6            011              8
              6            100              3
              6            101              4
              6            110              3
              6            111              3
              7            000              2
              7            001              8
              7            010              5
              7            011              4
              7            100              0
              7            101              6
              7            110              8
              7            111              1
              8            000              0
              8            001              8
              8            010              7
              8            011              1
              8            100              8
              8            101              8
              8            110              7
              8            111              0
