Eaten part = 0.259382
Start state = 3
Significant inputs: 3 4 6
Moves: 0 0 0 0 0 2 1 0 0
          state         inputs     next state
              0            000              7
              0            001              7
              0            010              1
              0            011              8
              0            100              5
              0            101              3
              0            110              3
              0            111              0
              1            000              0
              1            001              0
              1            010              0
              1            011              4
              1            100              7
              1            101              0
              1            110              6
              1            111              1
              2            000              6
              2            001              8
              2            010              6
              2            011              8
              2            100              4
              2            101              2
              2            110              2
              2            111              4
              3            000              6
              3            001              8
              3            010              7
              3            011              3
              3            100              8
              3            101              1
              3            110              8
              3            111              2
              4            000              5
              4            001              8
              4            010              7
              4            011              4
              4            100              7
              4            101              8
              4            110              0
              4            111              4
              5            000              4
              5            001              8
              5            010              0
              5            011              0
              5            100              7
              5            101              0
              5            110              3
              5            111              2
              6            000              0
              6            001              8
              6            010              5
              6            011              4
              6            100              1
              6            101              6
              6            110              4
              6            111              3
              7            000              7
              7            001              6
              7            010              7
              7            011              1
              7            100              5
              7            101              5
              7            110              8
              7            111              4
              8            000              7
              8            001              0
              8            010              7
              8            011              7
              8            100              7
              8            101              1
              8            110              2
              8            111              7
