Eaten part = 0.295348
Start state = 7
Significant inputs: 0 2 6
Moves: 0 2 0 0 0 1 0 0 2
          state         inputs     next state
              0            000              2
              0            001              7
              0            010              5
              0            011              2
              0            100              3
              0            101              4
              0            110              8
              0            111              7
              1            000              6
              1            001              7
              1            010              3
              1            011              7
              1            100              0
              1            101              3
              1            110              2
              1            111              7
              2            000              2
              2            001              6
              2            010              5
              2            011              2
              2            100              1
              2            101              6
              2            110              5
              2            111              0
              3            000              7
              3            001              7
              3            010              5
              3            011              0
              3            100              7
              3            101              0
              3            110              0
              3            111              7
              4            000              4
              4            001              7
              4            010              4
              4            011              3
              4            100              1
              4            101              3
              4            110              5
              4            111              5
              5            000              2
              5            001              3
              5            010              7
              5            011              6
              5            100              6
              5            101              4
              5            110              4
              5            111              7
              6            000              2
              6            001              0
              6            010              3
              6            011              5
              6            100              1
              6            101              3
              6            110              3
              6            111              1
              7            000              6
              7            001              7
              7            010              0
              7            011              5
              7            100              1
              7            101              2
              7            110              0
              7            111              5
              8            000              0
              8            001              8
              8            010              8
              8            011              0
              8            100              2
              8            101              1
              8            110              8
              8            111              1
