Eaten part = 0.248610
Start state = 8
Significant inputs: 3 4 6
Moves: 0 1 0 2 0 0 2 0 0
          state         inputs     next state
              0            000              5
              0            001              4
              0            010              2
              0            011              7
              0            100              1
              0            101              4
              0            110              2
              0            111              0
              1            000              5
              1            001              0
              1            010              6
              1            011              2
              1            100              0
              1            101              1
              1            110              4
              1            111              6
              2            000              5
              2            001              7
              2            010              8
              2            011              1
              2            100              5
              2            101              7
              2            110              8
              2            111              3
              3            000              8
              3            001              4
              3            010              0
              3            011              7
              3            100              4
              3            101              2
              3            110              1
              3            111              0
              4            000              5
              4            001              5
              4            010              7
              4            011              8
              4            100              6
              4            101              6
              4            110              5
              4            111              8
              5            000              5
              5            001              4
              5            010              4
              5            011              5
              5            100              6
              5            101              5
              5            110              4
              5            111              2
              6            000              0
              6            001              5
              6            010              7
              6            011              6
              6            100              0
              6            101              1
              6            110              4
              6            111              3
              7            000              5
              7            001              7
              7            010              2
              7            011              0
              7            100              4
              7            101              7
              7            110              5
              7            111              1
              8            000              2
              8            001              5
              8            010              2
              8            011              4
              8            100              5
              8            101              7
              8            110              8
              8            111              7
