Eaten part = 0.298060
Start state = 2
Significant inputs: 2 3 6
Moves: 0 1 2 0 0 0 0 2 0
          state         inputs     next state
              0            000              5
              0            001              1
              0            010              5
              0            011              8
              0            100              2
              0            101              7
              0            110              2
              0            111              6
              1            000              5
              1            001              8
              1            010              2
              1            011              3
              1            100              3
              1            101              8
              1            110              6
              1            111              6
              2            000              0
              2            001              6
              2            010              3
              2            011              3
              2            100              5
              2            101              0
              2            110              3
              2            111              1
              3            000              0
              3            001              0
              3            010              5
              3            011              3
              3            100              2
              3            101              2
              3            110              2
              3            111              4
              4            000              5
              4            001              1
              4            010              5
              4            011              1
              4            100              3
              4            101              5
              4            110              0
              4            111              5
              5            000              5
              5            001              1
              5            010              0
              5            011              1
              5            100              7
              5            101              8
              5            110              2
              5            111              1
              6            000              3
              6            001              4
              6            010              0
              6            011              1
              6            100              5
              6            101              1
              6            110              8
              6            111              8
              7            000              3
              7            001              0
              7            010              5
              7            011              6
              7            100              4
              7            101              4
              7            110              0
              7            111              1
              8            000              3
              8            001              1
              8            010              2
              8            011              6
              8            100              7
              8            101              7
              8            110              7
              8            111              8
