Eaten part = 0.301785
Start state = 4
Significant inputs: 2 5 6
Moves: 0 2 0 0 0 0 1 0 2
          state         inputs     next state
              0            000              5
              0            001              6
              0            010              2
              0            011              0
              0            100              2
              0            101              5
              0            110              4
              0            111              1
              1            000              1
              1            001              7
              1            010              5
              1            011              4
              1            100              0
              1            101              8
              1            110              2
              1            111              7
              2            000              5
              2            001              6
              2            010              3
              2            011              1
              2            100              8
              2            101              6
              2            110              5
              2            111              8
              3            000              5
              3            001              7
              3            010              2
              3            011              1
              3            100              0
              3            101              4
              3            110              3
              3            111              2
              4            000              4
              4            001              6
              4            010              5
              4            011              1
              4            100              7
              4            101              1
              4            110              7
              4            111              1
              5            000              2
              5            001              6
              5            010              7
              5            011              8
              5            100              8
              5            101              4
              5            110              6
              5            111              4
              6            000              0
              6            001              7
              6            010              0
              6            011              2
              6            100              3
              6            101              7
              6            110              1
              6            111              7
              7            000              4
              7            001              5
              7            010              0
              7            011              5
              7            100              1
              7            101              0
              7            110              8
              7            111              0
              8            000              6
              8            001              6
              8            010              2
              8            011              3
              8            100              3
              8            101              4
              8            110              2
              8            111              2
