Eaten part = 0.305019
Start state = 0
Significant inputs: 2 6 7
Moves: 0 1 1 2 1 0 0 2 1
          state         inputs     next state
              0            000              5
              0            001              8
              0            010              3
              0            011              3
              0            100              0
              0            101              0
              0            110              3
              0            111              3
              1            000              6
              1            001              5
              1            010              3
              1            011              5
              1            100              3
              1            101              1
              1            110              4
              1            111              6
              2            000              5
              2            001              5
              2            010              5
              2            011              0
              2            100              4
              2            101              0
              2            110              8
              2            111              0
              3            000              6
              3            001              0
              3            010              0
              3            011              0
              3            100              6
              3            101              5
              3            110              6
              3            111              6
              4            000              2
              4            001              5
              4            010              1
              4            011              5
              4            100              2
              4            101              0
              4            110              7
              4            111              4
              5            000              0
              5            001              8
              5            010              3
              5            011              8
              5            100              0
              5            101              1
              5            110              5
              5            111              6
              6            000              0
              6            001              5
              6            010              3
              6            011              0
              6            100              7
              6            101              6
              6            110              5
              6            111              0
              7            000              5
              7            001              6
              7            010              7
              7            011              1
              7            100              5
              7            101              0
              7            110              1
              7            111              5
              8            000              0
              8            001              6
              8            010              0
              8            011              5
              8            100              6
              8            101              6
              8            110              3
              8            111              0
