Eaten part = 0.251388
Start state = 1
Significant inputs: 1 2 4
Moves: 0 0 0 0 0 0 0 1 2
          state         inputs     next state
              0            000              8
              0            001              4
              0            010              2
              0            011              0
              0            100              1
              0            101              3
              0            110              0
              0            111              7
              1            000              1
              1            001              0
              1            010              7
              1            011              4
              1            100              3
              1            101              8
              1            110              4
              1            111              1
              2            000              2
              2            001              5
              2            010              7
              2            011              7
              2            100              4
              2            101              4
              2            110              8
              2            111              2
              3            000              1
              3            001              2
              3            010              7
              3            011              7
              3            100              1
              3            101              4
              3            110              5
              3            111              4
              4            000              2
              4            001              1
              4            010              1
              4            011              8
              4            100              1
              4            101              8
              4            110              2
              4            111              3
              5            000              7
              5            001              4
              5            010              7
              5            011              6
              5            100              7
              5            101              4
              5            110              0
              5            111              7
              6            000              4
              6            001              8
              6            010              5
              6            011              2
              6            100              1
              6            101              8
              6            110              7
              6            111              7
              7            000              3
              7            001              1
              7            010              1
              7            011              3
              7            100              1
              7            101              3
              7            110              0
              7            111              8
              8            000              2
              8            001              3
              8            010              6
              8            011              3
              8            100              5
              8            101              3
              8            110              3
              8            111              0
