Eaten part = 0.257606
Start state = 2
Significant inputs: 0 4 6
Moves: 0 0 0 1 0 2 0 2 0
          state         inputs     next state
              0            000              3
              0            001              6
              0            010              7
              0            011              3
              0            100              5
              0            101              1
              0            110              6
              0            111              8
              1            000              2
              1            001              6
              1            010              6
              1            011              4
              1            100              5
              1            101              5
              1            110              8
              1            111              8
              2            000              6
              2            001              1
              2            010              6
              2            011              1
              2            100              5
              2            101              3
              2            110              2
              2            111              1
              3            000              0
              3            001              6
              3            010              8
              3            011              2
              3            100              4
              3            101              8
              3            110              2
              3            111              4
              4            000              1
              4            001              3
              4            010              2
              4            011              1
              4            100              2
              4            101              7
              4            110              8
              4            111              2
              5            000              6
              5            001              4
              5            010              0
              5            011              1
              5            100              8
              5            101              4
              5            110              8
              5            111              8
              6            000              2
              6            001              3
              6            010              1
              6            011              4
              6            100              7
              6            101              7
              6            110              4
              6            111              5
              7            000              1
              7            001              8
              7            010              6
              7            011              0
              7            100              2
              7            101              3
              7            110              1
              7            111              2
              8            000              2
              8            001              8
              8            010              8
              8            011              6
              8            100              5
              8            101              7
              8            110              8
              8            111              8
