Eaten part = 0.298280
Start state = 2
Significant inputs: 0 2 6
Moves: 0 0 0 2 0 0 1 0 2
          state         inputs     next state
              0            000              0
              0            001              2
              0            010              6
              0            011              2
              0            100              8
              0            101              7
              0            110              8
              0            111              8
              1            000              0
              1            001              0
              1            010              7
              1            011              3
              1            100              0
              1            101              0
              1            110              4
              1            111              0
              2            000              2
              2            001              2
              2            010              6
              2            011              6
              2            100              8
              2            101              3
              2            110              4
              2            111              4
              3            000              0
              3            001              6
              3            010              0
              3            011              0
              3            100              4
              3            101              5
              3            110              3
              3            111              5
              4            000              2
              4            001              1
              4            010              6
              4            011              7
              4            100              1
              4            101              2
              4            110              0
              4            111              5
              5            000              2
              5            001              5
              5            010              2
              5            011              5
              5            100              8
              5            101              5
              5            110              4
              5            111              8
              6            000              4
              6            001              5
              6            010              0
              6            011              1
              6            100              7
              6            101              4
              6            110              1
              6            111              1
              7            000              2
              7            001              2
              7            010              2
              7            011              7
              7            100              0
              7            101              3
              7            110              3
              7            111              5
              8            000              0
              8            001              7
              8            010              2
              8            011              0
              8            100              2
              8            101              2
              8            110              5
              8            111              1
