Eaten part = 0.301230
Start state = 2
Significant inputs: 2 5 6
Moves: 0 0 0 2 0 2 1 0 1
          state         inputs     next state
              0            000              0
              0            001              8
              0            010              2
              0            011              3
              0            100              5
              0            101              5
              0            110              4
              0            111              4
              1            000              0
              1            001              1
              1            010              0
              1            011              5
              1            100              2
              1            101              4
              1            110              4
              1            111              2
              2            000              0
              2            001              8
              2            010              2
              2            011              2
              2            100              5
              2            101              4
              2            110              8
              2            111              5
              3            000              4
              3            001              2
              3            010              0
              3            011              5
              3            100              1
              3            101              8
              3            110              4
              3            111              1
              4            000              4
              4            001              0
              4            010              2
              4            011              8
              4            100              0
              4            101              3
              4            110              3
              4            111              1
              5            000              7
              5            001              8
              5            010              1
              5            011              7
              5            100              1
              5            101              1
              5            110              2
              5            111              4
              6            000              2
              6            001              1
              6            010              1
              6            011              4
              6            100              0
              6            101              5
              6            110              6
              6            111              4
              7            000              0
              7            001              8
              7            010              2
              7            011              8
              7            100              6
              7            101              0
              7            110              0
              7            111              3
              8            000              7
              8            001              0
              8            010              6
              8            011              5
              8            100              7
              8            101              0
              8            110              1
              8            111              1
