Eaten part = 0.216785
Start state = 3
Significant inputs: 2 5 7
Moves: 2 0 0 0 1 1 0 0 0
          state         inputs     next state
              0            000              1
              0            001              4
              0            010              8
              0            011              1
              0            100              8
              0            101              0
              0            110              3
              0            111              2
              1            000              7
              1            001              2
              1            010              0
              1            011              8
              1            100              3
              1            101              4
              1            110              8
              1            111              7
              2            000              2
              2            001              5
              2            010              1
              2            011              6
              2            100              2
              2            101              6
              2            110              1
              2            111              4
              3            000              7
              3            001              4
              3            010              6
              3            011              2
              3            100              4
              3            101              4
              3            110              6
              3            111              2
              4            000              6
              4            001              2
              4            010              2
              4            011              3
              4            100              3
              4            101              6
              4            110              2
              4            111              0
              5            000              6
              5            001              3
              5            010              8
              5            011              6
              5            100              8
              5            101              8
              5            110              8
              5            111              6
              6            000              2
              6            001              4
              6            010              8
              6            011              8
              6            100              3
              6            101              3
              6            110              4
              6            111              4
              7            000              1
              7            001              0
              7            010              6
              7            011              5
              7            100              4
              7            101              8
              7            110              0
              7            111              8
              8            000              8
              8            001              8
              8            010              6
              8            011              4
              8            100              6
              8            101              4
              8            110              5
              8            111              0
