Eaten part = 0.310260
Start state = 2
Significant inputs: 1 2 6
Moves: 0 0 0 2 2 0 0 1 1
          state         inputs     next state
              0            000              5
              0            001              7
              0            010              7
              0            011              6
              0            100              3
              0            101              6
              0            110              3
              0            111              3
              1            000              1
              1            001              8
              1            010              7
              1            011              4
              1            100              2
              1            101              8
              1            110              2
              1            111              7
              2            000              2
              2            001              0
              2            010              7
              2            011              0
              2            100              3
              2            101              3
              2            110              3
              2            111              3
              3            000              2
              3            001              1
              3            010              1
              3            011              7
              3            100              2
              3            101              6
              3            110              2
              3            111              0
              4            000              5
              4            001              3
              4            010              4
              4            011              4
              4            100              5
              4            101              1
              4            110              5
              4            111              5
              5            000              2
              5            001              2
              5            010              8
              5            011              8
              5            100              5
              5            101              0
              5            110              5
              5            111              3
              6            000              2
              6            001              7
              6            010              7
              6            011              4
              6            100              6
              6            101              5
              6            110              3
              6            111              0
              7            000              0
              7            001              2
              7            010              5
              7            011              0
              7            100              5
              7            101              2
              7            110              2
              7            111              2
              8            000              6
              8            001              1
              8            010              4
              8            011              8
              8            100              3
              8            101              0
              8            110              5
              8            111              5
