Eaten part = 0.213848
Start state = 1
Significant inputs: 0 6 7
Moves: 0 0 0 2 2 0 0 2 0
          state         inputs     next state
              0            000              1
              0            001              1
              0            010              7
              0            011              8
              0            100              5
              0            101              0
              0            110              6
              0            111              5
              1            000              0
              1            001              0
              1            010              7
              1            011              3
              1            100              2
              1            101              6
              1            110              3
              1            111              1
              2            000              6
              2            001              0
              2            010              3
              2            011              4
              2            100              0
              2            101              4
              2            110              6
              2            111              2
              3            000              5
              3            001              3
              3            010              0
              3            011              5
              3            100              6
              3            101              6
              3            110              5
              3            111              3
              4            000              0
              4            001              0
              4            010              0
              4            011              7
              4            100              8
              4            101              3
              4            110              7
              4            111              2
              5            000              1
              5            001              5
              5            010              7
              5            011              7
              5            100              7
              5            101              6
              5            110              3
              5            111              1
              6            000              5
              6            001              6
              6            010              4
              6            011              0
              6            100              2
              6            101              3
              6            110              5
              6            111              2
              7            000              8
              7            001              8
              7            010              8
              7            011              1
              7            100              1
              7            101              2
              7            110              1
              7            111              0
              8            000              0
              8            001              0
              8            010              6
              8            011              1
              8            100              6
              8            101              3
              8            110              8
              8            111              3
