Eaten part = 0.293008
Start state = 4
Significant inputs: 2 6 7
Moves: 0 2 0 2 0 0 0 1 0
          state         inputs     next state
              0            000              5
              0            001              5
              0            010              8
              0            011              3
              0            100              2
              0            101              1
              0            110              1
              0            111              6
              1            000              0
              1            001              4
              1            010              6
              1            011              6
              1            100              6
              1            101              0
              1            110              2
              1            111              4
              2            000              4
              2            001              5
              2            010              3
              2            011              8
              2            100              3
              2            101              6
              2            110              7
              2            111              6
              3            000              8
              3            001              4
              3            010              6
              3            011              0
              3            100              8
              3            101              2
              3            110              8
              3            111              5
              4            000              6
              4            001              5
              4            010              6
              4            011              0
              4            100              6
              4            101              6
              4            110              3
              4            111              3
              5            000              8
              5            001              8
              5            010              3
              5            011              1
              5            100              3
              5            101              6
              5            110              5
              5            111              0
              6            000              8
              6            001              7
              6            010              3
              6            011              3
              6            100              5
              6            101              8
              6            110              5
              6            111              7
              7            000              4
              7            001              5
              7            010              0
              7            011              6
              7            100              2
              7            101              8
              7            110              5
              7            111              5
              8            000              8
              8            001              7
              8            010              3
              8            011              6
              8            100              0
              8            101              7
              8            110              6
              8            111              7
