Eaten part = 0.242202
Start state = 0
Significant inputs: 3 5 6
Moves: 2 0 2 1 0 1 0 1 0
          state         inputs     next state
              0            000              3
              0            001              2
              0            010              6
              0            011              5
              0            100              7
              0            101              4
              0            110              1
              0            111              8
              1            000              8
              1            001              5
              1            010              2
              1            011              5
              1            100              4
              1            101              5
              1            110              4
              1            111              6
              2            000              1
              2            001              1
              2            010              4
              2            011              8
              2            100              7
              2            101              0
              2            110              6
              2            111              3
              3            000              2
              3            001              2
              3            010              4
              3            011              1
              3            100              1
              3            101              6
              3            110              6
              3            111              7
              4            000              4
              4            001              4
              4            010              6
              4            011              1
              4            100              0
              4            101              0
              4            110              2
              4            111              7
              5            000              8
              5            001              6
              5            010              7
              5            011              3
              5            100              7
              5            101              2
              5            110              4
              5            111              4
              6            000              4
              6            001              4
              6            010              4
              6            011              4
              6            100              4
              6            101              5
              6            110              3
              6            111              7
              7            000              6
              7            001              2
              7            010              3
              7            011              0
              7            100              6
              7            101              2
              7            110              4
              7            111              7
              8            000              3
              8            001              4
              8            010              6
              8            011              5
              8            100              0
              8            101              1
              8            110              0
              8            111              5
