Eaten part = 0.304796
Start state = 2
Significant inputs: 2 4 6
Moves: 1 0 0 0 0 2 0 0 0
          state         inputs     next state
              0            000              7
              0            001              1
              0            010              4
              0            011              4
              0            100              7
              0            101              2
              0            110              3
              0            111              7
              1            000              1
              1            001              7
              1            010              8
              1            011              5
              1            100              5
              1            101              8
              1            110              7
              1            111              3
              2            000              4
              2            001              0
              2            010              4
              2            011              5
              2            100              5
              2            101              2
              2            110              4
              2            111              2
              3            000              4
              3            001              8
              3            010              8
              3            011              6
              3            100              2
              3            101              5
              3            110              6
              3            111              0
              4            000              4
              4            001              0
              4            010              4
              4            011              3
              4            100              5
              4            101              4
              4            110              4
              4            111              8
              5            000              2
              5            001              8
              5            010              4
              5            011              4
              5            100              4
              5            101              3
              5            110              4
              5            111              4
              6            000              2
              6            001              7
              6            010              7
              6            011              2
              6            100              6
              6            101              6
              6            110              1
              6            111              3
              7            000              4
              7            001              0
              7            010              2
              7            011              1
              7            100              1
              7            101              7
              7            110              4
              7            111              4
              8            000              4
              8            001              2
              8            010              7
              8            011              6
              8            100              8
              8            101              1
              8            110              6
              8            111              2
