Eaten part = 0.239448
Start state = 2
Significant inputs: 5 6 7
Moves: 1 0 1 0 0 0 0 0 2
          state         inputs     next state
              0            000              6
              0            001              7
              0            010              3
              0            011              6
              0            100              3
              0            101              6
              0            110              7
              0            111              2
              1            000              4
              1            001              4
              1            010              2
              1            011              8
              1            100              5
              1            101              0
              1            110              4
              1            111              4
              2            000              5
              2            001              1
              2            010              3
              2            011              8
              2            100              8
              2            101              1
              2            110              0
              2            111              3
              3            000              5
              3            001              5
              3            010              3
              3            011              4
              3            100              3
              3            101              8
              3            110              8
              3            111              2
              4            000              4
              4            001              4
              4            010              8
              4            011              6
              4            100              0
              4            101              2
              4            110              2
              4            111              0
              5            000              5
              5            001              2
              5            010              8
              5            011              0
              5            100              6
              5            101              3
              5            110              4
              5            111              8
              6            000              5
              6            001              5
              6            010              6
              6            011              7
              6            100              4
              6            101              1
              6            110              6
              6            111              8
              7            000              3
              7            001              1
              7            010              7
              7            011              6
              7            100              2
              7            101              8
              7            110              0
              7            111              4
              8            000              4
              8            001              6
              8            010              3
              8            011              7
              8            100              5
              8            101              3
              8            110              4
              8            111              4
