Eaten part = 0.233421
Start state = 8
Significant inputs: 0 2 4
Moves: 0 0 0 2 0 0 1 0 1
          state         inputs     next state
              0            000              7
              0            001              0
              0            010              1
              0            011              0
              0            100              5
              0            101              2
              0            110              3
              0            111              7
              1            000              4
              1            001              6
              1            010              5
              1            011              4
              1            100              2
              1            101              1
              1            110              1
              1            111              0
              2            000              2
              2            001              8
              2            010              8
              2            011              2
              2            100              5
              2            101              5
              2            110              2
              2            111              1
              3            000              2
              3            001              5
              3            010              2
              3            011              4
              3            100              6
              3            101              8
              3            110              8
              3            111              4
              4            000              7
              4            001              2
              4            010              7
              4            011              0
              4            100              5
              4            101              2
              4            110              2
              4            111              5
              5            000              2
              5            001              7
              5            010              8
              5            011              6
              5            100              4
              5            101              2
              5            110              7
              5            111              6
              6            000              2
              6            001              2
              6            010              1
              6            011              5
              6            100              3
              6            101              4
              6            110              3
              6            111              2
              7            000              1
              7            001              7
              7            010              5
              7            011              6
              7            100              2
              7            101              0
              7            110              2
              7            111              3
              8            000              1
              8            001              5
              8            010              0
              8            011              7
              8            100              3
              8            101              1
              8            110              3
              8            111              2
