Eaten part = 0.293463
Start state = 8
Significant inputs: 2 3 6
Moves: 0 0 0 0 2 0 0 0 1
          state         inputs     next state
              0            000              6
              0            001              1
              0            010              7
              0            011              6
              0            100              4
              0            101              8
              0            110              5
              0            111              0
              1            000              1
              1            001              2
              1            010              3
              1            011              4
              1            100              2
              1            101              5
              1            110              4
              1            111              2
              2            000              3
              2            001              1
              2            010              8
              2            011              2
              2            100              0
              2            101              4
              2            110              0
              2            111              5
              3            000              3
              3            001              8
              3            010              3
              3            011              8
              3            100              4
              3            101              4
              3            110              4
              3            111              8
              4            000              1
              4            001              3
              4            010              3
              4            011              3
              4            100              3
              4            101              6
              4            110              6
              4            111              6
              5            000              8
              5            001              5
              5            010              6
              5            011              8
              5            100              1
              5            101              5
              5            110              0
              5            111              4
              6            000              3
              6            001              6
              6            010              2
              6            011              3
              6            100              5
              6            101              3
              6            110              0
              6            111              2
              7            000              1
              7            001              0
              7            010              5
              7            011              5
              7            100              2
              7            101              3
              7            110              8
              7            111              5
              8            000              3
              8            001              1
              8            010              3
              8            011              4
              8            100              5
              8            101              1
              8            110              4
              8            111              8
