Eaten part = 0.255206
Start state = 1
Significant inputs: 1 2 3
Moves: 2 2 0 0 1 2 2 0 0
          state         inputs     next state
              0            000              5
              0            001              2
              0            010              5
              0            011              6
              0            100              4
              0            101              5
              0            110              5
              0            111              1
              1            000              3
              1            001              0
              1            010              7
              1            011              0
              1            100              1
              1            101              3
              1            110              4
              1            111              8
              2            000              0
              2            001              3
              2            010              4
              2            011              3
              2            100              5
              2            101              3
              2            110              7
              2            111              7
              3            000              3
              3            001              3
              3            010              4
              3            011              8
              3            100              3
              3            101              8
              3            110              4
              3            111              3
              4            000              6
              4            001              7
              4            010              5
              4            011              2
              4            100              4
              4            101              2
              4            110              4
              4            111              7
              5            000              3
              5            001              1
              5            010              3
              5            011              6
              5            100              4
              5            101              5
              5            110              3
              5            111              8
              6            000              0
              6            001              2
              6            010              8
              6            011              3
              6            100              4
              6            101              6
              6            110              4
              6            111              4
              7            000              5
              7            001              2
              7            010              2
              7            011              8
              7            100              7
              7            101              5
              7            110              0
              7            111              1
              8            000              8
              8            001              8
              8            010              0
              8            011              8
              8            100              3
              8            101              2
              8            110              4
              8            111              4
