Eaten part = 0.256767
Start state = 0
Significant inputs: 1 2 4
Moves: 0 0 2 0 1 0 0 0 2
          state         inputs     next state
              0            000              3
              0            001              7
              0            010              2
              0            011              4
              0            100              6
              0            101              1
              0            110              2
              0            111              5
              1            000              5
              1            001              3
              1            010              2
              1            011              2
              1            100              6
              1            101              4
              1            110              6
              1            111              8
              2            000              3
              2            001              6
              2            010              2
              2            011              0
              2            100              8
              2            101              5
              2            110              4
              2            111              1
              3            000              8
              3            001              3
              3            010              0
              3            011              7
              3            100              5
              3            101              0
              3            110              6
              3            111              3
              4            000              6
              4            001              7
              4            010              7
              4            011              6
              4            100              0
              4            101              3
              4            110              6
              4            111              8
              5            000              6
              5            001              8
              5            010              2
              5            011              4
              5            100              6
              5            101              2
              5            110              5
              5            111              3
              6            000              6
              6            001              6
              6            010              4
              6            011              4
              6            100              6
              6            101              0
              6            110              6
              6            111              4
              7            000              0
              7            001              1
              7            010              7
              7            011              5
              7            100              6
              7            101              6
              7            110              5
              7            111              5
              8            000              6
              8            001              5
              8            010              1
              8            011              4
              8            100              6
              8            101              3
              8            110              6
              8            111              2
