Eaten part = 0.250130
Start state = 7
Significant inputs: 3 4 6
Moves: 1 0 2 2 0 0 0 0 0
          state         inputs     next state
              0            000              5
              0            001              3
              0            010              8
              0            011              2
              0            100              4
              0            101              3
              0            110              4
              0            111              4
              1            000              7
              1            001              3
              1            010              1
              1            011              4
              1            100              2
              1            101              7
              1            110              8
              1            111              3
              2            000              7
              2            001              4
              2            010              8
              2            011              2
              2            100              7
              2            101              0
              2            110              6
              2            111              7
              3            000              7
              3            001              5
              3            010              7
              3            011              6
              3            100              6
              3            101              2
              3            110              7
              3            111              3
              4            000              7
              4            001              8
              4            010              5
              4            011              7
              4            100              2
              4            101              4
              4            110              0
              4            111              7
              5            000              4
              5            001              0
              5            010              6
              5            011              1
              5            100              3
              5            101              4
              5            110              4
              5            111              5
              6            000              5
              6            001              7
              6            010              8
              6            011              6
              6            100              4
              6            101              0
              6            110              2
              6            111              7
              7            000              7
              7            001              8
              7            010              4
              7            011              4
              7            100              2
              7            101              4
              7            110              7
              7            111              4
              8            000              8
              8            001              7
              8            010              7
              8            011              3
              8            100              3
              8            101              8
              8            110              7
              8            111              5
