Eaten part = 0.272258
Start state = 3
Significant inputs: 2 4 7
Moves: 1 1 0 0 0 1 0 0 2
          state         inputs     next state
              0            000              7
              0            001              6
              0            010              2
              0            011              4
              0            100              0
              0            101              1
              0            110              4
              0            111              7
              1            000              5
              1            001              3
              1            010              8
              1            011              0
              1            100              2
              1            101              5
              1            110              3
              1            111              4
              2            000              8
              2            001              5
              2            010              7
              2            011              6
              2            100              8
              2            101              7
              2            110              4
              2            111              7
              3            000              6
              3            001              5
              3            010              6
              3            011              0
              3            100              3
              3            101              5
              3            110              3
              3            111              7
              4            000              4
              4            001              5
              4            010              6
              4            011              4
              4            100              7
              4            101              5
              4            110              7
              4            111              7
              5            000              2
              5            001              2
              5            010              2
              5            011              4
              5            100              6
              5            101              2
              5            110              6
              5            111              0
              6            000              3
              6            001              5
              6            010              6
              6            011              3
              6            100              7
              6            101              5
              6            110              7
              6            111              3
              7            000              2
              7            001              5
              7            010              6
              7            011              5
              7            100              8
              7            101              0
              7            110              6
              7            111              6
              8            000              6
              8            001              3
              8            010              3
              8            011              5
              8            100              2
              8            101              6
              8            110              3
              8            111              6
