Eaten part = 0.252382
Start state = 4
Significant inputs: 0 1 2
Moves: 0 1 0 1 0 2 0 0 0
          state         inputs     next state
              0            000              2
              0            001              6
              0            010              6
              0            011              6
              0            100              4
              0            101              0
              0            110              2
              0            111              0
              1            000              3
              1            001              2
              1            010              4
              1            011              6
              1            100              0
              1            101              5
              1            110              8
              1            111              7
              2            000              2
              2            001              2
              2            010              6
              2            011              7
              2            100              1
              2            101              1
              2            110              4
              2            111              4
              3            000              4
              3            001              5
              3            010              8
              3            011              6
              3            100              8
              3            101              0
              3            110              1
              3            111              1
              4            000              0
              4            001              5
              4            010              8
              4            011              1
              4            100              7
              4            101              1
              4            110              7
              4            111              0
              5            000              7
              5            001              0
              5            010              7
              5            011              7
              5            100              4
              5            101              7
              5            110              6
              5            111              6
              6            000              7
              6            001              2
              6            010              4
              6            011              0
              6            100              5
              6            101              4
              6            110              6
              6            111              1
              7            000              2
              7            001              2
              7            010              0
              7            011              7
              7            100              1
              7            101              7
              7            110              2
              7            111              5
              8            000              5
              8            001              5
              8            010              8
              8            011              6
              8            100              5
              8            101              5
              8            110              0
              8            111              8
