Eaten part = 0.296377
Start state = 7
Significant inputs: 1 2 6
Moves: 2 0 2 0 1 1 0 0 0
          state         inputs     next state
              0            000              3
              0            001              3
              0            010              7
              0            011              7
              0            100              7
              0            101              5
              0            110              7
              0            111              4
              1            000              7
              1            001              2
              1            010              6
              1            011              1
              1            100              0
              1            101              5
              1            110              0
              1            111              6
              2            000              7
              2            001              8
              2            010              7
              2            011              0
              2            100              6
              2            101              7
              2            110              8
              2            111              1
              3            000              6
              3            001              1
              3            010              6
              3            011              1
              3            100              8
              3            101              6
              3            110              4
              3            111              2
              4            000              7
              4            001              0
              4            010              3
              4            011              3
              4            100              6
              4            101              0
              4            110              7
              4            111              5
              5            000              1
              5            001              3
              5            010              4
              5            011              6
              5            100              2
              5            101              6
              5            110              0
              5            111              1
              6            000              6
              6            001              3
              6            010              5
              6            011              3
              6            100              2
              6            101              1
              6            110              5
              6            111              5
              7            000              6
              7            001              6
              7            010              4
              7            011              1
              7            100              6
              7            101              7
              7            110              3
              7            111              2
              8            000              1
              8            001              8
              8            010              8
              8            011              7
              8            100              7
              8            101              4
              8            110              4
              8            111              1
