Eaten part = 0.240948
Start state = 7
Significant inputs: 1 2 5
Moves: 2 0 2 0 0 0 1 0 0
          state         inputs     next state
              0            000              7
              0            001              5
              0            010              7
              0            011              5
              0            100              7
              0            101              7
              0            110              4
              0            111              7
              1            000              5
              1            001              2
              1            010              6
              1            011              4
              1            100              3
              1            101              5
              1            110              6
              1            111              0
              2            000              7
              2            001              1
              2            010              6
              2            011              5
              2            100              4
              2            101              5
              2            110              1
              2            111              2
              3            000              1
              3            001              8
              3            010              0
              3            011              4
              3            100              5
              3            101              4
              3            110              1
              3            111              4
              4            000              8
              4            001              1
              4            010              4
              4            011              7
              4            100              5
              4            101              8
              4            110              6
              4            111              5
              5            000              5
              5            001              1
              5            010              6
              5            011              1
              5            100              7
              5            101              5
              5            110              6
              5            111              4
              6            000              0
              6            001              4
              6            010              5
              6            011              5
              6            100              4
              6            101              4
              6            110              2
              6            111              1
              7            000              5
              7            001              8
              7            010              6
              7            011              7
              7            100              0
              7            101              8
              7            110              4
              7            111              7
              8            000              7
              8            001              2
              8            010              6
              8            011              5
              8            100              1
              8            101              8
              8            110              5
              8            111              0
