Eaten part = 0.283122
Start state = 1
Significant inputs: 2 3 6
Moves: 0 0 1 1 0 0 0 2 0
          state         inputs     next state
              0            000              1
              0            001              5
              0            010              3
              0            011              3
              0            100              2
              0            101              8
              0            110              1
              0            111              4
              1            000              5
              1            001              2
              1            010              4
              1            011              0
              1            100              7
              1            101              2
              1            110              7
              1            111              3
              2            000              1
              2            001              1
              2            010              8
              2            011              0
              2            100              5
              2            101              8
              2            110              5
              2            111              5
              3            000              0
              3            001              5
              3            010              0
              3            011              0
              3            100              2
              3            101              3
              3            110              0
              3            111              1
              4            000              1
              4            001              3
              4            010              5
              4            011              2
              4            100              7
              4            101              8
              4            110              1
              4            111              3
              5            000              5
              5            001              2
              5            010              1
              5            011              8
              5            100              7
              5            101              2
              5            110              1
              5            111              0
              6            000              6
              6            001              3
              6            010              5
              6            011              6
              6            100              6
              6            101              3
              6            110              8
              6            111              8
              7            000              6
              7            001              6
              7            010              8
              7            011              8
              7            100              4
              7            101              0
              7            110              5
              7            111              7
              8            000              5
              8            001              7
              8            010              1
              8            011              0
              8            100              7
              8            101              2
              8            110              8
              8            111              6
