Eaten part = 0.263200
Start state = 2
Significant inputs: 1 2 6
Moves: 1 1 0 1 0 0 1 0 0
          state         inputs     next state
              0            000              3
              0            001              8
              0            010              1
              0            011              4
              0            100              0
              0            101              8
              0            110              0
              0            111              8
              1            000              7
              1            001              5
              1            010              6
              1            011              7
              1            100              3
              1            101              5
              1            110              0
              1            111              4
              2            000              7
              2            001              6
              2            010              0
              2            011              2
              2            100              1
              2            101              0
              2            110              2
              2            111              4
              3            000              1
              3            001              8
              3            010              5
              3            011              8
              3            100              3
              3            101              3
              3            110              8
              3            111              8
              4            000              7
              4            001              4
              4            010              0
              4            011              0
              4            100              0
              4            101              8
              4            110              8
              4            111              4
              5            000              7
              5            001              7
              5            010              0
              5            011              8
              5            100              2
              5            101              7
              5            110              4
              5            111              6
              6            000              4
              6            001              3
              6            010              7
              6            011              8
              6            100              1
              6            101              0
              6            110              3
              6            111              5
              7            000              7
              7            001              3
              7            010              0
              7            011              2
              7            100              0
              7            101              8
              7            110              3
              7            111              7
              8            000              4
              8            001              8
              8            010              1
              8            011              3
              8            100              8
              8            101              1
              8            110              0
              8            111              8
