Eaten part = 0.257753
Start state = 2
Significant inputs: 4 6 7
Moves: 2 0 0 0 0 1 0 0 0
          state         inputs     next state
              0            000              7
              0            001              5
              0            010              8
              0            011              8
              0            100              8
              0            101              6
              0            110              8
              0            111              8
              1            000              6
              1            001              7
              1            010              0
              1            011              7
              1            100              5
              1            101              8
              1            110              3
              1            111              0
              2            000              7
              2            001              1
              2            010              5
              2            011              8
              2            100              7
              2            101              7
              2            110              6
              2            111              7
              3            000              2
              3            001              5
              3            010              0
              3            011              6
              3            100              2
              3            101              6
              3            110              8
              3            111              6
              4            000              8
              4            001              4
              4            010              4
              4            011              7
              4            100              2
              4            101              1
              4            110              6
              4            111              0
              5            000              7
              5            001              6
              5            010              7
              5            011              3
              5            100              7
              5            101              8
              5            110              1
              5            111              7
              6            000              4
              6            001              1
              6            010              0
              6            011              3
              6            100              3
              6            101              8
              6            110              7
              6            111              3
              7            000              7
              7            001              8
              7            010              0
              7            011              2
              7            100              6
              7            101              6
              7            110              0
              7            111              4
              8            000              5
              8            001              2
              8            010              0
              8            011              7
              8            100              7
              8            101              1
              8            110              0
              8            111              3
