Eaten part = 0.196673
Start state = 1
Significant inputs: 0 4 5
Moves: 1 1 2 2 2 1 0 0 0
          state         inputs     next state
              0            000              7
              0            001              5
              0            010              1
              0            011              7
              0            100              2
              0            101              7
              0            110              5
              0            111              3
              1            000              6
              1            001              6
              1            010              1
              1            011              6
              1            100              5
              1            101              3
              1            110              3
              1            111              0
              2            000              7
              2            001              1
              2            010              1
              2            011              0
              2            100              7
              2            101              7
              2            110              8
              2            111              7
              3            000              3
              3            001              2
              3            010              2
              3            011              3
              3            100              6
              3            101              4
              3            110              7
              3            111              6
              4            000              6
              4            001              1
              4            010              1
              4            011              2
              4            100              4
              4            101              2
              4            110              2
              4            111              8
              5            000              6
              5            001              0
              5            010              2
              5            011              7
              5            100              3
              5            101              1
              5            110              3
              5            111              3
              6            000              2
              6            001              8
              6            010              7
              6            011              8
              6            100              5
              6            101              7
              6            110              8
              6            111              7
              7            000              7
              7            001              2
              7            010              6
              7            011              8
              7            100              6
              7            101              2
              7            110              7
              7            111              7
              8            000              7
              8            001              0
              8            010              2
              8            011              7
              8            100              4
              8            101              8
              8            110              6
              8            111              4
