Eaten part = 0.219002
Start state = 5
Significant inputs: 2 3 7
Moves: 0 0 1 2 0 0 0 0 1
          state         inputs     next state
              0            000              4
              0            001              0
              0            010              0
              0            011              8
              0            100              0
              0            101              0
              0            110              2
              0            111              1
              1            000              4
              1            001              1
              1            010              1
              1            011              2
              1            100              1
              1            101              2
              1            110              8
              1            111              2
              2            000              7
              2            001              5
              2            010              4
              2            011              3
              2            100              5
              2            101              1
              2            110              7
              2            111              3
              3            000              5
              3            001              1
              3            010              4
              3            011              4
              3            100              5
              3            101              5
              3            110              5
              3            111              7
              4            000              6
              4            001              2
              4            010              4
              4            011              5
              4            100              5
              4            101              2
              4            110              5
              4            111              8
              5            000              7
              5            001              2
              5            010              5
              5            011              7
              5            100              0
              5            101              3
              5            110              2
              5            111              0
              6            000              4
              6            001              2
              6            010              3
              6            011              6
              6            100              6
              6            101              5
              6            110              6
              6            111              1
              7            000              0
              7            001              5
              7            010              7
              7            011              3
              7            100              6
              7            101              4
              7            110              6
              7            111              4
              8            000              7
              8            001              6
              8            010              1
              8            011              2
              8            100              7
              8            101              5
              8            110              8
              8            111              7
