Eaten part = 0.243610
Start state = 1
Significant inputs: 5 6 7
Moves: 2 2 2 0 0 1 0 0 0
          state         inputs     next state
              0            000              4
              0            001              7
              0            010              8
              0            011              3
              0            100              2
              0            101              4
              0            110              3
              0            111              3
              1            000              5
              1            001              8
              1            010              6
              1            011              7
              1            100              0
              1            101              4
              1            110              8
              1            111              7
              2            000              5
              2            001              8
              2            010              2
              2            011              6
              2            100              7
              2            101              2
              2            110              3
              2            111              0
              3            000              5
              3            001              4
              3            010              5
              3            011              4
              3            100              7
              3            101              8
              3            110              5
              3            111              8
              4            000              7
              4            001              0
              4            010              7
              4            011              7
              4            100              8
              4            101              8
              4            110              1
              4            111              4
              5            000              6
              5            001              6
              5            010              7
              5            011              4
              5            100              3
              5            101              6
              5            110              4
              5            111              7
              6            000              6
              6            001              5
              6            010              1
              6            011              3
              6            100              8
              6            101              4
              6            110              5
              6            111              8
              7            000              8
              7            001              1
              7            010              3
              7            011              2
              7            100              8
              7            101              6
              7            110              7
              7            111              0
              8            000              8
              8            001              2
              8            010              0
              8            011              2
              8            100              8
              8            101              5
              8            110              5
              8            111              0
