Eaten part = 0.238122
Start state = 1
Significant inputs: 0 6 7
Moves: 0 0 1 1 2 0 0 0 2
          state         inputs     next state
              0            000              5
              0            001              0
              0            010              0
              0            011              0
              0            100              5
              0            101              1
              0            110              4
              0            111              6
              1            000              1
              1            001              7
              1            010              8
              1            011              5
              1            100              5
              1            101              5
              1            110              4
              1            111              5
              2            000              4
              2            001              6
              2            010              4
              2            011              5
              2            100              4
              2            101              1
              2            110              5
              2            111              7
              3            000              4
              3            001              7
              3            010              0
              3            011              2
              3            100              1
              3            101              5
              3            110              1
              3            111              6
              4            000              1
              4            001              7
              4            010              1
              4            011              5
              4            100              1
              4            101              6
              4            110              1
              4            111              1
              5            000              5
              5            001              5
              5            010              8
              5            011              8
              5            100              6
              5            101              2
              5            110              4
              5            111              8
              6            000              5
              6            001              1
              6            010              3
              6            011              4
              6            100              2
              6            101              8
              6            110              7
              6            111              1
              7            000              5
              7            001              2
              7            010              0
              7            011              1
              7            100              7
              7            101              5
              7            110              0
              7            111              8
              8            000              5
              8            001              0
              8            010              5
              8            011              3
              8            100              7
              8            101              5
              8            110              0
              8            111              0
