Eaten part = 0.241487
Start state = 1
Significant inputs: 1 5 6
Moves: 2 2 0 2 0 0 1 0 0
          state         inputs     next state
              0            000              5
              0            001              1
              0            010              6
              0            011              7
              0            100              2
              0            101              2
              0            110              7
              0            111              5
              1            000              6
              1            001              3
              1            010              8
              1            011              8
              1            100              8
              1            101              6
              1            110              4
              1            111              4
              2            000              4
              2            001              4
              2            010              2
              2            011              3
              2            100              1
              2            101              7
              2            110              5
              2            111              0
              3            000              4
              3            001              4
              3            010              8
              3            011              5
              3            100              4
              3            101              2
              3            110              4
              3            111              8
              4            000              2
              4            001              8
              4            010              5
              4            011              7
              4            100              1
              4            101              1
              4            110              3
              4            111              8
              5            000              8
              5            001              8
              5            010              5
              5            011              8
              5            100              2
              5            101              3
              5            110              3
              5            111              5
              6            000              8
              6            001              5
              6            010              4
              6            011              4
              6            100              0
              6            101              4
              6            110              7
              6            111              0
              7            000              1
              7            001              1
              7            010              8
              7            011              6
              7            100              4
              7            101              4
              7            110              6
              7            111              7
              8            000              2
              8            001              8
              8            010              5
              8            011              0
              8            100              1
              8            101              1
              8            110              5
              8            111              8
