Eaten part = 0.168071
Start state = 7
Significant inputs: 0 4 7
Moves: 2 2 2 1 1 1 1 0 1
          state         inputs     next state
              0            000              0
              0            001              0
              0            010              1
              0            011              7
              0            100              7
              0            101              0
              0            110              7
              0            111              5
              1            000              5
              1            001              0
              1            010              2
              1            011              8
              1            100              7
              1            101              7
              1            110              3
              1            111              8
              2            000              2
              2            001              2
              2            010              7
              2            011              7
              2            100              7
              2            101              4
              2            110              1
              2            111              2
              3            000              5
              3            001              7
              3            010              2
              3            011              0
              3            100              0
              3            101              3
              3            110              2
              3            111              8
              4            000              5
              4            001              7
              4            010              1
              4            011              8
              4            100              8
              4            101              0
              4            110              2
              4            111              2
              5            000              7
              5            001              2
              5            010              1
              5            011              6
              5            100              0
              5            101              5
              5            110              7
              5            111              8
              6            000              3
              6            001              2
              6            010              3
              6            011              7
              6            100              0
              6            101              1
              6            110              1
              6            111              4
              7            000              1
              7            001              7
              7            010              7
              7            011              7
              7            100              4
              7            101              3
              7            110              1
              7            111              7
              8            000              4
              8            001              7
              8            010              3
              8            011              7
              8            100              0
              8            101              8
              8            110              7
              8            111              7
