Eaten part = 0.294951
Start state = 2
Significant inputs: 0 2 6
Moves: 0 2 0 0 0 1 0 1 0
          state         inputs     next state
              0            000              3
              0            001              3
              0            010              7
              0            011              0
              0            100              1
              0            101              7
              0            110              3
              0            111              4
              1            000              6
              1            001              4
              1            010              3
              1            011              3
              1            100              8
              1            101              6
              1            110              2
              1            111              0
              2            000              4
              2            001              3
              2            010              4
              2            011              7
              2            100              0
              2            101              1
              2            110              3
              2            111              7
              3            000              8
              3            001              3
              3            010              5
              3            011              5
              3            100              1
              3            101              2
              3            110              1
              3            111              1
              4            000              3
              4            001              8
              4            010              4
              4            011              2
              4            100              8
              4            101              4
              4            110              7
              4            111              3
              5            000              4
              5            001              3
              5            010              8
              5            011              8
              5            100              6
              5            101              0
              5            110              3
              5            111              5
              6            000              3
              6            001              8
              6            010              5
              6            011              4
              6            100              1
              6            101              8
              6            110              3
              6            111              2
              7            000              6
              7            001              6
              7            010              1
              7            011              6
              7            100              4
              7            101              6
              7            110              4
              7            111              8
              8            000              8
              8            001              0
              8            010              5
              8            011              5
              8            100              1
              8            101              6
              8            110              7
              8            111              1
