Eaten part = 0.304955
Start state = 8
Significant inputs: 2 6 7
Moves: 0 0 1 0 0 2 0 0 0
          state         inputs     next state
              0            000              7
              0            001              3
              0            010              4
              0            011              1
              0            100              3
              0            101              5
              0            110              6
              0            111              4
              1            000              2
              1            001              2
              1            010              8
              1            011              8
              1            100              3
              1            101              3
              1            110              1
              1            111              5
              2            000              4
              2            001              7
              2            010              8
              2            011              6
              2            100              7
              2            101              6
              2            110              1
              2            111              4
              3            000              1
              3            001              0
              3            010              1
              3            011              7
              3            100              8
              3            101              1
              3            110              6
              3            111              8
              4            000              4
              4            001              2
              4            010              5
              4            011              5
              4            100              4
              4            101              2
              4            110              4
              4            111              4
              5            000              4
              5            001              4
              5            010              1
              5            011              1
              5            100              0
              5            101              6
              5            110              1
              5            111              7
              6            000              4
              6            001              4
              6            010              5
              6            011              2
              6            100              7
              6            101              0
              6            110              4
              6            111              5
              7            000              4
              7            001              2
              7            010              4
              7            011              5
              7            100              6
              7            101              3
              7            110              5
              7            111              1
              8            000              4
              8            001              7
              8            010              3
              8            011              2
              8            100              6
              8            101              2
              8            110              8
              8            111              6
