Eaten part = 0.233007
Start state = 6
Significant inputs: 1 2 5
Moves: 1 0 0 2 0 1 0 0 0
          state         inputs     next state
              0            000              2
              0            001              2
              0            010              6
              0            011              6
              0            100              1
              0            101              6
              0            110              1
              0            111              8
              1            000              2
              1            001              5
              1            010              5
              1            011              7
              1            100              2
              1            101              3
              1            110              4
              1            111              8
              2            000              6
              2            001              6
              2            010              0
              2            011              1
              2            100              5
              2            101              0
              2            110              5
              2            111              3
              3            000              8
              3            001              6
              3            010              4
              3            011              0
              3            100              6
              3            101              8
              3            110              0
              3            111              7
              4            000              8
              4            001              6
              4            010              2
              4            011              4
              4            100              0
              4            101              0
              4            110              1
              4            111              4
              5            000              0
              5            001              1
              5            010              2
              5            011              7
              5            100              5
              5            101              8
              5            110              0
              5            111              6
              6            000              7
              6            001              7
              6            010              5
              6            011              3
              6            100              1
              6            101              5
              6            110              0
              6            111              2
              7            000              7
              7            001              4
              7            010              0
              7            011              5
              7            100              1
              7            101              5
              7            110              0
              7            111              1
              8            000              1
              8            001              6
              8            010              0
              8            011              0
              8            100              8
              8            101              6
              8            110              3
              8            111              6
