Eaten part = 0.243255
Start state = 7
Significant inputs: 4 5 6
Moves: 0 0 2 0 0 0 2 0 0
          state         inputs     next state
              0            000              7
              0            001              8
              0            010              4
              0            011              4
              0            100              3
              0            101              6
              0            110              1
              0            111              0
              1            000              3
              1            001              7
              1            010              4
              1            011              0
              1            100              7
              1            101              8
              1            110              6
              1            111              4
              2            000              3
              2            001              6
              2            010              1
              2            011              1
              2            100              8
              2            101              5
              2            110              0
              2            111              6
              3            000              7
              3            001              1
              3            010              8
              3            011              7
              3            100              5
              3            101              8
              3            110              1
              3            111              7
              4            000              8
              4            001              5
              4            010              6
              4            011              1
              4            100              2
              4            101              7
              4            110              7
              4            111              5
              5            000              8
              5            001              4
              5            010              6
              5            011              7
              5            100              6
              5            101              3
              5            110              2
              5            111              3
              6            000              1
              6            001              3
              6            010              3
              6            011              0
              6            100              3
              6            101              3
              6            110              4
              6            111              1
              7            000              5
              7            001              5
              7            010              8
              7            011              8
              7            100              2
              7            101              4
              7            110              7
              7            111              8
              8            000              7
              8            001              8
              8            010              8
              8            011              0
              8            100              6
              8            101              0
              8            110              4
              8            111              8
