Eaten part = 0.252982
Start state = 6
Significant inputs: 0 1 2
Moves: 1 0 0 1 2 1 0 0 0
          state         inputs     next state
              0            000              7
              0            001              1
              0            010              8
              0            011              2
              0            100              6
              0            101              6
              0            110              7
              0            111              6
              1            000              1
              1            001              5
              1            010              8
              1            011              4
              1            100              2
              1            101              5
              1            110              0
              1            111              2
              2            000              2
              2            001              8
              2            010              7
              2            011              7
              2            100              5
              2            101              5
              2            110              3
              2            111              4
              3            000              7
              3            001              6
              3            010              7
              3            011              2
              3            100              8
              3            101              3
              3            110              6
              3            111              4
              4            000              2
              4            001              8
              4            010              5
              4            011              5
              4            100              1
              4            101              6
              4            110              7
              4            111              7
              5            000              3
              5            001              3
              5            010              8
              5            011              8
              5            100              2
              5            101              1
              5            110              7
              5            111              2
              6            000              2
              6            001              7
              6            010              1
              6            011              2
              6            100              4
              6            101              3
              6            110              6
              6            111              0
              7            000              4
              7            001              7
              7            010              8
              7            011              5
              7            100              0
              7            101              8
              7            110              2
              7            111              4
              8            000              2
              8            001              4
              8            010              0
              8            011              8
              8            100              5
              8            101              5
              8            110              2
              8            111              3
