Eaten part = 0.316634
Start state = 2
Significant inputs: 2 4 6
Moves: 2 2 0 0 0 1 0 2 0
          state         inputs     next state
              0            000              2
              0            001              4
              0            010              6
              0            011              6
              0            100              2
              0            101              8
              0            110              8
              0            111              8
              1            000              4
              1            001              2
              1            010              6
              1            011              3
              1            100              8
              1            101              6
              1            110              2
              1            111              4
              2            000              3
              2            001              5
              2            010              4
              2            011              2
              2            100              6
              2            101              1
              2            110              7
              2            111              5
              3            000              3
              3            001              5
              3            010              2
              3            011              3
              3            100              0
              3            101              1
              3            110              2
              3            111              5
              4            000              3
              4            001              8
              4            010              2
              4            011              3
              4            100              7
              4            101              1
              4            110              4
              4            111              0
              5            000              8
              5            001              4
              5            010              2
              5            011              4
              5            100              6
              5            101              3
              5            110              4
              5            111              6
              6            000              4
              6            001              5
              6            010              4
              6            011              2
              6            100              3
              6            101              5
              6            110              1
              6            111              8
              7            000              2
              7            001              2
              7            010              6
              7            011              4
              7            100              8
              7            101              6
              7            110              6
              7            111              7
              8            000              3
              8            001              5
              8            010              8
              8            011              5
              8            100              4
              8            101              4
              8            110              3
              8            111              7
