Eaten part = 0.218884
Start state = 4
Significant inputs: 1 3 6
Moves: 2 0 0 2 0 2 0 1 2
          state         inputs     next state
              0            000              3
              0            001              8
              0            010              6
              0            011              5
              0            100              6
              0            101              6
              0            110              1
              0            111              1
              1            000              2
              1            001              2
              1            010              2
              1            011              0
              1            100              8
              1            101              8
              1            110              0
              1            111              5
              2            000              1
              2            001              1
              2            010              1
              2            011              1
              2            100              8
              2            101              3
              2            110              5
              2            111              6
              3            000              1
              3            001              8
              3            010              5
              3            011              4
              3            100              1
              3            101              8
              3            110              4
              3            111              0
              4            000              1
              4            001              2
              4            010              4
              4            011              0
              4            100              3
              4            101              8
              4            110              0
              4            111              2
              5            000              4
              5            001              1
              5            010              0
              5            011              5
              5            100              4
              5            101              1
              5            110              6
              5            111              2
              6            000              7
              6            001              3
              6            010              0
              6            011              2
              6            100              3
              6            101              2
              6            110              4
              6            111              2
              7            000              3
              7            001              5
              7            010              5
              7            011              3
              7            100              0
              7            101              6
              7            110              5
              7            111              4
              8            000              1
              8            001              4
              8            010              6
              8            011              2
              8            100              7
              8            101              4
              8            110              1
              8            111              5
