Eaten part = 0.240010
Start state = 8
Significant inputs: 2 3 4
Moves: 0 0 0 0 1 2 1 1 0
          state         inputs     next state
              0            000              3
              0            001              8
              0            010              5
              0            011              2
              0            100              0
              0            101              6
              0            110              3
              0            111              2
              1            000              1
              1            001              7
              1            010              8
              1            011              8
              1            100              0
              1            101              3
              1            110              8
              1            111              7
              2            000              1
              2            001              4
              2            010              2
              2            011              3
              2            100              0
              2            101              3
              2            110              2
              2            111              3
              3            000              4
              3            001              7
              3            010              1
              3            011              3
              3            100              5
              3            101              1
              3            110              0
              3            111              0
              4            000              8
              4            001              4
              4            010              2
              4            011              1
              4            100              3
              4            101              1
              4            110              2
              4            111              0
              5            000              1
              5            001              1
              5            010              0
              5            011              8
              5            100              2
              5            101              8
              5            110              7
              5            111              3
              6            000              0
              6            001              0
              6            010              2
              6            011              8
              6            100              7
              6            101              2
              6            110              4
              6            111              0
              7            000              3
              7            001              8
              7            010              1
              7            011              5
              7            100              2
              7            101              2
              7            110              6
              7            111              6
              8            000              8
              8            001              7
              8            010              8
              8            011              1
              8            100              8
              8            101              2
              8            110              3
              8            111              4
