Eaten part = 0.157157
Start state = 2
Significant inputs: 1 5 7
Moves: 1 1 0 0 0 0 0 2 0
          state         inputs     next state
              0            000              7
              0            001              5
              0            010              3
              0            011              5
              0            100              1
              0            101              4
              0            110              6
              0            111              1
              1            000              7
              1            001              4
              1            010              0
              1            011              4
              1            100              4
              1            101              2
              1            110              6
              1            111              4
              2            000              7
              2            001              3
              2            010              0
              2            011              5
              2            100              8
              2            101              3
              2            110              6
              2            111              8
              3            000              3
              3            001              6
              3            010              3
              3            011              6
              3            100              0
              3            101              2
              3            110              6
              3            111              3
              4            000              1
              4            001              7
              4            010              5
              4            011              8
              4            100              8
              4            101              4
              4            110              7
              4            111              2
              5            000              0
              5            001              8
              5            010              4
              5            011              3
              5            100              6
              5            101              5
              5            110              2
              5            111              6
              6            000              2
              6            001              8
              6            010              5
              6            011              0
              6            100              0
              6            101              2
              6            110              8
              6            111              3
              7            000              3
              7            001              7
              7            010              6
              7            011              4
              7            100              3
              7            101              5
              7            110              2
              7            111              6
              8            000              2
              8            001              0
              8            010              8
              8            011              0
              8            100              0
              8            101              8
              8            110              6
              8            111              6
