Eaten part = 0.251157
Start state = 8
Significant inputs: 1 2 4
Moves: 1 0 0 0 0 0 0 2 2
          state         inputs     next state
              0            000              3
              0            001              4
              0            010              6
              0            011              4
              0            100              1
              0            101              3
              0            110              5
              0            111              4
              1            000              2
              1            001              1
              1            010              8
              1            011              1
              1            100              1
              1            101              1
              1            110              2
              1            111              0
              2            000              5
              2            001              4
              2            010              3
              2            011              7
              2            100              6
              2            101              6
              2            110              2
              2            111              0
              3            000              4
              3            001              5
              3            010              1
              3            011              6
              3            100              5
              3            101              4
              3            110              0
              3            111              6
              4            000              4
              4            001              8
              4            010              0
              4            011              8
              4            100              4
              4            101              8
              4            110              5
              4            111              6
              5            000              3
              5            001              3
              5            010              2
              5            011              5
              5            100              5
              5            101              7
              5            110              0
              5            111              3
              6            000              6
              6            001              0
              6            010              8
              6            011              8
              6            100              5
              6            101              4
              6            110              3
              6            111              7
              7            000              0
              7            001              6
              7            010              8
              7            011              2
              7            100              0
              7            101              0
              7            110              5
              7            111              4
              8            000              1
              8            001              4
              8            010              6
              8            011              1
              8            100              8
              8            101              8
              8            110              1
              8            111              7
