Eaten part = 0.307448
Start state = 2
Significant inputs: 2 3 6
Moves: 2 1 2 2 0 0 0 0 0
          state         inputs     next state
              0            000              4
              0            001              7
              0            010              6
              0            011              2
              0            100              5
              0            101              5
              0            110              3
              0            111              6
              1            000              7
              1            001              7
              1            010              6
              1            011              7
              1            100              6
              1            101              5
              1            110              6
              1            111              5
              2            000              4
              2            001              6
              2            010              6
              2            011              5
              2            100              6
              2            101              5
              2            110              5
              2            111              1
              3            000              6
              3            001              8
              3            010              1
              3            011              4
              3            100              0
              3            101              4
              3            110              8
              3            111              5
              4            000              6
              4            001              4
              4            010              6
              4            011              3
              4            100              0
              4            101              7
              4            110              0
              4            111              4
              5            000              7
              5            001              7
              5            010              6
              5            011              1
              5            100              4
              5            101              2
              5            110              0
              5            111              0
              6            000              6
              6            001              1
              6            010              6
              6            011              1
              6            100              2
              6            101              1
              6            110              2
              6            111              0
              7            000              7
              7            001              5
              7            010              6
              7            011              7
              7            100              0
              7            101              3
              7            110              2
              7            111              6
              8            000              7
              8            001              8
              8            010              1
              8            011              6
              8            100              7
              8            101              3
              8            110              6
              8            111              0
