Eaten part = 0.253602
Start state = 1
Significant inputs: 4 6 7
Moves: 1 2 0 1 2 0 0 0 0
          state         inputs     next state
              0            000              5
              0            001              3
              0            010              3
              0            011              5
              0            100              8
              0            101              8
              0            110              8
              0            111              3
              1            000              5
              1            001              0
              1            010              8
              1            011              7
              1            100              6
              1            101              0
              1            110              7
              1            111              4
              2            000              2
              2            001              6
              2            010              4
              2            011              7
              2            100              6
              2            101              7
              2            110              3
              2            111              2
              3            000              7
              3            001              2
              3            010              5
              3            011              6
              3            100              7
              3            101              1
              3            110              6
              3            111              0
              4            000              6
              4            001              0
              4            010              8
              4            011              6
              4            100              7
              4            101              2
              4            110              4
              4            111              3
              5            000              6
              5            001              6
              5            010              1
              5            011              7
              5            100              2
              5            101              5
              5            110              2
              5            111              2
              6            000              5
              6            001              8
              6            010              1
              6            011              6
              6            100              2
              6            101              6
              6            110              1
              6            111              8
              7            000              6
              7            001              2
              7            010              1
              7            011              2
              7            100              1
              7            101              0
              7            110              7
              7            111              1
              8            000              3
              8            001              2
              8            010              0
              8            011              1
              8            100              8
              8            101              7
              8            110              2
              8            111              6
