Eaten part = 0.300106
Start state = 6
Significant inputs: 0 2 6
Moves: 0 0 0 1 2 2 0 0 0
          state         inputs     next state
              0            000              1
              0            001              1
              0            010              0
              0            011              8
              0            100              4
              0            101              6
              0            110              3
              0            111              3
              1            000              1
              1            001              0
              1            010              3
              1            011              3
              1            100              4
              1            101              2
              1            110              3
              1            111              3
              2            000              1
              2            001              1
              2            010              0
              2            011              3
              2            100              4
              2            101              4
              2            110              3
              2            111              1
              3            000              1
              3            001              7
              3            010              2
              3            011              6
              3            100              7
              3            101              2
              3            110              2
              3            111              1
              4            000              2
              4            001              7
              4            010              2
              4            011              1
              4            100              6
              4            101              6
              4            110              8
              4            111              8
              5            000              7
              5            001              2
              5            010              5
              5            011              2
              5            100              3
              5            101              1
              5            110              1
              5            111              7
              6            000              7
              6            001              7
              6            010              3
              6            011              3
              6            100              6
              6            101              5
              6            110              7
              6            111              3
              7            000              1
              7            001              8
              7            010              8
              7            011              3
              7            100              2
              7            101              5
              7            110              3
              7            111              8
              8            000              1
              8            001              2
              8            010              3
              8            011              7
              8            100              5
              8            101              5
              8            110              3
              8            111              4
