Eaten part = 0.261900
Start state = 0
Significant inputs: 4 6 7
Moves: 2 0 0 0 0 1 0 0 0
          state         inputs     next state
              0            000              3
              0            001              3
              0            010              6
              0            011              3
              0            100              8
              0            101              3
              0            110              8
              0            111              2
              1            000              6
              1            001              7
              1            010              3
              1            011              2
              1            100              5
              1            101              6
              1            110              5
              1            111              0
              2            000              5
              2            001              2
              2            010              2
              2            011              4
              2            100              8
              2            101              4
              2            110              3
              2            111              6
              3            000              3
              3            001              8
              3            010              0
              3            011              1
              3            100              3
              3            101              3
              3            110              0
              3            111              8
              4            000              8
              4            001              7
              4            010              4
              4            011              8
              4            100              6
              4            101              3
              4            110              4
              4            111              1
              5            000              3
              5            001              6
              5            010              7
              5            011              0
              5            100              1
              5            101              1
              5            110              0
              5            111              5
              6            000              5
              6            001              6
              6            010              0
              6            011              4
              6            100              8
              6            101              6
              6            110              0
              6            111              4
              7            000              6
              7            001              5
              7            010              0
              7            011              7
              7            100              8
              7            101              3
              7            110              3
              7            111              1
              8            000              8
              8            001              6
              8            010              0
              8            011              6
              8            100              3
              8            101              1
              8            110              2
              8            111              6
