Eaten part = 0.278314
Start state = 4
Significant inputs: 2 6 7
Moves: 0 0 0 0 2 0 0 1 2
          state         inputs     next state
              0            000              3
              0            001              7
              0            010              1
              0            011              3
              0            100              3
              0            101              2
              0            110              2
              0            111              7
              1            000              3
              1            001              6
              1            010              8
              1            011              5
              1            100              0
              1            101              7
              1            110              7
              1            111              3
              2            000              2
              2            001              7
              2            010              8
              2            011              6
              2            100              0
              2            101              6
              2            110              8
              2            111              2
              3            000              2
              3            001              7
              3            010              4
              3            011              7
              3            100              1
              3            101              7
              3            110              0
              3            111              3
              4            000              3
              4            001              3
              4            010              3
              4            011              2
              4            100              0
              4            101              4
              4            110              0
              4            111              2
              5            000              2
              5            001              0
              5            010              2
              5            011              4
              5            100              5
              5            101              2
              5            110              5
              5            111              8
              6            000              0
              6            001              5
              6            010              2
              6            011              0
              6            100              1
              6            101              6
              6            110              2
              6            111              8
              7            000              0
              7            001              1
              7            010              3
              7            011              5
              7            100              3
              7            101              2
              7            110              1
              7            111              7
              8            000              3
              8            001              0
              8            010              0
              8            011              2
              8            100              6
              8            101              2
              8            110              3
              8            111              3
