Eaten part = 0.250683
Start state = 6
Significant inputs: 3 5 6
Moves: 1 2 0 0 0 0 0 0 1
          state         inputs     next state
              0            000              4
              0            001              4
              0            010              2
              0            011              0
              0            100              7
              0            101              6
              0            110              5
              0            111              5
              1            000              5
              1            001              4
              1            010              3
              1            011              3
              1            100              5
              1            101              6
              1            110              7
              1            111              7
              2            000              1
              2            001              3
              2            010              1
              2            011              0
              2            100              2
              2            101              6
              2            110              5
              2            111              6
              3            000              6
              3            001              7
              3            010              4
              3            011              1
              3            100              3
              3            101              0
              3            110              4
              3            111              3
              4            000              5
              4            001              7
              4            010              8
              4            011              2
              4            100              1
              4            101              1
              4            110              6
              4            111              1
              5            000              5
              5            001              4
              5            010              1
              5            011              5
              5            100              1
              5            101              4
              5            110              1
              5            111              0
              6            000              8
              6            001              8
              6            010              7
              6            011              4
              6            100              0
              6            101              0
              6            110              5
              6            111              4
              7            000              7
              7            001              0
              7            010              6
              7            011              7
              7            100              1
              7            101              1
              7            110              5
              7            111              0
              8            000              4
              8            001              5
              8            010              3
              8            011              6
              8            100              7
              8            101              2
              8            110              7
              8            111              8
