Eaten part = 0.233940
Start state = 3
Significant inputs: 1 5 6
Moves: 0 0 2 0 0 0 2 0 0
          state         inputs     next state
              0            000              7
              0            001              4
              0            010              1
              0            011              6
              0            100              6
              0            101              1
              0            110              5
              0            111              4
              1            000              7
              1            001              0
              1            010              0
              1            011              4
              1            100              2
              1            101              5
              1            110              7
              1            111              8
              2            000              5
              2            001              4
              2            010              4
              2            011              7
              2            100              7
              2            101              2
              2            110              4
              2            111              5
              3            000              7
              3            001              2
              3            010              2
              3            011              0
              3            100              6
              3            101              4
              3            110              5
              3            111              2
              4            000              0
              4            001              7
              4            010              4
              4            011              1
              4            100              7
              4            101              7
              4            110              1
              4            111              2
              5            000              4
              5            001              1
              5            010              3
              5            011              1
              5            100              7
              5            101              2
              5            110              7
              5            111              3
              6            000              3
              6            001              2
              6            010              7
              6            011              8
              6            100              0
              6            101              6
              6            110              8
              6            111              4
              7            000              1
              7            001              3
              7            010              4
              7            011              3
              7            100              6
              7            101              2
              7            110              6
              7            111              5
              8            000              4
              8            001              8
              8            010              2
              8            011              7
              8            100              4
              8            101              5
              8            110              3
              8            111              7
