Eaten part = 0.267673
Start state = 5
Significant inputs: 4 5 6
Moves: 0 0 0 0 1 0 2 2 0
          state         inputs     next state
              0            000              5
              0            001              2
              0            010              2
              0            011              0
              0            100              6
              0            101              5
              0            110              8
              0            111              5
              1            000              4
              1            001              3
              1            010              3
              1            011              4
              1            100              6
              1            101              5
              1            110              0
              1            111              1
              2            000              5
              2            001              8
              2            010              0
              2            011              1
              2            100              7
              2            101              8
              2            110              0
              2            111              6
              3            000              0
              3            001              3
              3            010              5
              3            011              3
              3            100              7
              3            101              2
              3            110              1
              3            111              7
              4            000              0
              4            001              8
              4            010              5
              4            011              6
              4            100              3
              4            101              6
              4            110              1
              4            111              8
              5            000              2
              5            001              1
              5            010              0
              5            011              5
              5            100              7
              5            101              5
              5            110              6
              5            111              0
              6            000              0
              6            001              3
              6            010              1
              6            011              2
              6            100              2
              6            101              1
              6            110              5
              6            111              8
              7            000              2
              7            001              7
              7            010              5
              7            011              5
              7            100              7
              7            101              8
              7            110              1
              7            111              5
              8            000              3
              8            001              1
              8            010              8
              8            011              0
              8            100              7
              8            101              0
              8            110              2
              8            111              4
