Eaten part = 0.196932
Start state = 2
Significant inputs: 4 5 7
Moves: 0 0 2 0 0 0 0 0 1
          state         inputs     next state
              0            000              7
              0            001              6
              0            010              6
              0            011              5
              0            100              1
              0            101              7
              0            110              5
              0            111              0
              1            000              0
              1            001              5
              1            010              7
              1            011              1
              1            100              4
              1            101              0
              1            110              3
              1            111              0
              2            000              0
              2            001              8
              2            010              3
              2            011              4
              2            100              3
              2            101              0
              2            110              4
              2            111              8
              3            000              8
              3            001              3
              3            010              3
              3            011              1
              3            100              4
              3            101              2
              3            110              2
              3            111              6
              4            000              3
              4            001              3
              4            010              4
              4            011              3
              4            100              2
              4            101              4
              4            110              6
              4            111              1
              5            000              6
              5            001              6
              5            010              0
              5            011              3
              5            100              1
              5            101              4
              5            110              7
              5            111              2
              6            000              2
              6            001              1
              6            010              1
              6            011              6
              6            100              7
              6            101              5
              6            110              8
              6            111              5
              7            000              7
              7            001              3
              7            010              6
              7            011              3
              7            100              0
              7            101              0
              7            110              0
              7            111              6
              8            000              5
              8            001              4
              8            010              0
              8            011              7
              8            100              7
              8            101              8
              8            110              8
              8            111              1
