Eaten part = 0.324198
Start state = 3
Significant inputs: 2 4 6
Moves: 0 0 2 0 0 0 0 1 1
          state         inputs     next state
              0            000              5
              0            001              5
              0            010              3
              0            011              4
              0            100              2
              0            101              6
              0            110              3
              0            111              3
              1            000              8
              1            001              1
              1            010              8
              1            011              4
              1            100              3
              1            101              0
              1            110              1
              1            111              6
              2            000              4
              2            001              3
              2            010              0
              2            011              3
              2            100              4
              2            101              5
              2            110              3
              2            111              0
              3            000              3
              3            001              7
              3            010              5
              3            011              0
              3            100              2
              3            101              8
              3            110              3
              3            111              5
              4            000              5
              4            001              8
              4            010              3
              4            011              5
              4            100              6
              4            101              2
              4            110              5
              4            111              8
              5            000              3
              5            001              7
              5            010              5
              5            011              7
              5            100              2
              5            101              2
              5            110              6
              5            111              7
              6            000              3
              6            001              8
              6            010              6
              6            011              0
              6            100              5
              6            101              0
              6            110              6
              6            111              2
              7            000              3
              7            001              5
              7            010              0
              7            011              6
              7            100              6
              7            101              5
              7            110              4
              7            111              1
              8            000              3
              8            001              0
              8            010              5
              8            011              3
              8            100              0
              8            101              6
              8            110              2
              8            111              6
