Eaten part = 0.302381
Start state = 2
Significant inputs: 2 6 7
Moves: 1 0 0 0 0 2 0 0 0
          state         inputs     next state
              0            000              8
              0            001              7
              0            010              8
              0            011              2
              0            100              7
              0            101              6
              0            110              8
              0            111              2
              1            000              7
              1            001              5
              1            010              4
              1            011              4
              1            100              2
              1            101              8
              1            110              5
              1            111              1
              2            000              0
              2            001              1
              2            010              5
              2            011              0
              2            100              7
              2            101              5
              2            110              7
              2            111              3
              3            000              2
              3            001              8
              3            010              8
              3            011              4
              3            100              7
              3            101              2
              3            110              3
              3            111              8
              4            000              2
              4            001              0
              4            010              6
              4            011              1
              4            100              8
              4            101              8
              4            110              5
              4            111              6
              5            000              7
              5            001              6
              5            010              6
              5            011              4
              5            100              1
              5            101              7
              5            110              8
              5            111              6
              6            000              6
              6            001              0
              6            010              5
              6            011              8
              6            100              6
              6            101              0
              6            110              5
              6            111              7
              7            000              6
              7            001              0
              7            010              5
              7            011              5
              7            100              7
              7            101              0
              7            110              6
              7            111              7
              8            000              6
              8            001              6
              8            010              1
              8            011              4
              8            100              7
              8            101              4
              8            110              5
              8            111              7
