Eaten part = 0.250801
Start state = 1
Significant inputs: 3 5 6
Moves: 2 0 0 0 1 0 0 2 0
          state         inputs     next state
              0            000              6
              0            001              4
              0            010              3
              0            011              1
              0            100              6
              0            101              4
              0            110              5
              0            111              1
              1            000              5
              1            001              8
              1            010              8
              1            011              0
              1            100              2
              1            101              2
              1            110              2
              1            111              1
              2            000              6
              2            001              8
              2            010              8
              2            011              2
              2            100              0
              2            101              0
              2            110              3
              2            111              5
              3            000              2
              3            001              8
              3            010              4
              3            011              8
              3            100              3
              3            101              0
              3            110              4
              3            111              8
              4            000              2
              4            001              0
              4            010              7
              4            011              2
              4            100              8
              4            101              5
              4            110              1
              4            111              2
              5            000              7
              5            001              4
              5            010              0
              5            011              0
              5            100              6
              5            101              7
              5            110              6
              5            111              7
              6            000              2
              6            001              3
              6            010              6
              6            011              4
              6            100              0
              6            101              1
              6            110              2
              6            111              6
              7            000              8
              7            001              6
              7            010              8
              7            011              2
              7            100              6
              7            101              7
              7            110              4
              7            111              8
              8            000              8
              8            001              4
              8            010              8
              8            011              3
              8            100              0
              8            101              0
              8            110              3
              8            111              8
