Eaten part = 0.292971
Start state = 8
Significant inputs: 2 6 7
Moves: 0 0 0 1 2 2 0 0 0
          state         inputs     next state
              0            000              6
              0            001              2
              0            010              0
              0            011              0
              0            100              5
              0            101              2
              0            110              4
              0            111              5
              1            000              6
              1            001              6
              1            010              0
              1            011              8
              1            100              2
              1            101              6
              1            110              4
              1            111              0
              2            000              2
              2            001              3
              2            010              5
              2            011              3
              2            100              2
              2            101              6
              2            110              8
              2            111              5
              3            000              2
              3            001              6
              3            010              6
              3            011              8
              3            100              2
              3            101              0
              3            110              8
              3            111              0
              4            000              0
              4            001              5
              4            010              2
              4            011              7
              4            100              0
              4            101              0
              4            110              5
              4            111              0
              5            000              6
              5            001              8
              5            010              2
              5            011              6
              5            100              1
              5            101              2
              5            110              0
              5            111              0
              6            000              6
              6            001              3
              6            010              5
              6            011              3
              6            100              7
              6            101              2
              6            110              6
              6            111              6
              7            000              2
              7            001              3
              7            010              6
              7            011              0
              7            100              1
              7            101              7
              7            110              0
              7            111              1
              8            000              0
              8            001              2
              8            010              6
              8            011              3
              8            100              4
              8            101              8
              8            110              1
              8            111              1
