Eaten part = 0.315909
Start state = 6
Significant inputs: 2 4 6
Moves: 1 0 0 0 0 2 0 0 0
          state         inputs     next state
              0            000              4
              0            001              2
              0            010              5
              0            011              6
              0            100              8
              0            101              3
              0            110              2
              0            111              3
              1            000              1
              1            001              0
              1            010              1
              1            011              2
              1            100              5
              1            101              0
              1            110              8
              1            111              5
              2            000              4
              2            001              4
              2            010              4
              2            011              3
              2            100              5
              2            101              3
              2            110              1
              2            111              4
              3            000              2
              3            001              6
              3            010              6
              3            011              1
              3            100              5
              3            101              0
              3            110              8
              3            111              3
              4            000              1
              4            001              0
              4            010              6
              4            011              6
              4            100              1
              4            101              5
              4            110              4
              4            111              3
              5            000              2
              5            001              4
              5            010              4
              5            011              2
              5            100              6
              5            101              6
              5            110              8
              5            111              1
              6            000              2
              6            001              0
              6            010              2
              6            011              8
              6            100              5
              6            101              5
              6            110              4
              6            111              2
              7            000              5
              7            001              3
              7            010              0
              7            011              5
              7            100              3
              7            101              6
              7            110              1
              7            111              8
              8            000              6
              8            001              0
              8            010              1
              8            011              1
              8            100              8
              8            101              1
              8            110              5
              8            111              8
