Eaten part = 0.241577
Start state = 6
Significant inputs: 0 1 2
Moves: 0 0 1 1 2 0 0 2 0
          state         inputs     next state
              0            000              5
              0            001              1
              0            010              1
              0            011              4
              0            100              3
              0            101              8
              0            110              3
              0            111              5
              1            000              0
              1            001              8
              1            010              3
              1            011              7
              1            100              2
              1            101              5
              1            110              7
              1            111              4
              2            000              4
              2            001              6
              2            010              0
              2            011              0
              2            100              7
              2            101              8
              2            110              1
              2            111              1
              3            000              0
              3            001              1
              3            010              8
              3            011              8
              3            100              4
              3            101              2
              3            110              5
              3            111              8
              4            000              0
              4            001              4
              4            010              2
              4            011              8
              4            100              8
              4            101              0
              4            110              2
              4            111              3
              5            000              1
              5            001              7
              5            010              0
              5            011              8
              5            100              2
              5            101              2
              5            110              7
              5            111              7
              6            000              0
              6            001              6
              6            010              0
              6            011              4
              6            100              2
              6            101              5
              6            110              1
              6            111              3
              7            000              6
              7            001              1
              7            010              0
              7            011              6
              7            100              6
              7            101              5
              7            110              5
              7            111              7
              8            000              8
              8            001              6
              8            010              1
              8            011              1
              8            100              0
              8            101              3
              8            110              5
              8            111              3
