Eaten part = 0.299356
Start state = 4
Significant inputs: 1 2 6
Moves: 2 0 1 0 0 0 2 0 2
          state         inputs     next state
              0            000              4
              0            001              7
              0            010              4
              0            011              4
              0            100              3
              0            101              1
              0            110              3
              0            111              7
              1            000              0
              1            001              3
              1            010              4
              1            011              8
              1            100              8
              1            101              5
              1            110              0
              1            111              4
              2            000              7
              2            001              3
              2            010              6
              2            011              3
              2            100              3
              2            101              3
              2            110              3
              2            111              3
              3            000              3
              3            001              3
              3            010              2
              3            011              5
              3            100              0
              3            101              2
              3            110              2
              3            111              1
              4            000              3
              4            001              3
              4            010              7
              4            011              1
              4            100              5
              4            101              7
              4            110              3
              4            111              3
              5            000              7
              5            001              7
              5            010              4
              5            011              0
              5            100              7
              5            101              1
              5            110              4
              5            111              8
              6            000              2
              6            001              6
              6            010              3
              6            011              1
              6            100              1
              6            101              3
              6            110              4
              6            111              1
              7            000              3
              7            001              7
              7            010              4
              7            011              1
              7            100              2
              7            101              2
              7            110              1
              7            111              1
              8            000              7
              8            001              4
              8            010              8
              8            011              4
              8            100              4
              8            101              8
              8            110              2
              8            111              5
