Eaten part = 0.267912
Start state = 0
Significant inputs: 4 5 6
Moves: 0 0 0 2 0 1 2 0 0
          state         inputs     next state
              0            000              4
              0            001              0
              0            010              6
              0            011              4
              0            100              7
              0            101              4
              0            110              3
              0            111              0
              1            000              4
              1            001              4
              1            010              2
              1            011              2
              1            100              3
              1            101              4
              1            110              2
              1            111              3
              2            000              5
              2            001              4
              2            010              1
              2            011              3
              2            100              6
              2            101              1
              2            110              4
              2            111              4
              3            000              1
              3            001              5
              3            010              8
              3            011              5
              3            100              8
              3            101              3
              3            110              2
              3            111              8
              4            000              2
              4            001              0
              4            010              7
              4            011              2
              4            100              3
              4            101              7
              4            110              5
              4            111              2
              5            000              7
              5            001              7
              5            010              7
              5            011              1
              5            100              7
              5            101              2
              5            110              0
              5            111              6
              6            000              6
              6            001              3
              6            010              0
              6            011              2
              6            100              8
              6            101              7
              6            110              4
              6            111              8
              7            000              7
              7            001              1
              7            010              0
              7            011              7
              7            100              3
              7            101              8
              7            110              8
              7            111              7
              8            000              5
              8            001              8
              8            010              7
              8            011              1
              8            100              4
              8            101              2
              8            110              6
              8            111              6
