Eaten part = 0.246726
Start state = 5
Significant inputs: 2 3 4
Moves: 1 2 0 0 0 0 0 0 0
          state         inputs     next state
              0            000              5
              0            001              7
              0            010              2
              0            011              4
              0            100              6
              0            101              2
              0            110              3
              0            111              3
              1            000              7
              1            001              8
              1            010              1
              1            011              4
              1            100              0
              1            101              4
              1            110              3
              1            111              5
              2            000              3
              2            001              6
              2            010              5
              2            011              7
              2            100              3
              2            101              6
              2            110              7
              2            111              5
              3            000              6
              3            001              0
              3            010              7
              3            011              0
              3            100              2
              3            101              7
              3            110              5
              3            111              2
              4            000              8
              4            001              8
              4            010              1
              4            011              1
              4            100              5
              4            101              2
              4            110              4
              4            111              7
              5            000              3
              5            001              8
              5            010              2
              5            011              0
              5            100              3
              5            101              1
              5            110              7
              5            111              8
              6            000              3
              6            001              0
              6            010              4
              6            011              1
              6            100              4
              6            101              6
              6            110              7
              6            111              2
              7            000              6
              7            001              0
              7            010              1
              7            011              0
              7            100              5
              7            101              6
              7            110              3
              7            111              5
              8            000              5
              8            001              4
              8            010              7
              8            011              3
              8            100              3
              8            101              8
              8            110              2
              8            111              7
