Eaten part = 0.249012
Start state = 3
Significant inputs: 2 3 4
Moves: 0 0 0 0 1 1 0 0 0
          state         inputs     next state
              0            000              6
              0            001              3
              0            010              3
              0            011              4
              0            100              7
              0            101              3
              0            110              5
              0            111              7
              1            000              3
              1            001              7
              1            010              3
              1            011              3
              1            100              6
              1            101              1
              1            110              8
              1            111              6
              2            000              0
              2            001              0
              2            010              7
              2            011              5
              2            100              2
              2            101              6
              2            110              2
              2            111              8
              3            000              0
              3            001              5
              3            010              8
              3            011              1
              3            100              2
              3            101              0
              3            110              2
              3            111              3
              4            000              1
              4            001              7
              4            010              5
              4            011              7
              4            100              7
              4            101              8
              4            110              5
              4            111              4
              5            000              1
              5            001              7
              5            010              1
              5            011              1
              5            100              6
              5            101              3
              5            110              6
              5            111              8
              6            000              6
              6            001              5
              6            010              0
              6            011              6
              6            100              2
              6            101              6
              6            110              8
              6            111              1
              7            000              7
              7            001              4
              7            010              7
              7            011              1
              7            100              2
              7            101              2
              7            110              1
              7            111              0
              8            000              2
              8            001              5
              8            010              7
              8            011              8
              8            100              0
              8            101              8
              8            110              1
              8            111              2
