Eaten part = 0.223220
Start state = 7
Significant inputs: 1 5 6
Moves: 0 0 0 0 0 1 0 2 2
          state         inputs     next state
              0            000              4
              0            001              7
              0            010              6
              0            011              8
              0            100              8
              0            101              5
              0            110              8
              0            111              8
              1            000              3
              1            001              1
              1            010              1
              1            011              3
              1            100              3
              1            101              0
              1            110              2
              1            111              2
              2            000              6
              2            001              4
              2            010              0
              2            011              7
              2            100              1
              2            101              3
              2            110              2
              2            111              4
              3            000              3
              3            001              6
              3            010              6
              3            011              2
              3            100              7
              3            101              7
              3            110              7
              3            111              6
              4            000              0
              4            001              8
              4            010              6
              4            011              6
              4            100              8
              4            101              1
              4            110              5
              4            111              1
              5            000              7
              5            001              5
              5            010              8
              5            011              3
              5            100              7
              5            101              4
              5            110              2
              5            111              6
              6            000              3
              6            001              1
              6            010              7
              6            011              2
              6            100              2
              6            101              7
              6            110              8
              6            111              2
              7            000              6
              7            001              6
              7            010              1
              7            011              6
              7            100              4
              7            101              8
              7            110              6
              7            111              3
              8            000              3
              8            001              6
              8            010              3
              8            011              4
              8            100              6
              8            101              4
              8            110              3
              8            111              1
