Eaten part = 0.297246
Start state = 2
Significant inputs: 2 5 6
Moves: 0 1 0 0 0 1 2 0 0
          state         inputs     next state
              0            000              0
              0            001              1
              0            010              0
              0            011              2
              0            100              6
              0            101              2
              0            110              7
              0            111              0
              1            000              4
              1            001              2
              1            010              4
              1            011              7
              1            100              2
              1            101              3
              1            110              6
              1            111              4
              2            000              4
              2            001              5
              2            010              3
              2            011              0
              2            100              6
              2            101              8
              2            110              3
              2            111              2
              3            000              7
              3            001              4
              3            010              2
              3            011              6
              3            100              6
              3            101              3
              3            110              6
              3            111              7
              4            000              2
              4            001              1
              4            010              2
              4            011              3
              4            100              6
              4            101              8
              4            110              6
              4            111              2
              5            000              3
              5            001              2
              5            010              5
              5            011              4
              5            100              6
              5            101              6
              5            110              5
              5            111              7
              6            000              0
              6            001              1
              6            010              2
              6            011              3
              6            100              3
              6            101              4
              6            110              0
              6            111              2
              7            000              4
              7            001              8
              7            010              1
              7            011              4
              7            100              6
              7            101              6
              7            110              6
              7            111              0
              8            000              4
              8            001              6
              8            010              4
              8            011              5
              8            100              6
              8            101              1
              8            110              4
              8            111              4
