Eaten part = 0.250072
Start state = 1
Significant inputs: 4 5 6
Moves: 0 0 1 0 0 0 2 0 1
          state         inputs     next state
              0            000              5
              0            001              3
              0            010              5
              0            011              7
              0            100              2
              0            101              0
              0            110              8
              0            111              3
              1            000              5
              1            001              2
              1            010              8
              1            011              0
              1            100              6
              1            101              1
              1            110              5
              1            111              2
              2            000              5
              2            001              3
              2            010              3
              2            011              4
              2            100              2
              2            101              3
              2            110              5
              2            111              5
              3            000              3
              3            001              3
              3            010              6
              3            011              3
              3            100              6
              3            101              0
              3            110              2
              3            111              1
              4            000              6
              4            001              8
              4            010              3
              4            011              1
              4            100              3
              4            101              7
              4            110              4
              4            111              2
              5            000              3
              5            001              7
              5            010              3
              5            011              5
              5            100              5
              5            101              4
              5            110              6
              5            111              7
              6            000              3
              6            001              8
              6            010              0
              6            011              3
              6            100              5
              6            101              7
              6            110              3
              6            111              0
              7            000              0
              7            001              5
              7            010              5
              7            011              6
              7            100              6
              7            101              6
              7            110              8
              7            111              3
              8            000              0
              8            001              6
              8            010              7
              8            011              3
              8            100              7
              8            101              4
              8            110              3
              8            111              7
