Eaten part = 0.264047
Start state = 6
Significant inputs: 4 6 7
Moves: 0 0 0 1 2 2 0 0 0
          state         inputs     next state
              0            000              3
              0            001              2
              0            010              6
              0            011              2
              0            100              0
              0            101              2
              0            110              5
              0            111              1
              1            000              1
              1            001              8
              1            010              4
              1            011              6
              1            100              2
              1            101              8
              1            110              2
              1            111              5
              2            000              2
              2            001              1
              2            010              4
              2            011              8
              2            100              4
              2            101              8
              2            110              4
              2            111              6
              3            000              6
              3            001              6
              3            010              6
              3            011              1
              3            100              1
              3            101              8
              3            110              2
              3            111              0
              4            000              6
              4            001              6
              4            010              8
              4            011              0
              4            100              2
              4            101              7
              4            110              1
              4            111              0
              5            000              0
              5            001              2
              5            010              1
              5            011              1
              5            100              3
              5            101              8
              5            110              1
              5            111              8
              6            000              6
              6            001              1
              6            010              4
              6            011              2
              6            100              7
              6            101              6
              6            110              7
              6            111              0
              7            000              2
              7            001              1
              7            010              3
              7            011              7
              7            100              8
              7            101              4
              7            110              5
              7            111              7
              8            000              3
              8            001              7
              8            010              1
              8            011              0
              8            100              3
              8            101              1
              8            110              0
              8            111              7
