Eaten part = 0.271624
Start state = 6
Significant inputs: 4 5 6
Moves: 0 2 0 0 0 0 1 0 2
          state         inputs     next state
              0            000              0
              0            001              7
              0            010              0
              0            011              8
              0            100              1
              0            101              2
              0            110              0
              0            111              8
              1            000              5
              1            001              4
              1            010              3
              1            011              3
              1            100              3
              1            101              1
              1            110              5
              1            111              5
              2            000              0
              2            001              6
              2            010              3
              2            011              2
              2            100              2
              2            101              7
              2            110              2
              2            111              5
              3            000              3
              3            001              5
              3            010              7
              3            011              4
              3            100              1
              3            101              3
              3            110              7
              3            111              3
              4            000              0
              4            001              7
              4            010              4
              4            011              4
              4            100              1
              4            101              3
              4            110              1
              4            111              5
              5            000              6
              5            001              5
              5            010              7
              5            011              2
              5            100              1
              5            101              1
              5            110              7
              5            111              3
              6            000              3
              6            001              0
              6            010              0
              6            011              6
              6            100              0
              6            101              0
              6            110              6
              6            111              3
              7            000              3
              7            001              0
              7            010              4
              7            011              3
              7            100              1
              7            101              3
              7            110              7
              7            111              6
              8            000              1
              8            001              6
              8            010              7
              8            011              7
              8            100              0
              8            101              2
              8            110              6
              8            111              7
