Eaten part = 0.235029
Start state = 3
Significant inputs: 3 5 6
Moves: 2 2 2 0 0 0 0 0 0
          state         inputs     next state
              0            000              6
              0            001              8
              0            010              1
              0            011              0
              0            100              2
              0            101              8
              0            110              5
              0            111              8
              1            000              5
              1            001              3
              1            010              0
              1            011              8
              1            100              5
              1            101              6
              1            110              4
              1            111              2
              2            000              7
              2            001              4
              2            010              7
              2            011              6
              2            100              8
              2            101              5
              2            110              5
              2            111              5
              3            000              0
              3            001              7
              3            010              6
              3            011              5
              3            100              1
              3            101              0
              3            110              4
              3            111              1
              4            000              1
              4            001              4
              4            010              5
              4            011              8
              4            100              4
              4            101              7
              4            110              0
              4            111              3
              5            000              6
              5            001              7
              5            010              6
              5            011              6
              5            100              2
              5            101              5
              5            110              0
              5            111              1
              6            000              6
              6            001              6
              6            010              7
              6            011              8
              6            100              2
              6            101              3
              6            110              0
              6            111              5
              7            000              5
              7            001              6
              7            010              1
              7            011              3
              7            100              5
              7            101              6
              7            110              3
              7            111              8
              8            000              6
              8            001              1
              8            010              2
              8            011              6
              8            100              4
              8            101              4
              8            110              5
              8            111              1
