Eaten part = 0.246451
Start state = 3
Significant inputs: 1 2 3
Moves: 1 0 0 0 0 0 1 0 2
          state         inputs     next state
              0            000              5
              0            001              1
              0            010              3
              0            011              1
              0            100              2
              0            101              4
              0            110              7
              0            111              7
              1            000              4
              1            001              3
              1            010              1
              1            011              3
              1            100              5
              1            101              2
              1            110              4
              1            111              5
              2            000              2
              2            001              8
              2            010              6
              2            011              1
              2            100              2
              2            101              6
              2            110              6
              2            111              7
              3            000              2
              3            001              7
              3            010              6
              3            011              2
              3            100              8
              3            101              3
              3            110              1
              3            111              5
              4            000              0
              4            001              5
              4            010              6
              4            011              6
              4            100              2
              4            101              5
              4            110              1
              4            111              1
              5            000              1
              5            001              7
              5            010              1
              5            011              6
              5            100              1
              5            101              3
              5            110              1
              5            111              0
              6            000              1
              6            001              4
              6            010              0
              6            011              7
              6            100              7
              6            101              7
              6            110              8
              6            111              3
              7            000              8
              7            001              4
              7            010              8
              7            011              5
              7            100              8
              7            101              1
              7            110              8
              7            111              4
              8            000              3
              8            001              1
              8            010              2
              8            011              3
              8            100              6
              8            101              7
              8            110              7
              8            111              5
