Eaten part = 0.259821
Start state = 0
Significant inputs: 4 6 7
Moves: 0 0 0 0 1 0 0 0 2
          state         inputs     next state
              0            000              0
              0            001              0
              0            010              8
              0            011              1
              0            100              6
              0            101              6
              0            110              8
              0            111              7
              1            000              0
              1            001              6
              1            010              2
              1            011              2
              1            100              7
              1            101              5
              1            110              1
              1            111              8
              2            000              4
              2            001              6
              2            010              8
              2            011              2
              2            100              2
              2            101              2
              2            110              3
              2            111              3
              3            000              5
              3            001              3
              3            010              6
              3            011              5
              3            100              7
              3            101              2
              3            110              0
              3            111              1
              4            000              0
              4            001              6
              4            010              6
              4            011              0
              4            100              0
              4            101              0
              4            110              2
              4            111              8
              5            000              4
              5            001              6
              5            010              5
              5            011              7
              5            100              1
              5            101              7
              5            110              1
              5            111              8
              6            000              7
              6            001              5
              6            010              8
              6            011              3
              6            100              1
              6            101              7
              6            110              8
              6            111              6
              7            000              2
              7            001              0
              7            010              0
              7            011              1
              7            100              7
              7            101              0
              7            110              8
              7            111              5
              8            000              6
              8            001              5
              8            010              5
              8            011              5
              8            100              1
              8            101              0
              8            110              7
              8            111              4
