Eaten part = 0.303209
Start state = 6
Significant inputs: 1 2 6
Moves: 1 2 0 0 0 2 0 2 1
          state         inputs     next state
              0            000              2
              0            001              6
              0            010              8
              0            011              6
              0            100              7
              0            101              6
              0            110              0
              0            111              6
              1            000              6
              1            001              6
              1            010              8
              1            011              6
              1            100              5
              1            101              5
              1            110              6
              1            111              7
              2            000              4
              2            001              6
              2            010              8
              2            011              1
              2            100              3
              2            101              0
              2            110              4
              2            111              6
              3            000              7
              3            001              2
              3            010              4
              3            011              4
              3            100              2
              3            101              0
              3            110              0
              3            111              8
              4            000              6
              4            001              6
              4            010              0
              4            011              0
              4            100              4
              4            101              8
              4            110              7
              4            111              2
              5            000              6
              5            001              4
              5            010              1
              5            011              6
              5            100              3
              5            101              1
              5            110              7
              5            111              0
              6            000              6
              6            001              7
              6            010              0
              6            011              4
              6            100              7
              6            101              5
              6            110              0
              6            111              5
              7            000              4
              7            001              6
              7            010              6
              7            011              1
              7            100              4
              7            101              0
              7            110              3
              7            111              6
              8            000              0
              8            001              8
              8            010              6
              8            011              4
              8            100              2
              8            101              2
              8            110              8
              8            111              4
