Eaten part = 0.237803
Start state = 1
Significant inputs: 0 4 6
Moves: 2 0 0 2 0 2 0 0 0
          state         inputs     next state
              0            000              4
              0            001              8
              0            010              1
              0            011              2
              0            100              2
              0            101              6
              0            110              1
              0            111              0
              1            000              2
              1            001              7
              1            010              4
              1            011              6
              1            100              0
              1            101              3
              1            110              3
              1            111              0
              2            000              2
              2            001              2
              2            010              1
              2            011              1
              2            100              0
              2            101              3
              2            110              2
              2            111              2
              3            000              8
              3            001              7
              3            010              1
              3            011              5
              3            100              1
              3            101              8
              3            110              0
              3            111              4
              4            000              4
              4            001              1
              4            010              2
              4            011              7
              4            100              3
              4            101              3
              4            110              1
              4            111              4
              5            000              4
              5            001              5
              5            010              2
              5            011              7
              5            100              0
              5            101              2
              5            110              0
              5            111              5
              6            000              2
              6            001              5
              6            010              2
              6            011              5
              6            100              0
              6            101              7
              6            110              8
              6            111              0
              7            000              6
              7            001              3
              7            010              4
              7            011              2
              7            100              4
              7            101              3
              7            110              1
              7            111              5
              8            000              4
              8            001              7
              8            010              1
              8            011              5
              8            100              0
              8            101              1
              8            110              6
              8            111              7
