Eaten part = 0.247544
Start state = 2
Significant inputs: 2 4 5
Moves: 0 2 1 0 0 0 0 0 1
          state         inputs     next state
              0            000              7
              0            001              6
              0            010              7
              0            011              6
              0            100              1
              0            101              0
              0            110              2
              0            111              1
              1            000              6
              1            001              6
              1            010              6
              1            011              7
              1            100              4
              1            101              4
              1            110              5
              1            111              2
              2            000              4
              2            001              0
              2            010              6
              2            011              6
              2            100              3
              2            101              7
              2            110              7
              2            111              3
              3            000              4
              3            001              3
              3            010              5
              3            011              4
              3            100              5
              3            101              4
              3            110              5
              3            111              1
              4            000              5
              4            001              2
              4            010              0
              4            011              4
              4            100              3
              4            101              0
              4            110              4
              4            111              2
              5            000              1
              5            001              2
              5            010              5
              5            011              7
              5            100              7
              5            101              4
              5            110              5
              5            111              5
              6            000              6
              6            001              2
              6            010              6
              6            011              5
              6            100              0
              6            101              2
              6            110              6
              6            111              2
              7            000              3
              7            001              2
              7            010              7
              7            011              7
              7            100              5
              7            101              1
              7            110              5
              7            111              4
              8            000              6
              8            001              8
              8            010              8
              8            011              2
              8            100              6
              8            101              8
              8            110              8
              8            111              0
