Eaten part = 0.305200
Start state = 6
Significant inputs: 1 2 6
Moves: 2 0 1 0 0 2 0 0 0
          state         inputs     next state
              0            000              7
              0            001              6
              0            010              6
              0            011              7
              0            100              4
              0            101              7
              0            110              7
              0            111              6
              1            000              2
              1            001              5
              1            010              1
              1            011              0
              1            100              5
              1            101              4
              1            110              0
              1            111              6
              2            000              4
              2            001              3
              2            010              7
              2            011              7
              2            100              2
              2            101              4
              2            110              0
              2            111              3
              3            000              7
              3            001              6
              3            010              6
              3            011              1
              3            100              0
              3            101              4
              3            110              6
              3            111              5
              4            000              3
              4            001              2
              4            010              8
              4            011              4
              4            100              5
              4            101              2
              4            110              7
              4            111              2
              5            000              3
              5            001              0
              5            010              8
              5            011              2
              5            100              8
              5            101              1
              5            110              7
              5            111              6
              6            000              7
              6            001              7
              6            010              0
              6            011              2
              6            100              8
              6            101              5
              6            110              8
              6            111              0
              7            000              7
              7            001              8
              7            010              2
              7            011              6
              7            100              5
              7            101              5
              7            110              2
              7            111              1
              8            000              3
              8            001              8
              8            010              2
              8            011              2
              8            100              0
              8            101              4
              8            110              3
              8            111              3
