Eaten part = 0.237559
Start state = 6
Significant inputs: 1 2 5
Moves: 0 1 0 0 0 0 1 0 0
          state         inputs     next state
              0            000              0
              0            001              6
              0            010              6
              0            011              4
              0            100              3
              0            101              8
              0            110              7
              0            111              7
              1            000              4
              1            001              7
              1            010              8
              1            011              2
              1            100              3
              1            101              7
              1            110              3
              1            111              4
              2            000              0
              2            001              2
              2            010              6
              2            011              8
              2            100              3
              2            101              5
              2            110              8
              2            111              3
              3            000              4
              3            001              8
              3            010              1
              3            011              2
              3            100              0
              3            101              6
              3            110              1
              3            111              6
              4            000              2
              4            001              1
              4            010              6
              4            011              1
              4            100              6
              4            101              3
              4            110              6
              4            111              7
              5            000              4
              5            001              4
              5            010              5
              5            011              6
              5            100              3
              5            101              5
              5            110              8
              5            111              6
              6            000              2
              6            001              3
              6            010              1
              6            011              8
              6            100              6
              6            101              3
              6            110              7
              6            111              7
              7            000              3
              7            001              5
              7            010              2
              7            011              8
              7            100              4
              7            101              4
              7            110              5
              7            111              0
              8            000              8
              8            001              4
              8            010              0
              8            011              1
              8            100              3
              8            101              4
              8            110              1
              8            111              6
