Eaten part = 0.209395
Start state = 5
Significant inputs: 0 3 4
Moves: 0 0 0 2 0 0 1 0 0
          state         inputs     next state
              0            000              3
              0            001              2
              0            010              2
              0            011              7
              0            100              5
              0            101              5
              0            110              5
              0            111              2
              1            000              3
              1            001              0
              1            010              3
              1            011              2
              1            100              1
              1            101              7
              1            110              4
              1            111              8
              2            000              3
              2            001              1
              2            010              7
              2            011              4
              2            100              2
              2            101              5
              2            110              5
              2            111              7
              3            000              7
              3            001              4
              3            010              0
              3            011              0
              3            100              6
              3            101              1
              3            110              8
              3            111              8
              4            000              1
              4            001              1
              4            010              7
              4            011              7
              4            100              8
              4            101              5
              4            110              1
              4            111              5
              5            000              5
              5            001              2
              5            010              7
              5            011              4
              5            100              8
              5            101              0
              5            110              4
              5            111              2
              6            000              5
              6            001              5
              6            010              1
              6            011              7
              6            100              5
              6            101              4
              6            110              8
              6            111              0
              7            000              6
              7            001              8
              7            010              1
              7            011              0
              7            100              0
              7            101              4
              7            110              4
              7            111              8
              8            000              6
              8            001              2
              8            010              4
              8            011              8
              8            100              4
              8            101              0
              8            110              4
              8            111              4
