Eaten part = 0.300086
Start state = 1
Significant inputs: 2 3 6
Moves: 0 0 0 2 0 1 0 0 1
          state         inputs     next state
              0            000              4
              0            001              1
              0            010              6
              0            011              3
              0            100              1
              0            101              6
              0            110              3
              0            111              3
              1            000              0
              1            001              4
              1            010              7
              1            011              2
              1            100              2
              1            101              6
              1            110              3
              1            111              3
              2            000              7
              2            001              1
              2            010              7
              2            011              5
              2            100              4
              2            101              3
              2            110              1
              2            111              5
              3            000              7
              3            001              4
              3            010              4
              3            011              0
              3            100              4
              3            101              1
              3            110              1
              3            111              4
              4            000              4
              4            001              5
              4            010              4
              4            011              8
              4            100              3
              4            101              3
              4            110              3
              4            111              2
              5            000              7
              5            001              4
              5            010              7
              5            011              4
              5            100              4
              5            101              2
              5            110              0
              5            111              0
              6            000              1
              6            001              4
              6            010              2
              6            011              8
              6            100              6
              6            101              7
              6            110              7
              6            111              0
              7            000              2
              7            001              5
              7            010              4
              7            011              2
              7            100              3
              7            101              0
              7            110              7
              7            111              8
              8            000              0
              8            001              0
              8            010              0
              8            011              4
              8            100              4
              8            101              6
              8            110              7
              8            111              2
