Eaten part = 0.233411
Start state = 2
Significant inputs: 0 3 6
Moves: 2 0 0 2 0 0 0 0 0
          state         inputs     next state
              0            000              2
              0            001              5
              0            010              4
              0            011              5
              0            100              2
              0            101              1
              0            110              2
              0            111              7
              1            000              6
              1            001              2
              1            010              8
              1            011              0
              1            100              0
              1            101              0
              1            110              5
              1            111              8
              2            000              8
              2            001              7
              2            010              2
              2            011              2
              2            100              5
              2            101              0
              2            110              6
              2            111              1
              3            000              6
              3            001              6
              3            010              8
              3            011              3
              3            100              0
              3            101              1
              3            110              3
              3            111              3
              4            000              4
              4            001              0
              4            010              5
              4            011              1
              4            100              3
              4            101              0
              4            110              3
              4            111              5
              5            000              7
              5            001              4
              5            010              6
              5            011              1
              5            100              1
              5            101              3
              5            110              6
              5            111              8
              6            000              7
              6            001              0
              6            010              5
              6            011              0
              6            100              0
              6            101              2
              6            110              3
              6            111              4
              7            000              7
              7            001              8
              7            010              7
              7            011              2
              7            100              0
              7            101              0
              7            110              0
              7            111              0
              8            000              7
              8            001              7
              8            010              8
              8            011              5
              8            100              7
              8            101              0
              8            110              3
              8            111              6
