Eaten part = 0.289844
Start state = 1
Significant inputs: 2 6 7
Moves: 1 2 0 0 0 1 2 0 0
          state         inputs     next state
              0            000              3
              0            001              0
              0            010              6
              0            011              2
              0            100              1
              0            101              6
              0            110              3
              0            111              2
              1            000              4
              1            001              3
              1            010              3
              1            011              8
              1            100              7
              1            101              8
              1            110              8
              1            111              2
              2            000              2
              2            001              5
              2            010              6
              2            011              5
              2            100              2
              2            101              0
              2            110              1
              2            111              8
              3            000              2
              3            001              3
              3            010              1
              3            011              6
              3            100              7
              3            101              7
              3            110              1
              3            111              1
              4            000              2
              4            001              5
              4            010              6
              4            011              2
              4            100              7
              4            101              5
              4            110              3
              4            111              5
              5            000              8
              5            001              7
              5            010              4
              5            011              3
              5            100              3
              5            101              4
              5            110              7
              5            111              2
              6            000              8
              6            001              3
              6            010              4
              6            011              2
              6            100              8
              6            101              8
              6            110              8
              6            111              2
              7            000              3
              7            001              5
              7            010              6
              7            011              2
              7            100              8
              7            101              7
              7            110              1
              7            111              3
              8            000              2
              8            001              0
              8            010              7
              8            011              1
              8            100              3
              8            101              0
              8            110              5
              8            111              6
