Eaten part = 0.287888
Start state = 0
Significant inputs: 2 5 6
Moves: 2 1 0 0 0 0 0 0 0
          state         inputs     next state
              0            000              6
              0            001              6
              0            010              4
              0            011              5
              0            100              7
              0            101              3
              0            110              5
              0            111              8
              1            000              6
              1            001              2
              1            010              6
              1            011              2
              1            100              3
              1            101              4
              1            110              4
              1            111              3
              2            000              6
              2            001              1
              2            010              6
              2            011              5
              2            100              6
              2            101              0
              2            110              3
              2            111              4
              3            000              3
              3            001              1
              3            010              8
              3            011              4
              3            100              0
              3            101              1
              3            110              2
              3            111              1
              4            000              6
              4            001              0
              4            010              0
              4            011              0
              4            100              8
              4            101              3
              4            110              0
              4            111              0
              5            000              8
              5            001              1
              5            010              6
              5            011              1
              5            100              8
              5            101              4
              5            110              2
              5            111              5
              6            000              3
              6            001              1
              6            010              6
              6            011              6
              6            100              3
              6            101              0
              6            110              0
              6            111              8
              7            000              8
              7            001              1
              7            010              2
              7            011              3
              7            100              5
              7            101              7
              7            110              2
              7            111              0
              8            000              6
              8            001              6
              8            010              6
              8            011              5
              8            100              0
              8            101              3
              8            110              2
              8            111              1
