Eaten part = 0.293993
Start state = 5
Significant inputs: 1 2 6
Moves: 0 1 1 2 0 0 0 0 0
          state         inputs     next state
              0            000              4
              0            001              0
              0            010              1
              0            011              7
              0            100              3
              0            101              5
              0            110              5
              0            111              4
              1            000              5
              1            001              4
              1            010              1
              1            011              7
              1            100              8
              1            101              5
              1            110              4
              1            111              5
              2            000              6
              2            001              4
              2            010              1
              2            011              7
              2            100              4
              2            101              8
              2            110              4
              2            111              7
              3            000              6
              3            001              1
              3            010              7
              3            011              8
              3            100              7
              3            101              6
              3            110              2
              3            111              4
              4            000              7
              4            001              1
              4            010              2
              4            011              2
              4            100              3
              4            101              8
              4            110              2
              4            111              6
              5            000              0
              5            001              5
              5            010              7
              5            011              1
              5            100              2
              5            101              6
              5            110              5
              5            111              2
              6            000              7
              6            001              4
              6            010              5
              6            011              3
              6            100              8
              6            101              4
              6            110              1
              6            111              5
              7            000              4
              7            001              6
              7            010              1
              7            011              5
              7            100              3
              7            101              4
              7            110              1
              7            111              1
              8            000              0
              8            001              3
              8            010              7
              8            011              8
              8            100              4
              8            101              4
              8            110              2
              8            111              3
