Eaten part = 0.242424
Start state = 7
Significant inputs: 3 5 6
Moves: 0 0 0 0 2 2 2 0 1
          state         inputs     next state
              0            000              8
              0            001              2
              0            010              7
              0            011              8
              0            100              1
              0            101              0
              0            110              1
              0            111              0
              1            000              2
              1            001              1
              1            010              0
              1            011              8
              1            100              0
              1            101              6
              1            110              8
              1            111              7
              2            000              7
              2            001              7
              2            010              3
              2            011              1
              2            100              8
              2            101              7
              2            110              3
              2            111              4
              3            000              0
              3            001              5
              3            010              7
              3            011              3
              3            100              8
              3            101              7
              3            110              4
              3            111              7
              4            000              3
              4            001              6
              4            010              0
              4            011              5
              4            100              6
              4            101              5
              4            110              4
              4            111              3
              5            000              5
              5            001              4
              5            010              0
              5            011              1
              5            100              1
              5            101              5
              5            110              0
              5            111              7
              6            000              3
              6            001              1
              6            010              2
              6            011              2
              6            100              6
              6            101              5
              6            110              1
              6            111              2
              7            000              7
              7            001              7
              7            010              0
              7            011              0
              7            100              5
              7            101              6
              7            110              6
              7            111              5
              8            000              7
              8            001              4
              8            010              1
              8            011              5
              8            100              2
              8            101              2
              8            110              8
              8            111              3
