Eaten part = 0.266137
Start state = 4
Significant inputs: 0 2 4
Moves: 0 1 2 0 0 0 0 0 0
          state         inputs     next state
              0            000              3
              0            001              0
              0            010              1
              0            011              1
              0            100              6
              0            101              5
              0            110              8
              0            111              5
              1            000              8
              1            001              8
              1            010              7
              1            011              4
              1            100              4
              1            101              5
              1            110              6
              1            111              0
              2            000              6
              2            001              8
              2            010              6
              2            011              5
              2            100              3
              2            101              4
              2            110              8
              2            111              5
              3            000              3
              3            001              0
              3            010              1
              3            011              1
              3            100              7
              3            101              0
              3            110              3
              3            111              8
              4            000              5
              4            001              5
              4            010              3
              4            011              2
              4            100              6
              4            101              3
              4            110              2
              4            111              2
              5            000              0
              5            001              3
              5            010              1
              5            011              2
              5            100              0
              5            101              3
              5            110              3
              5            111              7
              6            000              3
              6            001              7
              6            010              1
              6            011              4
              6            100              3
              6            101              7
              6            110              3
              6            111              4
              7            000              2
              7            001              0
              7            010              1
              7            011              8
              7            100              3
              7            101              6
              7            110              3
              7            111              0
              8            000              3
              8            001              4
              8            010              8
              8            011              3
              8            100              7
              8            101              3
              8            110              3
              8            111              3
