Eaten part = 0.295170
Start state = 4
Significant inputs: 1 2 6
Moves: 1 2 0 0 0 1 1 0 2
          state         inputs     next state
              0            000              3
              0            001              3
              0            010              0
              0            011              6
              0            100              7
              0            101              2
              0            110              1
              0            111              0
              1            000              7
              1            001              7
              1            010              7
              1            011              3
              1            100              3
              1            101              3
              1            110              2
              1            111              7
              2            000              6
              2            001              3
              2            010              0
              2            011              5
              2            100              1
              2            101              5
              2            110              8
              2            111              0
              3            000              4
              3            001              4
              3            010              5
              3            011              4
              3            100              1
              3            101              4
              3            110              1
              3            111              0
              4            000              3
              4            001              3
              4            010              3
              4            011              5
              4            100              3
              4            101              3
              4            110              0
              4            111              0
              5            000              1
              5            001              7
              5            010              5
              5            011              7
              5            100              8
              5            101              7
              5            110              5
              5            111              4
              6            000              1
              6            001              6
              6            010              7
              6            011              7
              6            100              3
              6            101              7
              6            110              4
              6            111              6
              7            000              7
              7            001              1
              7            010              5
              7            011              2
              7            100              1
              7            101              1
              7            110              1
              7            111              2
              8            000              0
              8            001              2
              8            010              8
              8            011              4
              8            100              7
              8            101              3
              8            110              2
              8            111              8
