Eaten part = 0.255370
Start state = 8
Significant inputs: 3 5 6
Moves: 2 0 1 0 0 0 2 0 0
          state         inputs     next state
              0            000              4
              0            001              6
              0            010              1
              0            011              3
              0            100              7
              0            101              7
              0            110              8
              0            111              2
              1            000              8
              1            001              5
              1            010              5
              1            011              5
              1            100              8
              1            101              5
              1            110              4
              1            111              0
              2            000              5
              2            001              8
              2            010              3
              2            011              3
              2            100              3
              2            101              1
              2            110              1
              2            111              0
              3            000              3
              3            001              4
              3            010              4
              3            011              0
              3            100              6
              3            101              8
              3            110              8
              3            111              8
              4            000              5
              4            001              2
              4            010              6
              4            011              6
              4            100              2
              4            101              1
              4            110              4
              4            111              2
              5            000              5
              5            001              3
              5            010              1
              5            011              7
              5            100              0
              5            101              6
              5            110              7
              5            111              0
              6            000              5
              6            001              8
              6            010              1
              6            011              1
              6            100              5
              6            101              6
              6            110              8
              6            111              4
              7            000              4
              7            001              6
              7            010              4
              7            011              4
              7            100              7
              7            101              4
              7            110              0
              7            111              8
              8            000              4
              8            001              2
              8            010              5
              8            011              5
              8            100              1
              8            101              5
              8            110              6
              8            111              5
