Eaten part = 0.281675
Start state = 2
Significant inputs: 1 2 6
Moves: 1 0 1 0 0 0 2 1 0
          state         inputs     next state
              0            000              3
              0            001              3
              0            010              8
              0            011              3
              0            100              7
              0            101              6
              0            110              7
              0            111              3
              1            000              8
              1            001              4
              1            010              5
              1            011              1
              1            100              1
              1            101              3
              1            110              7
              1            111              8
              2            000              8
              2            001              3
              2            010              2
              2            011              3
              2            100              8
              2            101              5
              2            110              0
              2            111              4
              3            000              3
              3            001              2
              3            010              2
              3            011              0
              3            100              6
              3            101              0
              3            110              0
              3            111              7
              4            000              3
              4            001              2
              4            010              7
              4            011              5
              4            100              7
              4            101              1
              4            110              5
              4            111              8
              5            000              3
              5            001              6
              5            010              2
              5            011              6
              5            100              8
              5            101              4
              5            110              4
              5            111              4
              6            000              1
              6            001              8
              6            010              4
              6            011              7
              6            100              4
              6            101              1
              6            110              4
              6            111              0
              7            000              3
              7            001              1
              7            010              0
              7            011              5
              7            100              5
              7            101              5
              7            110              8
              7            111              0
              8            000              5
              8            001              7
              8            010              7
              8            011              0
              8            100              3
              8            101              1
              8            110              0
              8            111              2
