Eaten part = 0.185090
Start state = 5
Significant inputs: 0 3 4
Moves: 0 0 2 0 2 0 1 0 0
          state         inputs     next state
              0            000              8
              0            001              7
              0            010              7
              0            011              8
              0            100              5
              0            101              0
              0            110              0
              0            111              0
              1            000              2
              1            001              3
              1            010              0
              1            011              3
              1            100              3
              1            101              7
              1            110              1
              1            111              0
              2            000              8
              2            001              5
              2            010              6
              2            011              4
              2            100              5
              2            101              2
              2            110              4
              2            111              2
              3            000              1
              3            001              0
              3            010              6
              3            011              7
              3            100              2
              3            101              7
              3            110              7
              3            111              1
              4            000              5
              4            001              0
              4            010              6
              4            011              6
              4            100              0
              4            101              4
              4            110              8
              4            111              1
              5            000              6
              5            001              5
              5            010              0
              5            011              3
              5            100              0
              5            101              1
              5            110              1
              5            111              0
              6            000              0
              6            001              5
              6            010              0
              6            011              3
              6            100              1
              6            101              8
              6            110              3
              6            111              6
              7            000              5
              7            001              8
              7            010              4
              7            011              0
              7            100              7
              7            101              1
              7            110              3
              7            111              8
              8            000              4
              8            001              8
              8            010              2
              8            011              8
              8            100              1
              8            101              4
              8            110              4
              8            111              3
