Eaten part = 0.245101
Start state = 8
Significant inputs: 1 2 5
Moves: 0 0 0 1 2 0 0 0 0
          state         inputs     next state
              0            000              5
              0            001              6
              0            010              4
              0            011              3
              0            100              3
              0            101              6
              0            110              2
              0            111              4
              1            000              4
              1            001              7
              1            010              4
              1            011              2
              1            100              6
              1            101              2
              1            110              7
              1            111              8
              2            000              5
              2            001              5
              2            010              5
              2            011              4
              2            100              7
              2            101              8
              2            110              6
              2            111              3
              3            000              2
              3            001              6
              3            010              5
              3            011              1
              3            100              8
              3            101              2
              3            110              2
              3            111              1
              4            000              8
              4            001              7
              4            010              6
              4            011              2
              4            100              7
              4            101              2
              4            110              6
              4            111              0
              5            000              8
              5            001              4
              5            010              6
              5            011              4
              5            100              3
              5            101              4
              5            110              4
              5            111              6
              6            000              6
              6            001              4
              6            010              3
              6            011              4
              6            100              6
              6            101              6
              6            110              3
              6            111              5
              7            000              5
              7            001              0
              7            010              1
              7            011              3
              7            100              1
              7            101              0
              7            110              8
              7            111              0
              8            000              6
              8            001              0
              8            010              8
              8            011              3
              8            100              6
              8            101              0
              8            110              2
              8            111              5
