Eaten part = 0.300542
Start state = 4
Significant inputs: 2 5 6
Moves: 2 0 0 0 0 2 0 2 1
          state         inputs     next state
              0            000              8
              0            001              5
              0            010              4
              0            011              4
              0            100              1
              0            101              6
              0            110              4
              0            111              6
              1            000              4
              1            001              0
              1            010              4
              1            011              5
              1            100              6
              1            101              8
              1            110              7
              1            111              8
              2            000              4
              2            001              8
              2            010              6
              2            011              5
              2            100              3
              2            101              4
              2            110              8
              2            111              3
              3            000              4
              3            001              6
              3            010              4
              3            011              8
              3            100              5
              3            101              4
              3            110              6
              3            111              0
              4            000              4
              4            001              8
              4            010              5
              4            011              8
              4            100              0
              4            101              0
              4            110              4
              4            111              4
              5            000              6
              5            001              1
              5            010              3
              5            011              6
              5            100              3
              5            101              1
              5            110              6
              5            111              8
              6            000              4
              6            001              8
              6            010              2
              6            011              4
              6            100              5
              6            101              4
              6            110              0
              6            111              1
              7            000              3
              7            001              6
              7            010              5
              7            011              3
              7            100              7
              7            101              0
              7            110              7
              7            111              2
              8            000              3
              8            001              4
              8            010              2
              8            011              5
              8            100              4
              8            101              4
              8            110              2
              8            111              4
