Eaten part = 0.285221
Start state = 7
Significant inputs: 0 2 6
Moves: 2 0 1 1 2 0 2 0 0
          state         inputs     next state
              0            000              5
              0            001              8
              0            010              7
              0            011              3
              0            100              3
              0            101              6
              0            110              1
              0            111              3
              1            000              8
              1            001              8
              1            010              3
              1            011              3
              1            100              4
              1            101              1
              1            110              1
              1            111              4
              2            000              5
              2            001              2
              2            010              1
              2            011              5
              2            100              1
              2            101              1
              2            110              7
              2            111              2
              3            000              1
              3            001              5
              3            010              1
              3            011              8
              3            100              1
              3            101              6
              3            110              7
              3            111              4
              4            000              1
              4            001              1
              4            010              1
              4            011              1
              4            100              7
              4            101              7
              4            110              7
              4            111              1
              5            000              5
              5            001              1
              5            010              5
              5            011              3
              5            100              8
              5            101              1
              5            110              1
              5            111              5
              6            000              8
              6            001              7
              6            010              3
              6            011              8
              6            100              2
              6            101              1
              6            110              4
              6            111              1
              7            000              7
              7            001              2
              7            010              2
              7            011              7
              7            100              4
              7            101              1
              7            110              3
              7            111              5
              8            000              1
              8            001              7
              8            010              3
              8            011              2
              8            100              4
              8            101              4
              8            110              0
              8            111              3
