Eaten part = 0.297423
Start state = 3
Significant inputs: 2 3 6
Moves: 0 0 1 0 2 0 2 0 0
          state         inputs     next state
              0            000              0
              0            001              5
              0            010              5
              0            011              3
              0            100              6
              0            101              0
              0            110              6
              0            111              2
              1            000              8
              1            001              3
              1            010              6
              1            011              1
              1            100              7
              1            101              2
              1            110              2
              1            111              4
              2            000              7
              2            001              3
              2            010              3
              2            011              3
              2            100              5
              2            101              3
              2            110              8
              2            111              0
              3            000              5
              3            001              2
              3            010              3
              3            011              5
              3            100              6
              3            101              6
              3            110              4
              3            111              6
              4            000              8
              4            001              0
              4            010              5
              4            011              8
              4            100              3
              4            101              8
              4            110              5
              4            111              7
              5            000              5
              5            001              2
              5            010              5
              5            011              2
              5            100              6
              5            101              0
              5            110              6
              5            111              5
              6            000              0
              6            001              8
              6            010              2
              6            011              2
              6            100              5
              6            101              5
              6            110              0
              6            111              5
              7            000              5
              7            001              5
              7            010              5
              7            011              0
              7            100              6
              7            101              7
              7            110              5
              7            111              6
              8            000              2
              8            001              0
              8            010              0
              8            011              0
              8            100              6
              8            101              3
              8            110              8
              8            111              8
