Eaten part = 0.310415
Start state = 3
Significant inputs: 2 5 6
Moves: 0 0 2 0 2 1 0 2 0
          state         inputs     next state
              0            000              7
              0            001              3
              0            010              3
              0            011              5
              0            100              2
              0            101              1
              0            110              3
              0            111              1
              1            000              1
              1            001              5
              1            010              3
              1            011              4
              1            100              7
              1            101              7
              1            110              6
              1            111              8
              2            000              3
              2            001              0
              2            010              1
              2            011              3
              2            100              6
              2            101              5
              2            110              8
              2            111              6
              3            000              1
              3            001              5
              3            010              2
              3            011              1
              3            100              7
              3            101              5
              3            110              4
              3            111              4
              4            000              4
              4            001              6
              4            010              0
              4            011              1
              4            100              2
              4            101              6
              4            110              3
              4            111              0
              5            000              1
              5            001              3
              5            010              1
              5            011              6
              5            100              3
              5            101              3
              5            110              6
              5            111              2
              6            000              1
              6            001              5
              6            010              0
              6            011              4
              6            100              5
              6            101              6
              6            110              0
              6            111              5
              7            000              2
              7            001              2
              7            010              8
              7            011              6
              7            100              8
              7            101              7
              7            110              3
              7            111              6
              8            000              3
              8            001              6
              8            010              5
              8            011              1
              8            100              4
              8            101              3
              8            110              8
              8            111              5
