Eaten part = 0.322136
Start state = 3
Significant inputs: 2 4 6
Moves: 0 1 1 0 0 2 0 0 2
          state         inputs     next state
              0            000              7
              0            001              2
              0            010              6
              0            011              4
              0            100              8
              0            101              0
              0            110              0
              0            111              5
              1            000              3
              1            001              3
              1            010              6
              1            011              0
              1            100              3
              1            101              3
              1            110              6
              1            111              3
              2            000              7
              2            001              4
              2            010              3
              2            011              6
              2            100              7
              2            101              5
              2            110              7
              2            111              0
              3            000              3
              3            001              1
              3            010              3
              3            011              6
              3            100              8
              3            101              1
              3            110              7
              3            111              8
              4            000              3
              4            001              1
              4            010              0
              4            011              2
              4            100              3
              4            101              6
              4            110              3
              4            111              5
              5            000              3
              5            001              0
              5            010              8
              5            011              4
              5            100              4
              5            101              0
              5            110              1
              5            111              4
              6            000              3
              6            001              1
              6            010              3
              6            011              3
              6            100              0
              6            101              7
              6            110              8
              6            111              4
              7            000              3
              7            001              1
              7            010              4
              7            011              3
              7            100              0
              7            101              7
              7            110              1
              7            111              7
              8            000              3
              8            001              7
              8            010              6
              8            011              2
              8            100              7
              8            101              6
              8            110              6
              8            111              6
