Eaten part = 0.236296
Start state = 8
Significant inputs: 3 4 6
Moves: 0 1 0 0 2 0 0 0 0
          state         inputs     next state
              0            000              6
              0            001              0
              0            010              8
              0            011              0
              0            100              8
              0            101              4
              0            110              7
              0            111              5
              1            000              3
              1            001              3
              1            010              7
              1            011              1
              1            100              8
              1            101              0
              1            110              1
              1            111              1
              2            000              8
              2            001              3
              2            010              5
              2            011              0
              2            100              2
              2            101              4
              2            110              4
              2            111              6
              3            000              6
              3            001              8
              3            010              8
              3            011              8
              3            100              2
              3            101              3
              3            110              8
              3            111              4
              4            000              6
              4            001              0
              4            010              8
              4            011              6
              4            100              8
              4            101              0
              4            110              0
              4            111              8
              5            000              7
              5            001              4
              5            010              8
              5            011              7
              5            100              7
              5            101              5
              5            110              2
              5            111              8
              6            000              6
              6            001              7
              6            010              6
              6            011              8
              6            100              4
              6            101              7
              6            110              4
              6            111              3
              7            000              3
              7            001              5
              7            010              7
              7            011              2
              7            100              4
              7            101              8
              7            110              0
              7            111              1
              8            000              7
              8            001              1
              8            010              5
              8            011              2
              8            100              0
              8            101              5
              8            110              7
              8            111              6
