Eaten part = 0.242116
Start state = 8
Significant inputs: 1 3 6
Moves: 0 2 0 0 2 0 0 0 1
          state         inputs     next state
              0            000              5
              0            001              3
              0            010              8
              0            011              3
              0            100              5
              0            101              7
              0            110              8
              0            111              5
              1            000              7
              1            001              7
              1            010              6
              1            011              2
              1            100              6
              1            101              3
              1            110              0
              1            111              5
              2            000              3
              2            001              6
              2            010              7
              2            011              5
              2            100              1
              2            101              2
              2            110              1
              2            111              3
              3            000              2
              3            001              2
              3            010              6
              3            011              2
              3            100              4
              3            101              1
              3            110              4
              3            111              2
              4            000              2
              4            001              3
              4            010              2
              4            011              2
              4            100              0
              4            101              6
              4            110              8
              4            111              2
              5            000              5
              5            001              6
              5            010              7
              5            011              3
              5            100              1
              5            101              4
              5            110              0
              5            111              8
              6            000              3
              6            001              0
              6            010              8
              6            011              3
              6            100              1
              6            101              8
              6            110              3
              6            111              6
              7            000              6
              7            001              5
              7            010              2
              7            011              0
              7            100              1
              7            101              6
              7            110              5
              7            111              7
              8            000              5
              8            001              3
              8            010              6
              8            011              6
              8            100              3
              8            101              5
              8            110              7
              8            111              6
