Eaten part = 0.254031
Start state = 4
Significant inputs: 3 4 6
Moves: 0 0 1 0 2 0 0 0 2
          state         inputs     next state
              0            000              3
              0            001              2
              0            010              1
              0            011              6
              0            100              4
              0            101              4
              0            110              0
              0            111              3
              1            000              0
              1            001              1
              1            010              6
              1            011              5
              1            100              4
              1            101              8
              1            110              0
              1            111              3
              2            000              1
              2            001              3
              2            010              0
              2            011              1
              2            100              6
              2            101              5
              2            110              8
              2            111              0
              3            000              6
              3            001              0
              3            010              5
              3            011              2
              3            100              4
              3            101              4
              3            110              1
              3            111              1
              4            000              6
              4            001              2
              4            010              1
              4            011              7
              4            100              5
              4            101              6
              4            110              3
              4            111              3
              5            000              1
              5            001              2
              5            010              3
              5            011              5
              5            100              1
              5            101              2
              5            110              1
              5            111              3
              6            000              6
              6            001              5
              6            010              1
              6            011              1
              6            100              4
              6            101              3
              6            110              6
              6            111              1
              7            000              5
              7            001              7
              7            010              1
              7            011              4
              7            100              2
              7            101              8
              7            110              1
              7            111              8
              8            000              0
              8            001              3
              8            010              1
              8            011              8
              8            100              7
              8            101              7
              8            110              0
              8            111              5
