Eaten part = 0.250645
Start state = 1
Significant inputs: 3 4 6
Moves: 0 0 0 0 1 2 0 0 0
          state         inputs     next state
              0            000              0
              0            001              4
              0            010              7
              0            011              1
              0            100              5
              0            101              5
              0            110              1
              0            111              2
              1            000              1
              1            001              6
              1            010              6
              1            011              3
              1            100              7
              1            101              6
              1            110              4
              1            111              3
              2            000              0
              2            001              7
              2            010              1
              2            011              6
              2            100              5
              2            101              6
              2            110              6
              2            111              3
              3            000              0
              3            001              0
              3            010              3
              3            011              6
              3            100              4
              3            101              5
              3            110              6
              3            111              3
              4            000              7
              4            001              1
              4            010              0
              4            011              5
              4            100              8
              4            101              0
              4            110              3
              4            111              0
              5            000              6
              5            001              7
              5            010              0
              5            011              5
              5            100              0
              5            101              3
              5            110              8
              5            111              0
              6            000              0
              6            001              6
              6            010              6
              6            011              0
              6            100              5
              6            101              3
              6            110              2
              6            111              5
              7            000              2
              7            001              6
              7            010              2
              7            011              0
              7            100              4
              7            101              8
              7            110              8
              7            111              3
              8            000              2
              8            001              6
              8            010              3
              8            011              6
              8            100              7
              8            101              5
              8            110              0
              8            111              4
