Eaten part = 0.253946
Start state = 4
Significant inputs: 3 5 6
Moves: 2 0 0 1 2 0 0 0 2
          state         inputs     next state
              0            000              2
              0            001              3
              0            010              5
              0            011              1
              0            100              5
              0            101              4
              0            110              7
              0            111              3
              1            000              2
              1            001              6
              1            010              6
              1            011              0
              1            100              8
              1            101              3
              1            110              3
              1            111              6
              2            000              2
              2            001              6
              2            010              0
              2            011              7
              2            100              0
              2            101              0
              2            110              0
              2            111              4
              3            000              5
              3            001              5
              3            010              2
              3            011              8
              3            100              6
              3            101              2
              3            110              4
              3            111              6
              4            000              1
              4            001              2
              4            010              2
              4            011              6
              4            100              4
              4            101              2
              4            110              7
              4            111              1
              5            000              2
              5            001              2
              5            010              6
              5            011              8
              5            100              4
              5            101              7
              5            110              7
              5            111              6
              6            000              2
              6            001              5
              6            010              6
              6            011              3
              6            100              0
              6            101              8
              6            110              4
              6            111              5
              7            000              3
              7            001              3
              7            010              5
              7            011              4
              7            100              3
              7            101              3
              7            110              7
              7            111              3
              8            000              3
              8            001              3
              8            010              7
              8            011              5
              8            100              6
              8            101              7
              8            110              8
              8            111              5
