Eaten part = 0.292572
Start state = 7
Significant inputs: 2 4 6
Moves: 0 0 0 2 0 0 2 1 0
          state         inputs     next state
              0            000              1
              0            001              5
              0            010              0
              0            011              7
              0            100              1
              0            101              6
              0            110              2
              0            111              3
              1            000              1
              1            001              7
              1            010              1
              1            011              1
              1            100              3
              1            101              3
              1            110              4
              1            111              2
              2            000              6
              2            001              1
              2            010              8
              2            011              5
              2            100              7
              2            101              4
              2            110              8
              2            111              2
              3            000              1
              3            001              2
              3            010              0
              3            011              5
              3            100              1
              3            101              7
              3            110              2
              3            111              1
              4            000              1
              4            001              3
              4            010              1
              4            011              7
              4            100              5
              4            101              1
              4            110              8
              4            111              5
              5            000              5
              5            001              7
              5            010              1
              5            011              3
              5            100              4
              5            101              5
              5            110              0
              5            111              1
              6            000              4
              6            001              1
              6            010              7
              6            011              5
              6            100              0
              6            101              2
              6            110              4
              6            111              3
              7            000              1
              7            001              0
              7            010              3
              7            011              0
              7            100              0
              7            101              5
              7            110              3
              7            111              2
              8            000              0
              8            001              3
              8            010              1
              8            011              4
              8            100              4
              8            101              2
              8            110              3
              8            111              3
