Eaten part = 0.244309
Start state = 4
Significant inputs: 3 6 7
Moves: 2 0 0 0 2 0 0 1 0
          state         inputs     next state
              0            000              1
              0            001              6
              0            010              3
              0            011              3
              0            100              1
              0            101              1
              0            110              5
              0            111              8
              1            000              5
              1            001              5
              1            010              0
              1            011              0
              1            100              1
              1            101              5
              1            110              0
              1            111              4
              2            000              5
              2            001              6
              2            010              8
              2            011              4
              2            100              4
              2            101              3
              2            110              6
              2            111              7
              3            000              8
              3            001              7
              3            010              5
              3            011              0
              3            100              2
              3            101              0
              3            110              1
              3            111              1
              4            000              2
              4            001              1
              4            010              3
              4            011              5
              4            100              8
              4            101              3
              4            110              1
              4            111              2
              5            000              1
              5            001              5
              5            010              0
              5            011              0
              5            100              7
              5            101              2
              5            110              0
              5            111              1
              6            000              1
              6            001              6
              6            010              2
              6            011              0
              6            100              4
              6            101              4
              6            110              2
              6            111              8
              7            000              1
              7            001              2
              7            010              3
              7            011              8
              7            100              8
              7            101              7
              7            110              3
              7            111              8
              8            000              1
              8            001              3
              8            010              0
              8            011              8
              8            100              8
              8            101              7
              8            110              5
              8            111              4
