Eaten part = 0.238471
Start state = 1
Significant inputs: 0 2 3
Moves: 0 1 0 0 0 0 0 0 2
          state         inputs     next state
              0            000              7
              0            001              2
              0            010              7
              0            011              8
              0            100              7
              0            101              3
              0            110              3
              0            111              1
              1            000              5
              1            001              5
              1            010              2
              1            011              7
              1            100              7
              1            101              5
              1            110              0
              1            111              5
              2            000              8
              2            001              0
              2            010              2
              2            011              8
              2            100              8
              2            101              4
              2            110              4
              2            111              7
              3            000              4
              3            001              4
              3            010              1
              3            011              8
              3            100              5
              3            101              2
              3            110              1
              3            111              1
              4            000              5
              4            001              3
              4            010              1
              4            011              7
              4            100              0
              4            101              0
              4            110              5
              4            111              7
              5            000              7
              5            001              4
              5            010              1
              5            011              0
              5            100              3
              5            101              4
              5            110              5
              5            111              2
              6            000              3
              6            001              7
              6            010              6
              6            011              0
              6            100              0
              6            101              5
              6            110              2
              6            111              0
              7            000              4
              7            001              0
              7            010              1
              7            011              1
              7            100              5
              7            101              5
              7            110              5
              7            111              6
              8            000              5
              8            001              7
              8            010              5
              8            011              4
              8            100              7
              8            101              5
              8            110              4
              8            111              5
