Eaten part = 0.306033
Start state = 4
Significant inputs: 2 5 6
Moves: 0 1 2 0 1 0 0 0 1
          state         inputs     next state
              0            000              5
              0            001              6
              0            010              3
              0            011              6
              0            100              2
              0            101              0
              0            110              7
              0            111              2
              1            000              2
              1            001              5
              1            010              8
              1            011              5
              1            100              2
              1            101              3
              1            110              0
              1            111              6
              2            000              3
              2            001              4
              2            010              5
              2            011              5
              2            100              8
              2            101              6
              2            110              3
              2            111              3
              3            000              5
              3            001              8
              3            010              6
              3            011              1
              3            100              2
              3            101              3
              3            110              2
              3            111              8
              4            000              6
              4            001              6
              4            010              0
              4            011              7
              4            100              0
              4            101              8
              4            110              8
              4            111              6
              5            000              5
              5            001              8
              5            010              0
              5            011              1
              5            100              2
              5            101              2
              5            110              3
              5            111              2
              6            000              7
              6            001              5
              6            010              1
              6            011              1
              6            100              6
              6            101              7
              6            110              8
              6            111              7
              7            000              0
              7            001              1
              7            010              7
              7            011              5
              7            100              0
              7            101              4
              7            110              0
              7            111              6
              8            000              5
              8            001              0
              8            010              5
              8            011              6
              8            100              0
              8            101              3
              8            110              2
              8            111              8
