Eaten part = 0.248313
Start state = 2
Significant inputs: 0 2 4
Moves: 1 0 0 0 0 1 0 0 0
          state         inputs     next state
              0            000              6
              0            001              7
              0            010              5
              0            011              2
              0            100              8
              0            101              8
              0            110              5
              0            111              7
              1            000              3
              1            001              3
              1            010              0
              1            011              0
              1            100              1
              1            101              4
              1            110              3
              1            111              2
              2            000              1
              2            001              4
              2            010              0
              2            011              8
              2            100              8
              2            101              6
              2            110              1
              2            111              1
              3            000              8
              3            001              8
              3            010              5
              3            011              5
              3            100              3
              3            101              3
              3            110              2
              3            111              7
              4            000              3
              4            001              1
              4            010              5
              4            011              4
              4            100              3
              4            101              3
              4            110              0
              4            111              5
              5            000              3
              5            001              2
              5            010              4
              5            011              3
              5            100              1
              5            101              8
              5            110              8
              5            111              3
              6            000              7
              6            001              2
              6            010              7
              6            011              0
              6            100              8
              6            101              3
              6            110              3
              6            111              5
              7            000              7
              7            001              2
              7            010              6
              7            011              1
              7            100              7
              7            101              6
              7            110              3
              7            111              2
              8            000              8
              8            001              3
              8            010              5
              8            011              0
              8            100              1
              8            101              4
              8            110              1
              8            111              3
