Eaten part = 0.252167
Start state = 1
Significant inputs: 0 2 5
Moves: 1 1 0 0 0 1 2 0 1
          state         inputs     next state
              0            000              2
              0            001              3
              0            010              4
              0            011              1
              0            100              7
              0            101              0
              0            110              8
              0            111              2
              1            000              3
              1            001              3
              1            010              4
              1            011              2
              1            100              3
              1            101              2
              1            110              4
              1            111              7
              2            000              2
              2            001              2
              2            010              1
              2            011              6
              2            100              5
              2            101              3
              2            110              8
              2            111              1
              3            000              2
              3            001              2
              3            010              0
              3            011              8
              3            100              3
              3            101              1
              3            110              0
              3            111              1
              4            000              6
              4            001              4
              4            010              4
              4            011              0
              4            100              3
              4            101              7
              4            110              5
              4            111              7
              5            000              1
              5            001              3
              5            010              0
              5            011              8
              5            100              0
              5            101              3
              5            110              2
              5            111              8
              6            000              5
              6            001              2
              6            010              6
              6            011              1
              6            100              2
              6            101              4
              6            110              4
              6            111              3
              7            000              5
              7            001              0
              7            010              8
              7            011              0
              7            100              3
              7            101              7
              7            110              4
              7            111              7
              8            000              3
              8            001              3
              8            010              4
              8            011              4
              8            100              6
              8            101              5
              8            110              7
              8            111              1
