Eaten part = 0.194824
Start state = 4
Significant inputs: 3 4 5
Moves: 0 2 0 0 0 0 0 0 1
          state         inputs     next state
              0            000              6
              0            001              6
              0            010              5
              0            011              7
              0            100              0
              0            101              3
              0            110              6
              0            111              5
              1            000              4
              1            001              0
              1            010              6
              1            011              1
              1            100              4
              1            101              1
              1            110              4
              1            111              4
              2            000              8
              2            001              3
              2            010              2
              2            011              3
              2            100              2
              2            101              6
              2            110              7
              2            111              0
              3            000              5
              3            001              3
              3            010              3
              3            011              3
              3            100              0
              3            101              2
              3            110              0
              3            111              7
              4            000              2
              4            001              5
              4            010              3
              4            011              0
              4            100              6
              4            101              1
              4            110              3
              4            111              6
              5            000              4
              5            001              4
              5            010              3
              5            011              3
              5            100              5
              5            101              6
              5            110              3
              5            111              6
              6            000              5
              6            001              5
              6            010              3
              6            011              2
              6            100              6
              6            101              1
              6            110              4
              6            111              6
              7            000              3
              7            001              2
              7            010              0
              7            011              7
              7            100              3
              7            101              5
              7            110              6
              7            111              7
              8            000              0
              8            001              1
              8            010              1
              8            011              3
              8            100              6
              8            101              7
              8            110              0
              8            111              3
