Eaten part = 0.240911
Start state = 2
Significant inputs: 1 2 3
Moves: 0 0 0 1 0 0 2 2 1
          state         inputs     next state
              0            000              1
              0            001              2
              0            010              3
              0            011              6
              0            100              6
              0            101              0
              0            110              5
              0            111              3
              1            000              1
              1            001              0
              1            010              3
              1            011              3
              1            100              2
              1            101              0
              1            110              0
              1            111              4
              2            000              1
              2            001              6
              2            010              3
              2            011              1
              2            100              6
              2            101              2
              2            110              7
              2            111              4
              3            000              2
              3            001              1
              3            010              1
              3            011              0
              3            100              4
              3            101              5
              3            110              2
              3            111              2
              4            000              2
              4            001              4
              4            010              7
              4            011              4
              4            100              7
              4            101              8
              4            110              3
              4            111              4
              5            000              2
              5            001              2
              5            010              4
              5            011              8
              5            100              0
              5            101              2
              5            110              6
              5            111              2
              6            000              1
              6            001              0
              6            010              2
              6            011              3
              6            100              2
              6            101              5
              6            110              5
              6            111              7
              7            000              4
              7            001              1
              7            010              6
              7            011              6
              7            100              7
              7            101              6
              7            110              2
              7            111              1
              8            000              3
              8            001              5
              8            010              1
              8            011              4
              8            100              3
              8            101              7
              8            110              8
              8            111              6
