Eaten part = 0.231659
Start state = 7
Significant inputs: 1 4 6
Moves: 0 2 1 2 0 0 2 0 0
          state         inputs     next state
              0            000              0
              0            001              3
              0            010              4
              0            011              8
              0            100              3
              0            101              3
              0            110              8
              0            111              8
              1            000              7
              1            001              7
              1            010              4
              1            011              0
              1            100              4
              1            101              0
              1            110              5
              1            111              4
              2            000              0
              2            001              0
              2            010              8
              2            011              0
              2            100              8
              2            101              0
              2            110              8
              2            111              1
              3            000              0
              3            001              5
              3            010              5
              3            011              2
              3            100              5
              3            101              4
              3            110              5
              3            111              4
              4            000              5
              4            001              2
              4            010              4
              4            011              2
              4            100              6
              4            101              2
              4            110              0
              4            111              0
              5            000              2
              5            001              5
              5            010              5
              5            011              8
              5            100              6
              5            101              4
              5            110              5
              5            111              8
              6            000              8
              6            001              0
              6            010              1
              6            011              0
              6            100              0
              6            101              6
              6            110              5
              6            111              2
              7            000              0
              7            001              3
              7            010              2
              7            011              3
              7            100              3
              7            101              6
              7            110              2
              7            111              1
              8            000              2
              8            001              2
              8            010              8
              8            011              3
              8            100              1
              8            101              4
              8            110              3
              8            111              2
