Eaten part = 0.256002
Start state = 0
Significant inputs: 1 2 4
Moves: 0 0 1 0 0 2 0 0 0
          state         inputs     next state
              0            000              0
              0            001              0
              0            010              2
              0            011              4
              0            100              7
              0            101              8
              0            110              0
              0            111              3
              1            000              5
              1            001              2
              1            010              0
              1            011              4
              1            100              6
              1            101              7
              1            110              5
              1            111              7
              2            000              0
              2            001              0
              2            010              7
              2            011              1
              2            100              6
              2            101              5
              2            110              1
              2            111              8
              3            000              8
              3            001              3
              3            010              2
              3            011              6
              3            100              3
              3            101              7
              3            110              4
              3            111              4
              4            000              7
              4            001              5
              4            010              3
              4            011              6
              4            100              2
              4            101              3
              4            110              4
              4            111              3
              5            000              8
              5            001              6
              5            010              0
              5            011              7
              5            100              4
              5            101              4
              5            110              3
              5            111              4
              6            000              0
              6            001              2
              6            010              5
              6            011              7
              6            100              6
              6            101              7
              6            110              8
              6            111              6
              7            000              6
              7            001              0
              7            010              2
              7            011              8
              7            100              1
              7            101              6
              7            110              4
              7            111              6
              8            000              0
              8            001              3
              8            010              2
              8            011              3
              8            100              3
              8            101              0
              8            110              6
              8            111              3
