Eaten part = 0.302951
Start state = 4
Significant inputs: 0 2 6
Moves: 0 0 0 2 1 2 0 0 0
          state         inputs     next state
              0            000              0
              0            001              6
              0            010              4
              0            011              4
              0            100              5
              0            101              7
              0            110              5
              0            111              2
              1            000              0
              1            001              0
              1            010              6
              1            011              4
              1            100              3
              1            101              0
              1            110              4
              1            111              4
              2            000              0
              2            001              6
              2            010              4
              2            011              5
              2            100              1
              2            101              3
              2            110              6
              2            111              4
              3            000              1
              3            001              2
              3            010              1
              3            011              0
              3            100              0
              3            101              6
              3            110              6
              3            111              4
              4            000              8
              4            001              6
              4            010              7
              4            011              2
              4            100              1
              4            101              7
              4            110              7
              4            111              1
              5            000              0
              5            001              2
              5            010              7
              5            011              6
              5            100              7
              5            101              0
              5            110              1
              5            111              4
              6            000              6
              6            001              0
              6            010              4
              6            011              7
              6            100              3
              6            101              1
              6            110              4
              6            111              3
              7            000              1
              7            001              6
              7            010              4
              7            011              6
              7            100              5
              7            101              2
              7            110              7
              7            111              3
              8            000              7
              8            001              5
              8            010              1
              8            011              5
              8            100              3
              8            101              7
              8            110              1
              8            111              8
