Eaten part = 0.268199
Start state = 8
Significant inputs: 2 4 7
Moves: 1 0 0 1 0 0 0 2 0
          state         inputs     next state
              0            000              8
              0            001              6
              0            010              8
              0            011              1
              0            100              5
              0            101              6
              0            110              6
              0            111              1
              1            000              7
              1            001              3
              1            010              8
              1            011              2
              1            100              7
              1            101              0
              1            110              2
              1            111              8
              2            000              8
              2            001              3
              2            010              1
              2            011              4
              2            100              5
              2            101              5
              2            110              6
              2            111              5
              3            000              1
              3            001              4
              3            010              8
              3            011              8
              3            100              5
              3            101              1
              3            110              6
              3            111              8
              4            000              8
              4            001              4
              4            010              5
              4            011              1
              4            100              5
              4            101              0
              4            110              8
              4            111              1
              5            000              5
              5            001              3
              5            010              2
              5            011              6
              5            100              8
              5            101              2
              5            110              1
              5            111              3
              6            000              7
              6            001              3
              6            010              5
              6            011              3
              6            100              4
              6            101              0
              6            110              7
              6            111              5
              7            000              5
              7            001              5
              7            010              0
              7            011              0
              7            100              1
              7            101              4
              7            110              5
              7            111              2
              8            000              8
              8            001              0
              8            010              8
              8            011              4
              8            100              1
              8            101              0
              8            110              4
              8            111              5
