Eaten part = 0.223355
Start state = 2
Significant inputs: 4 6 7
Moves: 0 2 0 0 0 0 0 0 0
          state         inputs     next state
              0            000              5
              0            001              7
              0            010              6
              0            011              1
              0            100              1
              0            101              5
              0            110              8
              0            111              2
              1            000              0
              1            001              8
              1            010              0
              1            011              7
              1            100              0
              1            101              3
              1            110              6
              1            111              5
              2            000              8
              2            001              5
              2            010              8
              2            011              1
              2            100              2
              2            101              6
              2            110              2
              2            111              0
              3            000              8
              3            001              6
              3            010              3
              3            011              7
              3            100              0
              3            101              4
              3            110              0
              3            111              8
              4            000              6
              4            001              6
              4            010              3
              4            011              5
              4            100              6
              4            101              6
              4            110              4
              4            111              0
              5            000              6
              5            001              2
              5            010              5
              5            011              3
              5            100              5
              5            101              3
              5            110              2
              5            111              1
              6            000              8
              6            001              2
              6            010              1
              6            011              6
              6            100              1
              6            101              5
              6            110              1
              6            111              0
              7            000              4
              7            001              3
              7            010              6
              7            011              2
              7            100              1
              7            101              3
              7            110              0
              7            111              4
              8            000              8
              8            001              5
              8            010              1
              8            011              5
              8            100              4
              8            101              7
              8            110              6
              8            111              0
