Eaten part = 0.288630
Start state = 6
Significant inputs: 2 6 7
Moves: 0 2 0 0 1 0 0 0 2
          state         inputs     next state
              0            000              0
              0            001              4
              0            010              8
              0            011              1
              0            100              7
              0            101              8
              0            110              1
              0            111              1
              1            000              2
              1            001              6
              1            010              3
              1            011              7
              1            100              0
              1            101              3
              1            110              2
              1            111              1
              2            000              7
              2            001              5
              2            010              2
              2            011              4
              2            100              7
              2            101              5
              2            110              7
              2            111              3
              3            000              7
              3            001              7
              3            010              7
              3            011              4
              3            100              7
              3            101              3
              3            110              8
              3            111              0
              4            000              3
              4            001              0
              4            010              2
              4            011              3
              4            100              2
              4            101              2
              4            110              3
              4            111              4
              5            000              3
              5            001              3
              5            010              7
              5            011              3
              5            100              0
              5            101              3
              5            110              7
              5            111              0
              6            000              2
              6            001              2
              6            010              4
              6            011              2
              6            100              4
              6            101              6
              6            110              1
              6            111              5
              7            000              7
              7            001              4
              7            010              1
              7            011              4
              7            100              3
              7            101              4
              7            110              8
              7            111              5
              8            000              3
              8            001              5
              8            010              7
              8            011              0
              8            100              6
              8            101              7
              8            110              3
              8            111              6
