Eaten part = 0.230023
Start state = 2
Significant inputs: 0 2 3
Moves: 0 0 0 1 0 1 2 0 0
          state         inputs     next state
              0            000              8
              0            001              0
              0            010              3
              0            011              4
              0            100              4
              0            101              3
              0            110              4
              0            111              0
              1            000              0
              1            001              1
              1            010              5
              1            011              8
              1            100              4
              1            101              7
              1            110              3
              1            111              4
              2            000              1
              2            001              2
              2            010              5
              2            011              5
              2            100              1
              2            101              2
              2            110              1
              2            111              4
              3            000              1
              3            001              7
              3            010              4
              3            011              0
              3            100              1
              3            101              6
              3            110              4
              3            111              0
              4            000              2
              4            001              6
              4            010              5
              4            011              2
              4            100              1
              4            101              0
              4            110              6
              4            111              4
              5            000              2
              5            001              0
              5            010              4
              5            011              2
              5            100              6
              5            101              5
              5            110              8
              5            111              7
              6            000              4
              6            001              8
              6            010              1
              6            011              2
              6            100              8
              6            101              0
              6            110              4
              6            111              5
              7            000              1
              7            001              2
              7            010              4
              7            011              5
              7            100              4
              7            101              1
              7            110              6
              7            111              2
              8            000              4
              8            001              4
              8            010              8
              8            011              4
              8            100              2
              8            101              4
              8            110              1
              8            111              2
