Eaten part = 0.305101
Start state = 6
Significant inputs: 1 2 6
Moves: 0 2 0 1 2 1 2 0 0
          state         inputs     next state
              0            000              8
              0            001              7
              0            010              3
              0            011              3
              0            100              6
              0            101              2
              0            110              0
              0            111              8
              1            000              5
              1            001              0
              1            010              3
              1            011              3
              1            100              2
              1            101              5
              1            110              2
              1            111              8
              2            000              8
              2            001              8
              2            010              8
              2            011              5
              2            100              7
              2            101              4
              2            110              1
              2            111              5
              3            000              2
              3            001              8
              3            010              8
              3            011              0
              3            100              6
              3            101              2
              3            110              2
              3            111              0
              4            000              8
              4            001              2
              4            010              2
              4            011              7
              4            100              2
              4            101              3
              4            110              0
              4            111              0
              5            000              0
              5            001              0
              5            010              7
              5            011              1
              5            100              2
              5            101              0
              5            110              3
              5            111              2
              6            000              2
              6            001              2
              6            010              8
              6            011              8
              6            100              8
              6            101              0
              6            110              0
              6            111              8
              7            000              8
              7            001              7
              7            010              0
              7            011              4
              7            100              4
              7            101              6
              7            110              3
              7            111              4
              8            000              8
              8            001              7
              8            010              3
              8            011              5
              8            100              6
              8            101              1
              8            110              3
              8            111              2
