Eaten part = 0.295723
Start state = 5
Significant inputs: 1 2 6
Moves: 2 2 2 0 2 0 0 0 1
          state         inputs     next state
              0            000              5
              0            001              5
              0            010              3
              0            011              5
              0            100              3
              0            101              1
              0            110              3
              0            111              0
              1            000              0
              1            001              1
              1            010              5
              1            011              8
              1            100              0
              1            101              1
              1            110              0
              1            111              6
              2            000              6
              2            001              4
              2            010              1
              2            011              7
              2            100              2
              2            101              8
              2            110              4
              2            111              1
              3            000              3
              3            001              3
              3            010              8
              3            011              7
              3            100              0
              3            101              5
              3            110              3
              3            111              5
              4            000              8
              4            001              6
              4            010              0
              4            011              6
              4            100              2
              4            101              5
              4            110              1
              4            111              7
              5            000              5
              5            001              6
              5            010              8
              5            011              1
              5            100              0
              5            101              2
              5            110              8
              5            111              1
              6            000              5
              6            001              5
              6            010              5
              6            011              7
              6            100              3
              6            101              6
              6            110              8
              6            111              3
              7            000              3
              7            001              6
              7            010              4
              7            011              3
              7            100              3
              7            101              0
              7            110              5
              7            111              3
              8            000              7
              8            001              7
              8            010              5
              8            011              3
              8            100              6
              8            101              3
              8            110              5
              8            111              3
