Eaten part = 0.212126
Start state = 3
Significant inputs: 3 4 7
Moves: 0 0 0 0 2 0 0 1 0
          state         inputs     next state
              0            000              2
              0            001              7
              0            010              1
              0            011              2
              0            100              8
              0            101              1
              0            110              2
              0            111              6
              1            000              6
              1            001              7
              1            010              2
              1            011              5
              1            100              1
              1            101              1
              1            110              1
              1            111              1
              2            000              4
              2            001              2
              2            010              2
              2            011              6
              2            100              8
              2            101              5
              2            110              5
              2            111              6
              3            000              7
              3            001              8
              3            010              0
              3            011              8
              3            100              2
              3            101              2
              3            110              1
              3            111              2
              4            000              5
              4            001              5
              4            010              7
              4            011              2
              4            100              2
              4            101              0
              4            110              5
              4            111              4
              5            000              7
              5            001              3
              5            010              6
              5            011              6
              5            100              4
              5            101              8
              5            110              0
              5            111              7
              6            000              1
              6            001              7
              6            010              4
              6            011              6
              6            100              8
              6            101              4
              6            110              2
              6            111              2
              7            000              2
              7            001              8
              7            010              4
              7            011              8
              7            100              8
              7            101              2
              7            110              3
              7            111              4
              8            000              3
              8            001              1
              8            010              0
              8            011              6
              8            100              2
              8            101              4
              8            110              2
              8            111              1
