Eaten part = 0.255285
Start state = 0
Significant inputs: 1 4 6
Moves: 0 0 0 0 2 0 0 1 0
          state         inputs     next state
              0            000              2
              0            001              5
              0            010              1
              0            011              6
              0            100              4
              0            101              0
              0            110              8
              0            111              1
              1            000              7
              1            001              1
              1            010              3
              1            011              1
              1            100              6
              1            101              7
              1            110              2
              1            111              4
              2            000              0
              2            001              6
              2            010              6
              2            011              1
              2            100              4
              2            101              2
              2            110              2
              2            111              5
              3            000              7
              3            001              6
              3            010              2
              3            011              3
              3            100              7
              3            101              4
              3            110              7
              3            111              0
              4            000              0
              4            001              1
              4            010              1
              4            011              1
              4            100              3
              4            101              2
              4            110              1
              4            111              1
              5            000              6
              5            001              4
              5            010              6
              5            011              8
              5            100              2
              5            101              6
              5            110              3
              5            111              3
              6            000              2
              6            001              1
              6            010              0
              6            011              5
              6            100              4
              6            101              8
              6            110              5
              6            111              7
              7            000              5
              7            001              6
              7            010              5
              7            011              3
              7            100              0
              7            101              3
              7            110              4
              7            111              0
              8            000              7
              8            001              2
              8            010              5
              8            011              0
              8            100              2
              8            101              1
              8            110              3
              8            111              0
