Eaten part = 0.265744
Start state = 5
Significant inputs: 4 5 6
Moves: 0 2 0 0 0 0 1 0 0
          state         inputs     next state
              0            000              4
              0            001              5
              0            010              6
              0            011              0
              0            100              1
              0            101              3
              0            110              8
              0            111              1
              1            000              3
              1            001              7
              1            010              0
              1            011              8
              1            100              5
              1            101              4
              1            110              2
              1            111              8
              2            000              6
              2            001              7
              2            010              1
              2            011              0
              2            100              8
              2            101              0
              2            110              2
              2            111              1
              3            000              6
              3            001              0
              3            010              5
              3            011              4
              3            100              1
              3            101              4
              3            110              5
              3            111              6
              4            000              0
              4            001              3
              4            010              6
              4            011              2
              4            100              1
              4            101              1
              4            110              0
              4            111              4
              5            000              4
              5            001              4
              5            010              1
              5            011              4
              5            100              1
              5            101              7
              5            110              3
              5            111              4
              6            000              4
              6            001              0
              6            010              4
              6            011              7
              6            100              0
              6            101              0
              6            110              1
              6            111              6
              7            000              8
              7            001              3
              7            010              3
              7            011              0
              7            100              0
              7            101              4
              7            110              8
              7            111              5
              8            000              4
              8            001              5
              8            010              7
              8            011              6
              8            100              0
              8            101              4
              8            110              2
              8            111              5
