Eaten part = 0.299884
Start state = 0
Significant inputs: 1 2 6
Moves: 0 0 0 2 0 0 0 0 1
          state         inputs     next state
              0            000              5
              0            001              4
              0            010              8
              0            011              6
              0            100              7
              0            101              0
              0            110              2
              0            111              8
              1            000              1
              1            001              5
              1            010              8
              1            011              1
              1            100              3
              1            101              2
              1            110              2
              1            111              1
              2            000              5
              2            001              1
              2            010              0
              2            011              8
              2            100              8
              2            101              1
              2            110              6
              2            111              3
              3            000              1
              3            001              5
              3            010              7
              3            011              0
              3            100              0
              3            101              3
              3            110              1
              3            111              5
              4            000              5
              4            001              8
              4            010              0
              4            011              4
              4            100              1
              4            101              5
              4            110              3
              4            111              5
              5            000              1
              5            001              3
              5            010              8
              5            011              0
              5            100              1
              5            101              0
              5            110              2
              5            111              6
              6            000              6
              6            001              0
              6            010              4
              6            011              8
              6            100              7
              6            101              0
              6            110              2
              6            111              6
              7            000              1
              7            001              8
              7            010              2
              7            011              5
              7            100              3
              7            101              6
              7            110              3
              7            111              3
              8            000              7
              8            001              1
              8            010              0
              8            011              7
              8            100              1
              8            101              4
              8            110              7
              8            111              6
