Eaten part = 0.305536
Start state = 3
Significant inputs: 2 5 6
Moves: 1 0 1 0 0 1 0 2 0
          state         inputs     next state
              0            000              3
              0            001              3
              0            010              0
              0            011              4
              0            100              1
              0            101              3
              0            110              5
              0            111              1
              1            000              8
              1            001              5
              1            010              7
              1            011              1
              1            100              3
              1            101              7
              1            110              1
              1            111              7
              2            000              3
              2            001              0
              2            010              3
              2            011              6
              2            100              6
              2            101              0
              2            110              4
              2            111              3
              3            000              3
              3            001              0
              3            010              8
              3            011              8
              3            100              7
              3            101              5
              3            110              7
              3            111              1
              4            000              8
              4            001              0
              4            010              3
              4            011              6
              4            100              5
              4            101              5
              4            110              3
              4            111              8
              5            000              6
              5            001              1
              5            010              8
              5            011              8
              5            100              7
              5            101              5
              5            110              3
              5            111              6
              6            000              0
              6            001              8
              6            010              1
              6            011              8
              6            100              8
              6            101              2
              6            110              0
              6            111              3
              7            000              3
              7            001              3
              7            010              3
              7            011              8
              7            100              3
              7            101              0
              7            110              8
              7            111              1
              8            000              3
              8            001              0
              8            010              3
              8            011              4
              8            100              3
              8            101              8
              8            110              4
              8            111              1
