Eaten part = 0.231785
Start state = 2
Significant inputs: 2 3 7
Moves: 1 2 0 0 0 0 0 0 2
          state         inputs     next state
              0            000              5
              0            001              2
              0            010              2
              0            011              2
              0            100              3
              0            101              2
              0            110              2
              0            111              7
              1            000              6
              1            001              5
              1            010              8
              1            011              8
              1            100              4
              1            101              7
              1            110              2
              1            111              5
              2            000              6
              2            001              4
              2            010              8
              2            011              0
              2            100              3
              2            101              3
              2            110              8
              2            111              0
              3            000              5
              3            001              0
              3            010              3
              3            011              6
              3            100              3
              3            101              2
              3            110              6
              3            111              6
              4            000              2
              4            001              5
              4            010              5
              4            011              6
              4            100              5
              4            101              2
              4            110              0
              4            111              7
              5            000              3
              5            001              0
              5            010              5
              5            011              3
              5            100              4
              5            101              3
              5            110              6
              5            111              1
              6            000              2
              6            001              0
              6            010              2
              6            011              8
              6            100              7
              6            101              8
              6            110              3
              6            111              3
              7            000              6
              7            001              5
              7            010              3
              7            011              3
              7            100              5
              7            101              2
              7            110              0
              7            111              2
              8            000              5
              8            001              0
              8            010              6
              8            011              6
              8            100              6
              8            101              7
              8            110              6
              8            111              8
