Eaten part = 0.286471
Start state = 2
Significant inputs: 2 5 6
Moves: 1 0 0 0 1 0 2 0 0
          state         inputs     next state
              0            000              2
              0            001              7
              0            010              0
              0            011              4
              0            100              2
              0            101              7
              0            110              6
              0            111              6
              1            000              2
              1            001              1
              1            010              1
              1            011              4
              1            100              1
              1            101              6
              1            110              1
              1            111              3
              2            000              2
              2            001              0
              2            010              5
              2            011              1
              2            100              6
              2            101              3
              2            110              2
              2            111              4
              3            000              2
              3            001              8
              3            010              7
              3            011              5
              3            100              1
              3            101              8
              3            110              6
              3            111              6
              4            000              2
              4            001              7
              4            010              4
              4            011              8
              4            100              6
              4            101              0
              4            110              7
              4            111              0
              5            000              3
              5            001              2
              5            010              0
              5            011              1
              5            100              6
              5            101              2
              5            110              8
              5            111              2
              6            000              0
              6            001              8
              6            010              1
              6            011              3
              6            100              8
              6            101              3
              6            110              5
              6            111              5
              7            000              5
              7            001              0
              7            010              6
              7            011              7
              7            100              6
              7            101              2
              7            110              6
              7            111              0
              8            000              1
              8            001              1
              8            010              7
              8            011              6
              8            100              3
              8            101              1
              8            110              7
              8            111              7
