Eaten part = 0.310871
Start state = 2
Significant inputs: 1 2 6
Moves: 0 2 0 0 1 0 0 2 0
          state         inputs     next state
              0            000              0
              0            001              0
              0            010              4
              0            011              4
              0            100              7
              0            101              5
              0            110              1
              0            111              4
              1            000              2
              1            001              3
              1            010              0
              1            011              0
              1            100              1
              1            101              2
              1            110              6
              1            111              4
              2            000              0
              2            001              4
              2            010              4
              2            011              1
              2            100              7
              2            101              3
              2            110              6
              2            111              2
              3            000              0
              3            001              5
              3            010              5
              3            011              4
              3            100              1
              3            101              6
              3            110              2
              3            111              1
              4            000              3
              4            001              3
              4            010              7
              4            011              2
              4            100              2
              4            101              5
              4            110              7
              4            111              0
              5            000              0
              5            001              2
              5            010              4
              5            011              1
              5            100              8
              5            101              7
              5            110              8
              5            111              8
              6            000              0
              6            001              5
              6            010              4
              6            011              0
              6            100              5
              6            101              4
              6            110              3
              6            111              4
              7            000              6
              7            001              3
              7            010              5
              7            011              8
              7            100              6
              7            101              1
              7            110              6
              7            111              0
              8            000              5
              8            001              5
              8            010              0
              8            011              4
              8            100              4
              8            101              1
              8            110              7
              8            111              6
