Eaten part = 0.240153
Start state = 6
Significant inputs: 1 2 7
Moves: 0 0 1 1 0 0 0 2 0
          state         inputs     next state
              0            000              0
              0            001              4
              0            010              0
              0            011              0
              0            100              4
              0            101              4
              0            110              6
              0            111              3
              1            000              4
              1            001              8
              1            010              7
              1            011              4
              1            100              2
              1            101              0
              1            110              8
              1            111              7
              2            000              1
              2            001              7
              2            010              8
              2            011              1
              2            100              4
              2            101              0
              2            110              5
              2            111              6
              3            000              6
              3            001              0
              3            010              8
              3            011              8
              3            100              8
              3            101              0
              3            110              4
              3            111              6
              4            000              4
              4            001              1
              4            010              3
              4            011              5
              4            100              8
              4            101              4
              4            110              3
              4            111              1
              5            000              4
              5            001              0
              5            010              6
              5            011              5
              5            100              5
              5            101              2
              5            110              6
              5            111              5
              6            000              4
              6            001              0
              6            010              1
              6            011              7
              6            100              5
              6            101              8
              6            110              6
              6            111              3
              7            000              2
              7            001              4
              7            010              1
              7            011              5
              7            100              1
              7            101              0
              7            110              5
              7            111              1
              8            000              4
              8            001              2
              8            010              4
              8            011              5
              8            100              4
              8            101              8
              8            110              3
              8            111              6
