Eaten part = 0.248352
Start state = 5
Significant inputs: 4 5 6
Moves: 0 0 0 2 0 0 1 0 0
          state         inputs     next state
              0            000              0
              0            001              0
              0            010              6
              0            011              1
              0            100              3
              0            101              1
              0            110              7
              0            111              4
              1            000              5
              1            001              4
              1            010              8
              1            011              0
              1            100              8
              1            101              2
              1            110              3
              1            111              2
              2            000              4
              2            001              5
              2            010              1
              2            011              3
              2            100              3
              2            101              4
              2            110              8
              2            111              5
              3            000              8
              3            001              3
              3            010              1
              3            011              8
              3            100              8
              3            101              3
              3            110              7
              3            111              7
              4            000              1
              4            001              1
              4            010              4
              4            011              6
              4            100              4
              4            101              5
              4            110              2
              4            111              3
              5            000              0
              5            001              5
              5            010              1
              5            011              2
              5            100              7
              5            101              2
              5            110              8
              5            111              3
              6            000              5
              6            001              8
              6            010              8
              6            011              6
              6            100              5
              6            101              6
              6            110              6
              6            111              3
              7            000              1
              7            001              1
              7            010              1
              7            011              1
              7            100              5
              7            101              4
              7            110              1
              7            111              3
              8            000              5
              8            001              0
              8            010              6
              8            011              5
              8            100              3
              8            101              3
              8            110              4
              8            111              3
