Eaten part = 0.194841
Start state = 6
Significant inputs: 4 5 7
Moves: 0 1 2 0 0 0 0 2 0
          state         inputs     next state
              0            000              8
              0            001              0
              0            010              5
              0            011              3
              0            100              0
              0            101              3
              0            110              1
              0            111              3
              1            000              4
              1            001              7
              1            010              4
              1            011              7
              1            100              7
              1            101              8
              1            110              8
              1            111              7
              2            000              6
              2            001              6
              2            010              8
              2            011              0
              2            100              3
              2            101              7
              2            110              5
              2            111              7
              3            000              3
              3            001              0
              3            010              2
              3            011              0
              3            100              2
              3            101              8
              3            110              3
              3            111              8
              4            000              8
              4            001              4
              4            010              4
              4            011              4
              4            100              1
              4            101              8
              4            110              3
              4            111              8
              5            000              1
              5            001              3
              5            010              8
              5            011              8
              5            100              3
              5            101              7
              5            110              8
              5            111              0
              6            000              1
              6            001              0
              6            010              5
              6            011              0
              6            100              4
              6            101              4
              6            110              5
              6            111              2
              7            000              7
              7            001              5
              7            010              8
              7            011              2
              7            100              0
              7            101              8
              7            110              6
              7            111              2
              8            000              8
              8            001              8
              8            010              5
              8            011              4
              8            100              6
              8            101              8
              8            110              2
              8            111              1
