Eaten part = 0.194026
Start state = 5
Significant inputs: 0 3 4
Moves: 0 2 0 1 0 0 2 0 0
          state         inputs     next state
              0            000              8
              0            001              7
              0            010              1
              0            011              0
              0            100              7
              0            101              7
              0            110              4
              0            111              2
              1            000              5
              1            001              8
              1            010              4
              1            011              3
              1            100              4
              1            101              2
              1            110              4
              1            111              1
              2            000              5
              2            001              2
              2            010              2
              2            011              7
              2            100              4
              2            101              4
              2            110              8
              2            111              3
              3            000              5
              3            001              5
              3            010              8
              3            011              3
              3            100              2
              3            101              4
              3            110              0
              3            111              3
              4            000              5
              4            001              2
              4            010              8
              4            011              6
              4            100              8
              4            101              2
              4            110              5
              4            111              5
              5            000              4
              5            001              1
              5            010              1
              5            011              5
              5            100              7
              5            101              4
              5            110              2
              5            111              0
              6            000              3
              6            001              3
              6            010              8
              6            011              6
              6            100              2
              6            101              8
              6            110              7
              6            111              1
              7            000              1
              7            001              5
              7            010              4
              7            011              5
              7            100              2
              7            101              7
              7            110              7
              7            111              8
              8            000              3
              8            001              4
              8            010              8
              8            011              0
              8            100              4
              8            101              0
              8            110              0
              8            111              2
