Eaten part = 0.266609
Start state = 6
Significant inputs: 2 3 4
Moves: 1 0 0 0 0 2 0 0 0
          state         inputs     next state
              0            000              3
              0            001              6
              0            010              0
              0            011              0
              0            100              3
              0            101              8
              0            110              1
              0            111              5
              1            000              4
              1            001              0
              1            010              7
              1            011              0
              1            100              0
              1            101              8
              1            110              5
              1            111              0
              2            000              4
              2            001              0
              2            010              7
              2            011              2
              2            100              8
              2            101              1
              2            110              7
              2            111              4
              3            000              2
              3            001              8
              3            010              7
              3            011              0
              3            100              4
              3            101              0
              3            110              7
              3            111              4
              4            000              7
              4            001              0
              4            010              3
              4            011              8
              4            100              7
              4            101              1
              4            110              2
              4            111              4
              5            000              7
              5            001              7
              5            010              8
              5            011              1
              5            100              7
              5            101              3
              5            110              4
              5            111              8
              6            000              7
              6            001              0
              6            010              5
              6            011              0
              6            100              8
              6            101              3
              6            110              7
              6            111              1
              7            000              7
              7            001              0
              7            010              2
              7            011              0
              7            100              8
              7            101              7
              7            110              6
              7            111              3
              8            000              1
              8            001              5
              8            010              5
              8            011              0
              8            100              6
              8            101              8
              8            110              1
              8            111              4
