Eaten part = 0.312001
Start state = 5
Significant inputs: 2 4 6
Moves: 1 2 0 2 0 0 0 0 0
          state         inputs     next state
              0            000              7
              0            001              7
              0            010              4
              0            011              5
              0            100              6
              0            101              6
              0            110              7
              0            111              7
              1            000              7
              1            001              5
              1            010              7
              1            011              8
              1            100              8
              1            101              0
              1            110              8
              1            111              1
              2            000              7
              2            001              0
              2            010              8
              2            011              0
              2            100              1
              2            101              0
              2            110              8
              2            111              3
              3            000              6
              3            001              6
              3            010              5
              3            011              7
              3            100              6
              3            101              0
              3            110              2
              3            111              0
              4            000              2
              4            001              4
              4            010              6
              4            011              2
              4            100              7
              4            101              6
              4            110              7
              4            111              8
              5            000              6
              5            001              2
              5            010              8
              5            011              2
              5            100              6
              5            101              3
              5            110              4
              5            111              7
              6            000              7
              6            001              6
              6            010              8
              6            011              7
              6            100              1
              6            101              0
              6            110              2
              6            111              8
              7            000              7
              7            001              0
              7            010              7
              7            011              6
              7            100              1
              7            101              3
              7            110              6
              7            111              0
              8            000              2
              8            001              0
              8            010              7
              8            011              0
              8            100              1
              8            101              4
              8            110              1
              8            111              5
