Eaten part = 0.245003
Start state = 0
Significant inputs: 0 4 6
Moves: 2 2 0 0 0 0 0 0 0
          state         inputs     next state
              0            000              4
              0            001              7
              0            010              4
              0            011              5
              0            100              8
              0            101              5
              0            110              3
              0            111              8
              1            000              3
              1            001              2
              1            010              7
              1            011              8
              1            100              1
              1            101              7
              1            110              3
              1            111              0
              2            000              5
              2            001              0
              2            010              4
              2            011              6
              2            100              1
              2            101              6
              2            110              0
              2            111              4
              3            000              6
              3            001              3
              3            010              5
              3            011              7
              3            100              0
              3            101              1
              3            110              6
              3            111              3
              4            000              5
              4            001              6
              4            010              7
              4            011              3
              4            100              2
              4            101              0
              4            110              4
              4            111              7
              5            000              3
              5            001              8
              5            010              8
              5            011              6
              5            100              0
              5            101              1
              5            110              5
              5            111              5
              6            000              6
              6            001              5
              6            010              4
              6            011              2
              6            100              0
              6            101              6
              6            110              6
              6            111              3
              7            000              3
              7            001              5
              7            010              5
              7            011              8
              7            100              7
              7            101              6
              7            110              1
              7            111              3
              8            000              7
              8            001              5
              8            010              6
              8            011              4
              8            100              3
              8            101              3
              8            110              3
              8            111              3
