Eaten part = 0.250795
Start state = 4
Significant inputs: 4 5 6
Moves: 2 0 0 2 0 0 0 0 0
          state         inputs     next state
              0            000              5
              0            001              2
              0            010              8
              0            011              4
              0            100              2
              0            101              4
              0            110              7
              0            111              8
              1            000              2
              1            001              3
              1            010              7
              1            011              4
              1            100              1
              1            101              1
              1            110              7
              1            111              6
              2            000              7
              2            001              7
              2            010              1
              2            011              0
              2            100              7
              2            101              6
              2            110              7
              2            111              7
              3            000              2
              3            001              0
              3            010              2
              3            011              5
              3            100              3
              3            101              2
              3            110              6
              3            111              5
              4            000              2
              4            001              2
              4            010              7
              4            011              5
              4            100              3
              4            101              2
              4            110              0
              4            111              8
              5            000              3
              5            001              2
              5            010              7
              5            011              6
              5            100              5
              5            101              0
              5            110              0
              5            111              3
              6            000              7
              6            001              1
              6            010              7
              6            011              4
              6            100              1
              6            101              4
              6            110              4
              6            111              8
              7            000              7
              7            001              2
              7            010              2
              7            011              1
              7            100              0
              7            101              1
              7            110              7
              7            111              0
              8            000              6
              8            001              4
              8            010              5
              8            011              7
              8            100              3
              8            101              8
              8            110              0
              8            111              4
