Eaten part = 0.237098
Start state = 6
Significant inputs: 1 2 5
Moves: 1 0 2 0 0 0 0 1 2
          state         inputs     next state
              0            000              8
              0            001              6
              0            010              6
              0            011              5
              0            100              1
              0            101              4
              0            110              1
              0            111              5
              1            000              5
              1            001              0
              1            010              4
              1            011              0
              1            100              8
              1            101              5
              1            110              0
              1            111              3
              2            000              7
              2            001              8
              2            010              6
              2            011              7
              2            100              3
              2            101              6
              2            110              4
              2            111              1
              3            000              5
              3            001              7
              3            010              5
              3            011              0
              3            100              4
              3            101              4
              3            110              5
              3            111              5
              4            000              5
              4            001              1
              4            010              0
              4            011              1
              4            100              5
              4            101              3
              4            110              0
              4            111              6
              5            000              4
              5            001              8
              5            010              7
              5            011              0
              5            100              1
              5            101              4
              5            110              5
              5            111              6
              6            000              5
              6            001              4
              6            010              6
              6            011              6
              6            100              8
              6            101              1
              6            110              6
              6            111              2
              7            000              8
              7            001              6
              7            010              4
              7            011              6
              7            100              3
              7            101              1
              7            110              2
              7            111              6
              8            000              5
              8            001              4
              8            010              5
              8            011              4
              8            100              6
              8            101              3
              8            110              1
              8            111              7
