Eaten part = 0.298063
Start state = 2
Significant inputs: 1 2 6
Moves: 2 0 0 1 0 0 0 0 0
          state         inputs     next state
              0            000              7
              0            001              1
              0            010              8
              0            011              2
              0            100              6
              0            101              5
              0            110              4
              0            111              5
              1            000              6
              1            001              2
              1            010              3
              1            011              5
              1            100              1
              1            101              1
              1            110              0
              1            111              2
              2            000              8
              2            001              4
              2            010              8
              2            011              3
              2            100              2
              2            101              2
              2            110              7
              2            111              6
              3            000              3
              3            001              6
              3            010              2
              3            011              5
              3            100              5
              3            101              7
              3            110              1
              3            111              6
              4            000              7
              4            001              7
              4            010              7
              4            011              3
              4            100              4
              4            101              5
              4            110              5
              4            111              5
              5            000              7
              5            001              5
              5            010              7
              5            011              2
              5            100              0
              5            101              1
              5            110              7
              5            111              2
              6            000              6
              6            001              5
              6            010              3
              6            011              1
              6            100              0
              6            101              0
              6            110              6
              6            111              8
              7            000              8
              7            001              7
              7            010              2
              7            011              7
              7            100              5
              7            101              0
              7            110              0
              7            111              6
              8            000              8
              8            001              1
              8            010              3
              8            011              7
              8            100              0
              8            101              7
              8            110              3
              8            111              2
