Eaten part = 0.260598
Start state = 1
Significant inputs: 1 2 3
Moves: 0 0 0 1 1 1 0 1 2
          state         inputs     next state
              0            000              5
              0            001              2
              0            010              6
              0            011              4
              0            100              2
              0            101              8
              0            110              6
              0            111              5
              1            000              1
              1            001              1
              1            010              3
              1            011              1
              1            100              1
              1            101              5
              1            110              3
              1            111              3
              2            000              1
              2            001              6
              2            010              4
              2            011              8
              2            100              1
              2            101              8
              2            110              1
              2            111              8
              3            000              5
              3            001              2
              3            010              0
              3            011              6
              3            100              3
              3            101              0
              3            110              2
              3            111              0
              4            000              2
              4            001              4
              4            010              3
              4            011              8
              4            100              8
              4            101              8
              4            110              2
              4            111              6
              5            000              2
              5            001              1
              5            010              7
              5            011              2
              5            100              1
              5            101              6
              5            110              8
              5            111              6
              6            000              0
              6            001              7
              6            010              1
              6            011              6
              6            100              8
              6            101              4
              6            110              0
              6            111              6
              7            000              0
              7            001              1
              7            010              3
              7            011              4
              7            100              8
              7            101              2
              7            110              4
              7            111              2
              8            000              1
              8            001              3
              8            010              6
              8            011              0
              8            100              0
              8            101              5
              8            110              2
              8            111              3
