Eaten part = 0.243633
Start state = 2
Significant inputs: 0 6 7
Moves: 0 0 2 0 1 2 2 0 2
          state         inputs     next state
              0            000              0
              0            001              4
              0            010              8
              0            011              0
              0            100              0
              0            101              4
              0            110              6
              0            111              4
              1            000              4
              1            001              1
              1            010              6
              1            011              8
              1            100              1
              1            101              7
              1            110              5
              1            111              8
              2            000              5
              2            001              6
              2            010              7
              2            011              2
              2            100              6
              2            101              0
              2            110              0
              2            111              0
              3            000              3
              3            001              3
              3            010              5
              3            011              6
              3            100              4
              3            101              1
              3            110              8
              3            111              3
              4            000              3
              4            001              7
              4            010              5
              4            011              0
              4            100              2
              4            101              3
              4            110              8
              4            111              3
              5            000              3
              5            001              0
              5            010              1
              5            011              0
              5            100              7
              5            101              3
              5            110              3
              5            111              0
              6            000              0
              6            001              7
              6            010              1
              6            011              0
              6            100              7
              6            101              6
              6            110              3
              6            111              3
              7            000              1
              7            001              0
              7            010              0
              7            011              6
              7            100              0
              7            101              5
              7            110              1
              7            111              7
              8            000              3
              8            001              0
              8            010              7
              8            011              7
              8            100              0
              8            101              0
              8            110              3
              8            111              3
