Eaten part = 0.202468
Start state = 1
Significant inputs: 0 3 4
Moves: 2 0 0 1 0 0 0 0 0
          state         inputs     next state
              0            000              8
              0            001              2
              0            010              5
              0            011              3
              0            100              7
              0            101              2
              0            110              3
              0            111              1
              1            000              5
              1            001              4
              1            010              7
              1            011              2
              1            100              8
              1            101              8
              1            110              5
              1            111              4
              2            000              3
              2            001              0
              2            010              3
              2            011              8
              2            100              8
              2            101              2
              2            110              5
              2            111              7
              3            000              5
              3            001              2
              3            010              3
              3            011              6
              3            100              0
              3            101              2
              3            110              5
              3            111              6
              4            000              5
              4            001              6
              4            010              7
              4            011              6
              4            100              6
              4            101              4
              4            110              2
              4            111              2
              5            000              0
              5            001              7
              5            010              5
              5            011              3
              5            100              5
              5            101              2
              5            110              4
              5            111              4
              6            000              0
              6            001              4
              6            010              1
              6            011              5
              6            100              8
              6            101              8
              6            110              5
              6            111              6
              7            000              3
              7            001              3
              7            010              4
              7            011              1
              7            100              2
              7            101              7
              7            110              2
              7            111              7
              8            000              7
              8            001              3
              8            010              7
              8            011              3
              8            100              1
              8            101              1
              8            110              4
              8            111              1
