Eaten part = 0.261779
Start state = 8
Significant inputs: 3 4 6
Moves: 0 0 2 0 0 0 1 0 0
          state         inputs     next state
              0            000              2
              0            001              7
              0            010              7
              0            011              0
              0            100              4
              0            101              2
              0            110              7
              0            111              0
              1            000              1
              1            001              6
              1            010              7
              1            011              7
              1            100              2
              1            101              0
              1            110              4
              1            111              3
              2            000              3
              2            001              1
              2            010              5
              2            011              0
              2            100              1
              2            101              7
              2            110              7
              2            111              7
              3            000              3
              3            001              1
              3            010              8
              3            011              1
              3            100              2
              3            101              8
              3            110              8
              3            111              6
              4            000              6
              4            001              6
              4            010              4
              4            011              3
              4            100              3
              4            101              5
              4            110              6
              4            111              3
              5            000              1
              5            001              3
              5            010              1
              5            011              8
              5            100              5
              5            101              1
              5            110              1
              5            111              8
              6            000              3
              6            001              3
              6            010              5
              6            011              0
              6            100              8
              6            101              3
              6            110              2
              6            111              1
              7            000              6
              7            001              6
              7            010              2
              7            011              4
              7            100              8
              7            101              8
              7            110              8
              7            111              8
              8            000              3
              8            001              3
              8            010              0
              8            011              8
              8            100              2
              8            101              2
              8            110              0
              8            111              8
