Eaten part = 0.302189
Start state = 2
Significant inputs: 2 5 6
Moves: 0 0 0 1 0 2 0 0 1
          state         inputs     next state
              0            000              2
              0            001              6
              0            010              4
              0            011              7
              0            100              6
              0            101              7
              0            110              8
              0            111              4
              1            000              2
              1            001              7
              1            010              0
              1            011              0
              1            100              7
              1            101              5
              1            110              3
              1            111              2
              2            000              2
              2            001              8
              2            010              0
              2            011              5
              2            100              5
              2            101              5
              2            110              8
              2            111              5
              3            000              3
              3            001              0
              3            010              6
              3            011              6
              3            100              6
              3            101              0
              3            110              2
              3            111              8
              4            000              2
              4            001              8
              4            010              3
              4            011              7
              4            100              5
              4            101              6
              4            110              5
              4            111              3
              5            000              7
              5            001              1
              5            010              2
              5            011              6
              5            100              5
              5            101              2
              5            110              4
              5            111              2
              6            000              2
              6            001              7
              6            010              2
              6            011              5
              6            100              2
              6            101              8
              6            110              7
              6            111              5
              7            000              6
              7            001              1
              7            010              6
              7            011              5
              7            100              5
              7            101              3
              7            110              5
              7            111              2
              8            000              0
              8            001              7
              8            010              5
              8            011              2
              8            100              2
              8            101              4
              8            110              5
              8            111              4
