Eaten part = 0.227582
Start state = 7
Significant inputs: 3 6 7
Moves: 2 2 0 2 0 0 0 2 0
          state         inputs     next state
              0            000              5
              0            001              7
              0            010              2
              0            011              3
              0            100              4
              0            101              1
              0            110              8
              0            111              3
              1            000              3
              1            001              8
              1            010              6
              1            011              7
              1            100              8
              1            101              6
              1            110              4
              1            111              4
              2            000              8
              2            001              2
              2            010              7
              2            011              3
              2            100              2
              2            101              8
              2            110              0
              2            111              1
              3            000              8
              3            001              6
              3            010              6
              3            011              2
              3            100              1
              3            101              5
              3            110              5
              3            111              7
              4            000              8
              4            001              7
              4            010              2
              4            011              1
              4            100              2
              4            101              8
              4            110              6
              4            111              5
              5            000              2
              5            001              8
              5            010              7
              5            011              2
              5            100              4
              5            101              5
              5            110              8
              5            111              5
              6            000              8
              6            001              4
              6            010              6
              6            011              1
              6            100              6
              6            101              6
              6            110              6
              6            111              0
              7            000              2
              7            001              0
              7            010              5
              7            011              0
              7            100              2
              7            101              2
              7            110              6
              7            111              0
              8            000              2
              8            001              6
              8            010              7
              8            011              2
              8            100              5
              8            101              5
              8            110              7
              8            111              0
