Eaten part = 0.230501
Start state = 6
Significant inputs: 1 6 7
Moves: 2 1 2 1 0 1 0 0 0
          state         inputs     next state
              0            000              8
              0            001              5
              0            010              7
              0            011              7
              0            100              4
              0            101              7
              0            110              8
              0            111              8
              1            000              0
              1            001              8
              1            010              1
              1            011              8
              1            100              1
              1            101              1
              1            110              7
              1            111              8
              2            000              8
              2            001              8
              2            010              4
              2            011              8
              2            100              4
              2            101              1
              2            110              7
              2            111              3
              3            000              7
              3            001              4
              3            010              7
              3            011              8
              3            100              8
              3            101              6
              3            110              3
              3            111              5
              4            000              4
              4            001              8
              4            010              0
              4            011              2
              4            100              6
              4            101              5
              4            110              0
              4            111              0
              5            000              1
              5            001              7
              5            010              4
              5            011              8
              5            100              5
              5            101              2
              5            110              2
              5            111              2
              6            000              8
              6            001              6
              6            010              7
              6            011              4
              6            100              1
              6            101              5
              6            110              0
              6            111              8
              7            000              7
              7            001              1
              7            010              0
              7            011              2
              7            100              5
              7            101              4
              7            110              2
              7            111              7
              8            000              8
              8            001              4
              8            010              0
              8            011              0
              8            100              8
              8            101              4
              8            110              2
              8            111              7
