Eaten part = 0.235250
Start state = 8
Significant inputs: 1 2 3
Moves: 0 0 0 0 0 0 1 0 1
          state         inputs     next state
              0            000              0
              0            001              4
              0            010              8
              0            011              4
              0            100              8
              0            101              7
              0            110              2
              0            111              6
              1            000              7
              1            001              3
              1            010              6
              1            011              8
              1            100              1
              1            101              5
              1            110              6
              1            111              5
              2            000              1
              2            001              4
              2            010              6
              2            011              7
              2            100              1
              2            101              5
              2            110              2
              2            111              8
              3            000              8
              3            001              5
              3            010              2
              3            011              4
              3            100              1
              3            101              7
              3            110              3
              3            111              1
              4            000              2
              4            001              7
              4            010              6
              4            011              3
              4            100              5
              4            101              2
              4            110              8
              4            111              2
              5            000              5
              5            001              3
              5            010              6
              5            011              0
              5            100              7
              5            101              1
              5            110              3
              5            111              7
              6            000              4
              6            001              3
              6            010              6
              6            011              1
              6            100              8
              6            101              5
              6            110              7
              6            111              1
              7            000              5
              7            001              4
              7            010              4
              7            011              6
              7            100              4
              7            101              0
              7            110              6
              7            111              8
              8            000              0
              8            001              2
              8            010              6
              8            011              8
              8            100              6
              8            101              0
              8            110              2
              8            111              8
