Eaten part = 0.184921
Start state = 8
Significant inputs: 0 1 3
Moves: 2 0 2 1 0 2 1 0 0
          state         inputs     next state
              0            000              4
              0            001              6
              0            010              7
              0            011              4
              0            100              3
              0            101              5
              0            110              4
              0            111              0
              1            000              1
              1            001              3
              1            010              1
              1            011              0
              1            100              1
              1            101              7
              1            110              1
              1            111              7
              2            000              7
              2            001              7
              2            010              5
              2            011              1
              2            100              8
              2            101              6
              2            110              5
              2            111              1
              3            000              4
              3            001              1
              3            010              4
              3            011              1
              3            100              2
              3            101              2
              3            110              2
              3            111              8
              4            000              1
              4            001              0
              4            010              6
              4            011              5
              4            100              5
              4            101              8
              4            110              8
              4            111              6
              5            000              1
              5            001              7
              5            010              4
              5            011              3
              5            100              8
              5            101              8
              5            110              2
              5            111              7
              6            000              4
              6            001              1
              6            010              7
              6            011              0
              6            100              5
              6            101              1
              6            110              8
              6            111              8
              7            000              7
              7            001              2
              7            010              0
              7            011              0
              7            100              1
              7            101              0
              7            110              3
              7            111              7
              8            000              3
              8            001              4
              8            010              8
              8            011              5
              8            100              3
              8            101              3
              8            110              0
              8            111              2
