Eaten part = 0.262302
Start state = 2
Significant inputs: 3 4 6
Moves: 0 0 0 2 0 0 0 1 0
          state         inputs     next state
              0            000              2
              0            001              7
              0            010              4
              0            011              5
              0            100              7
              0            101              3
              0            110              3
              0            111              8
              1            000              3
              1            001              7
              1            010              0
              1            011              0
              1            100              4
              1            101              8
              1            110              1
              1            111              5
              2            000              8
              2            001              2
              2            010              2
              2            011              8
              2            100              3
              2            101              6
              2            110              1
              2            111              0
              3            000              6
              3            001              1
              3            010              8
              3            011              2
              3            100              1
              3            101              0
              3            110              1
              3            111              5
              4            000              3
              4            001              7
              4            010              4
              4            011              2
              4            100              5
              4            101              3
              4            110              7
              4            111              6
              5            000              3
              5            001              8
              5            010              6
              5            011              2
              5            100              3
              5            101              0
              5            110              7
              5            111              0
              6            000              2
              6            001              6
              6            010              4
              6            011              4
              6            100              8
              6            101              5
              6            110              1
              6            111              8
              7            000              8
              7            001              2
              7            010              3
              7            011              3
              7            100              1
              7            101              4
              7            110              2
              7            111              0
              8            000              8
              8            001              2
              8            010              0
              8            011              0
              8            100              3
              8            101              3
              8            110              2
              8            111              8
