Eaten part = 0.299799
Start state = 8
Significant inputs: 2 5 6
Moves: 2 0 0 0 0 2 1 0 0
          state         inputs     next state
              0            000              1
              0            001              6
              0            010              8
              0            011              2
              0            100              6
              0            101              0
              0            110              1
              0            111              5
              1            000              2
              1            001              6
              1            010              2
              1            011              7
              1            100              0
              1            101              6
              1            110              5
              1            111              7
              2            000              1
              2            001              6
              2            010              2
              2            011              3
              2            100              5
              2            101              6
              2            110              5
              2            111              1
              3            000              5
              3            001              6
              3            010              7
              3            011              7
              3            100              5
              3            101              2
              3            110              5
              3            111              2
              4            000              4
              4            001              4
              4            010              5
              4            011              1
              4            100              5
              4            101              0
              4            110              4
              4            111              5
              5            000              1
              5            001              6
              5            010              8
              5            011              1
              5            100              6
              5            101              1
              5            110              8
              5            111              3
              6            000              2
              6            001              8
              6            010              1
              6            011              1
              6            100              8
              6            101              3
              6            110              3
              6            111              7
              7            000              6
              7            001              5
              7            010              4
              7            011              4
              7            100              0
              7            101              4
              7            110              1
              7            111              8
              8            000              1
              8            001              1
              8            010              0
              8            011              7
              8            100              0
              8            101              6
              8            110              0
              8            111              6
