Eaten part = 0.301071
Start state = 1
Significant inputs: 2 3 6
Moves: 0 0 0 0 0 0 2 2 1
          state         inputs     next state
              0            000              2
              0            001              5
              0            010              4
              0            011              0
              0            100              6
              0            101              0
              0            110              6
              0            111              7
              1            000              2
              1            001              4
              1            010              2
              1            011              8
              1            100              6
              1            101              4
              1            110              6
              1            111              7
              2            000              3
              2            001              1
              2            010              4
              2            011              3
              2            100              4
              2            101              6
              2            110              6
              2            111              4
              3            000              4
              3            001              1
              3            010              1
              3            011              1
              3            100              6
              3            101              4
              3            110              5
              3            111              7
              4            000              4
              4            001              8
              4            010              4
              4            011              8
              4            100              6
              4            101              8
              4            110              4
              4            111              3
              5            000              0
              5            001              5
              5            010              4
              5            011              7
              5            100              2
              5            101              0
              5            110              0
              5            111              8
              6            000              4
              6            001              1
              6            010              2
              6            011              0
              6            100              4
              6            101              2
              6            110              0
              6            111              3
              7            000              3
              7            001              6
              7            010              0
              7            011              1
              7            100              7
              7            101              1
              7            110              5
              7            111              0
              8            000              2
              8            001              1
              8            010              6
              8            011              2
              8            100              5
              8            101              2
              8            110              3
              8            111              3
