Eaten part = 0.293143
Start state = 8
Significant inputs: 2 5 6
Moves: 0 2 0 0 1 1 0 2 0
          state         inputs     next state
              0            000              1
              0            001              2
              0            010              2
              0            011              8
              0            100              1
              0            101              1
              0            110              0
              0            111              7
              1            000              4
              1            001              6
              1            010              2
              1            011              8
              1            100              8
              1            101              6
              1            110              8
              1            111              6
              2            000              6
              2            001              2
              2            010              2
              2            011              0
              2            100              1
              2            101              7
              2            110              7
              2            111              3
              3            000              4
              3            001              8
              3            010              3
              3            011              8
              3            100              1
              3            101              0
              3            110              1
              3            111              2
              4            000              6
              4            001              3
              4            010              4
              4            011              5
              4            100              6
              4            101              8
              4            110              8
              4            111              1
              5            000              8
              5            001              5
              5            010              0
              5            011              7
              5            100              7
              5            101              0
              5            110              3
              5            111              6
              6            000              6
              6            001              4
              6            010              2
              6            011              3
              6            100              1
              6            101              7
              6            110              4
              6            111              0
              7            000              4
              7            001              3
              7            010              6
              7            011              8
              7            100              4
              7            101              6
              7            110              4
              7            111              6
              8            000              6
              8            001              4
              8            010              1
              8            011              5
              8            100              3
              8            101              5
              8            110              0
              8            111              2
