Eaten part = 0.306103
Start state = 1
Significant inputs: 2 5 6
Moves: 0 2 0 0 1 0 0 0 2
          state         inputs     next state
              0            000              0
              0            001              4
              0            010              7
              0            011              2
              0            100              5
              0            101              2
              0            110              3
              0            111              5
              1            000              2
              1            001              4
              1            010              6
              1            011              5
              1            100              4
              1            101              3
              1            110              0
              1            111              2
              2            000              2
              2            001              4
              2            010              2
              2            011              6
              2            100              1
              2            101              1
              2            110              7
              2            111              5
              3            000              4
              3            001              7
              3            010              3
              3            011              0
              3            100              8
              3            101              0
              3            110              6
              3            111              4
              4            000              2
              4            001              5
              4            010              5
              4            011              5
              4            100              5
              4            101              2
              4            110              1
              4            111              0
              5            000              0
              5            001              7
              5            010              2
              5            011              1
              5            100              1
              5            101              4
              5            110              1
              5            111              4
              6            000              2
              6            001              8
              6            010              2
              6            011              1
              6            100              8
              6            101              1
              6            110              7
              6            111              0
              7            000              7
              7            001              4
              7            010              6
              7            011              1
              7            100              2
              7            101              0
              7            110              0
              7            111              5
              8            000              6
              8            001              8
              8            010              5
              8            011              4
              8            100              7
              8            101              1
              8            110              1
              8            111              3
