Eaten part = 0.247487
Start state = 1
Significant inputs: 5 6 7
Moves: 1 0 0 2 0 0 0 0 0
          state         inputs     next state
              0            000              4
              0            001              8
              0            010              8
              0            011              1
              0            100              4
              0            101              2
              0            110              6
              0            111              7
              1            000              5
              1            001              5
              1            010              6
              1            011              8
              1            100              2
              1            101              6
              1            110              0
              1            111              0
              2            000              0
              2            001              2
              2            010              2
              2            011              4
              2            100              0
              2            101              4
              2            110              8
              2            111              3
              3            000              2
              3            001              6
              3            010              7
              3            011              2
              3            100              7
              3            101              6
              3            110              4
              3            111              4
              4            000              5
              4            001              3
              4            010              7
              4            011              5
              4            100              7
              4            101              5
              4            110              5
              4            111              6
              5            000              5
              5            001              7
              5            010              3
              5            011              5
              5            100              5
              5            101              5
              5            110              3
              5            111              7
              6            000              4
              6            001              2
              6            010              1
              6            011              8
              6            100              3
              6            101              6
              6            110              5
              6            111              4
              7            000              8
              7            001              5
              7            010              3
              7            011              7
              7            100              1
              7            101              8
              7            110              5
              7            111              7
              8            000              5
              8            001              8
              8            010              1
              8            011              0
              8            100              1
              8            101              5
              8            110              8
              8            111              7
