Eaten part = 0.178048
Start state = 6
Significant inputs: 3 5 7
Moves: 0 2 2 2 0 0 0 1 0
          state         inputs     next state
              0            000              8
              0            001              7
              0            010              6
              0            011              4
              0            100              4
              0            101              2
              0            110              7
              0            111              3
              1            000              3
              1            001              8
              1            010              4
              1            011              6
              1            100              6
              1            101              5
              1            110              8
              1            111              8
              2            000              1
              2            001              4
              2            010              8
              2            011              3
              2            100              8
              2            101              4
              2            110              8
              2            111              8
              3            000              5
              3            001              2
              3            010              8
              3            011              2
              3            100              8
              3            101              8
              3            110              4
              3            111              8
              4            000              5
              4            001              8
              4            010              3
              4            011              6
              4            100              0
              4            101              6
              4            110              0
              4            111              4
              5            000              0
              5            001              0
              5            010              3
              5            011              8
              5            100              7
              5            101              2
              5            110              0
              5            111              7
              6            000              7
              6            001              8
              6            010              5
              6            011              5
              6            100              1
              6            101              0
              6            110              7
              6            111              4
              7            000              5
              7            001              1
              7            010              1
              7            011              3
              7            100              3
              7            101              5
              7            110              1
              7            111              8
              8            000              4
              8            001              4
              8            010              4
              8            011              2
              8            100              0
              8            101              2
              8            110              3
              8            111              2
