Eaten part = 0.305497
Start state = 1
Significant inputs: 2 3 6
Moves: 0 0 0 0 2 2 0 1 1
          state         inputs     next state
              0            000              3
              0            001              0
              0            010              1
              0            011              6
              0            100              6
              0            101              1
              0            110              6
              0            111              4
              1            000              3
              1            001              7
              1            010              3
              1            011              7
              1            100              5
              1            101              4
              1            110              5
              1            111              2
              2            000              1
              2            001              0
              2            010              1
              2            011              8
              2            100              0
              2            101              6
              2            110              7
              2            111              7
              3            000              3
              3            001              7
              3            010              3
              3            011              8
              3            100              4
              3            101              4
              3            110              4
              3            111              8
              4            000              3
              4            001              0
              4            010              1
              4            011              3
              4            100              3
              4            101              2
              4            110              3
              4            111              6
              5            000              3
              5            001              6
              5            010              0
              5            011              0
              5            100              3
              5            101              5
              5            110              2
              5            111              1
              6            000              0
              6            001              1
              6            010              0
              6            011              1
              6            100              4
              6            101              3
              6            110              5
              6            111              3
              7            000              3
              7            001              1
              7            010              1
              7            011              3
              7            100              1
              7            101              3
              7            110              0
              7            111              5
              8            000              3
              8            001              1
              8            010              6
              8            011              6
              8            100              3
              8            101              0
              8            110              6
              8            111              1
