Eaten part = 0.232500
Start state = 8
Significant inputs: 5 6 7
Moves: 0 0 0 2 2 0 2 1 0
          state         inputs     next state
              0            000              8
              0            001              1
              0            010              4
              0            011              8
              0            100              7
              0            101              1
              0            110              0
              0            111              2
              1            000              3
              1            001              1
              1            010              0
              1            011              6
              1            100              6
              1            101              1
              1            110              1
              1            111              2
              2            000              8
              2            001              0
              2            010              4
              2            011              2
              2            100              2
              2            101              6
              2            110              6
              2            111              4
              3            000              2
              3            001              5
              3            010              5
              3            011              8
              3            100              3
              3            101              5
              3            110              3
              3            111              5
              4            000              5
              4            001              8
              4            010              4
              4            011              0
              4            100              1
              4            101              0
              4            110              1
              4            111              5
              5            000              8
              5            001              3
              5            010              3
              5            011              8
              5            100              8
              5            101              3
              5            110              4
              5            111              3
              6            000              8
              6            001              0
              6            010              2
              6            011              5
              6            100              5
              6            101              4
              6            110              0
              6            111              8
              7            000              4
              7            001              6
              7            010              2
              7            011              3
              7            100              8
              7            101              0
              7            110              6
              7            111              4
              8            000              5
              8            001              0
              8            010              3
              8            011              0
              8            100              5
              8            101              5
              8            110              6
              8            111              0
