Eaten part = 0.319887
Start state = 5
Significant inputs: 2 4 6
Moves: 0 0 0 0 1 0 2 0 0
          state         inputs     next state
              0            000              7
              0            001              4
              0            010              5
              0            011              5
              0            100              6
              0            101              7
              0            110              1
              0            111              0
              1            000              0
              1            001              4
              1            010              0
              1            011              8
              1            100              6
              1            101              6
              1            110              8
              1            111              3
              2            000              5
              2            001              3
              2            010              0
              2            011              1
              2            100              1
              2            101              3
              2            110              1
              2            111              1
              3            000              0
              3            001              4
              3            010              5
              3            011              5
              3            100              6
              3            101              3
              3            110              3
              3            111              5
              4            000              8
              4            001              5
              4            010              2
              4            011              0
              4            100              1
              4            101              2
              4            110              1
              4            111              1
              5            000              7
              5            001              1
              5            010              7
              5            011              7
              5            100              6
              5            101              0
              5            110              3
              5            111              5
              6            000              5
              6            001              7
              6            010              7
              6            011              3
              6            100              1
              6            101              1
              6            110              0
              6            111              3
              7            000              7
              7            001              4
              7            010              7
              7            011              3
              7            100              6
              7            101              6
              7            110              0
              7            111              2
              8            000              1
              8            001              2
              8            010              0
              8            011              5
              8            100              6
              8            101              3
              8            110              8
              8            111              3
