Eaten part = 0.302086
Start state = 7
Significant inputs: 2 5 6
Moves: 2 0 1 0 0 0 0 2 0
          state         inputs     next state
              0            000              6
              0            001              4
              0            010              4
              0            011              3
              0            100              3
              0            101              6
              0            110              6
              0            111              6
              1            000              3
              1            001              1
              1            010              3
              1            011              6
              1            100              0
              1            101              7
              1            110              3
              1            111              4
              2            000              4
              2            001              3
              2            010              8
              2            011              6
              2            100              3
              2            101              5
              2            110              5
              2            111              1
              3            000              5
              3            001              2
              3            010              6
              3            011              1
              3            100              0
              3            101              2
              3            110              6
              3            111              1
              4            000              6
              4            001              3
              4            010              4
              4            011              3
              4            100              0
              4            101              7
              4            110              0
              4            111              2
              5            000              3
              5            001              2
              5            010              5
              5            011              8
              5            100              0
              5            101              0
              5            110              8
              5            111              4
              6            000              3
              6            001              2
              6            010              3
              6            011              6
              6            100              0
              6            101              0
              6            110              2
              6            111              8
              7            000              4
              7            001              4
              7            010              5
              7            011              2
              7            100              2
              7            101              1
              7            110              1
              7            111              3
              8            000              1
              8            001              3
              8            010              0
              8            011              6
              8            100              3
              8            101              1
              8            110              2
              8            111              6
