Eaten part = 0.307530
Start state = 2
Significant inputs: 2 4 6
Moves: 0 1 0 0 0 0 0 2 0
          state         inputs     next state
              0            000              3
              0            001              4
              0            010              8
              0            011              6
              0            100              4
              0            101              0
              0            110              3
              0            111              1
              1            000              3
              1            001              3
              1            010              5
              1            011              5
              1            100              3
              1            101              8
              1            110              3
              1            111              1
              2            000              5
              2            001              4
              2            010              5
              2            011              4
              2            100              7
              2            101              8
              2            110              6
              2            111              6
              3            000              5
              3            001              8
              3            010              5
              3            011              3
              3            100              7
              3            101              7
              3            110              5
              3            111              3
              4            000              5
              4            001              1
              4            010              8
              4            011              3
              4            100              2
              4            101              5
              4            110              7
              4            111              0
              5            000              5
              5            001              1
              5            010              5
              5            011              4
              5            100              7
              5            101              1
              5            110              0
              5            111              3
              6            000              2
              6            001              7
              6            010              4
              6            011              8
              6            100              6
              6            101              5
              6            110              6
              6            111              7
              7            000              4
              7            001              3
              7            010              8
              7            011              0
              7            100              5
              7            101              5
              7            110              0
              7            111              5
              8            000              4
              8            001              4
              8            010              1
              8            011              4
              8            100              7
              8            101              7
              8            110              3
              8            111              4
