Eaten part = 0.218476
Start state = 8
Significant inputs: 2 5 7
Moves: 0 0 0 1 1 1 1 0 0
          state         inputs     next state
              0            000              1
              0            001              6
              0            010              1
              0            011              7
              0            100              1
              0            101              0
              0            110              5
              0            111              2
              1            000              0
              1            001              4
              1            010              7
              1            011              4
              1            100              8
              1            101              6
              1            110              7
              1            111              7
              2            000              7
              2            001              3
              2            010              5
              2            011              8
              2            100              7
              2            101              0
              2            110              1
              2            111              8
              3            000              4
              3            001              8
              3            010              0
              3            011              7
              3            100              6
              3            101              3
              3            110              7
              3            111              7
              4            000              0
              4            001              7
              4            010              7
              4            011              5
              4            100              3
              4            101              3
              4            110              0
              4            111              0
              5            000              0
              5            001              5
              5            010              7
              5            011              1
              5            100              1
              5            101              3
              5            110              2
              5            111              4
              6            000              1
              6            001              7
              6            010              8
              6            011              6
              6            100              7
              6            101              0
              6            110              1
              6            111              0
              7            000              1
              7            001              6
              7            010              7
              7            011              3
              7            100              7
              7            101              4
              7            110              1
              7            111              5
              8            000              0
              8            001              5
              8            010              2
              8            011              6
              8            100              1
              8            101              3
              8            110              8
              8            111              0
