Eaten part = 0.255360
Start state = 3
Significant inputs: 2 3 4
Moves: 0 0 0 1 0 0 0 0 2
          state         inputs     next state
              0            000              5
              0            001              8
              0            010              3
              0            011              0
              0            100              1
              0            101              6
              0            110              6
              0            111              4
              1            000              7
              1            001              2
              1            010              5
              1            011              7
              1            100              7
              1            101              0
              1            110              0
              1            111              6
              2            000              2
              2            001              3
              2            010              8
              2            011              7
              2            100              6
              2            101              4
              2            110              1
              2            111              3
              3            000              7
              3            001              6
              3            010              3
              3            011              5
              3            100              6
              3            101              4
              3            110              4
              3            111              8
              4            000              5
              4            001              7
              4            010              5
              4            011              3
              4            100              3
              4            101              4
              4            110              0
              4            111              1
              5            000              7
              5            001              3
              5            010              5
              5            011              1
              5            100              2
              5            101              4
              5            110              3
              5            111              7
              6            000              8
              6            001              3
              6            010              8
              6            011              5
              6            100              2
              6            101              1
              6            110              7
              6            111              3
              7            000              7
              7            001              3
              7            010              1
              7            011              1
              7            100              4
              7            101              6
              7            110              1
              7            111              7
              8            000              7
              8            001              7
              8            010              1
              8            011              5
              8            100              2
              8            101              5
              8            110              2
              8            111              6
