Eaten part = 0.229999
Start state = 7
Significant inputs: 0 2 7
Moves: 0 2 1 0 0 0 0 1 0
          state         inputs     next state
              0            000              1
              0            001              4
              0            010              4
              0            011              1
              0            100              0
              0            101              1
              0            110              7
              0            111              3
              1            000              3
              1            001              8
              1            010              3
              1            011              4
              1            100              4
              1            101              1
              1            110              5
              1            111              5
              2            000              4
              2            001              4
              2            010              2
              2            011              6
              2            100              1
              2            101              2
              2            110              6
              2            111              6
              3            000              3
              3            001              4
              3            010              7
              3            011              3
              3            100              3
              3            101              5
              3            110              7
              3            111              7
              4            000              3
              4            001              0
              4            010              7
              4            011              3
              4            100              1
              4            101              7
              4            110              7
              4            111              6
              5            000              8
              5            001              1
              5            010              7
              5            011              2
              5            100              4
              5            101              7
              5            110              8
              5            111              1
              6            000              3
              6            001              3
              6            010              8
              6            011              3
              6            100              8
              6            101              5
              6            110              7
              6            111              0
              7            000              6
              7            001              3
              7            010              0
              7            011              1
              7            100              0
              7            101              0
              7            110              6
              7            111              1
              8            000              1
              8            001              4
              8            010              1
              8            011              4
              8            100              3
              8            101              7
              8            110              7
              8            111              2
