Eaten part = 0.306517
Start state = 1
Significant inputs: 2 5 6
Moves: 0 2 0 0 0 2 1 1 1
          state         inputs     next state
              0            000              4
              0            001              7
              0            010              3
              0            011              7
              0            100              1
              0            101              5
              0            110              0
              0            111              1
              1            000              2
              1            001              2
              1            010              2
              1            011              2
              1            100              6
              1            101              3
              1            110              3
              1            111              3
              2            000              4
              2            001              6
              2            010              1
              2            011              4
              2            100              3
              2            101              1
              2            110              0
              2            111              5
              3            000              0
              3            001              7
              3            010              2
              3            011              4
              3            100              1
              3            101              3
              3            110              5
              3            111              5
              4            000              0
              4            001              7
              4            010              0
              4            011              0
              4            100              1
              4            101              3
              4            110              0
              4            111              7
              5            000              4
              5            001              5
              5            010              4
              5            011              4
              5            100              0
              5            101              4
              5            110              0
              5            111              4
              6            000              0
              6            001              0
              6            010              4
              6            011              0
              6            100              2
              6            101              3
              6            110              8
              6            111              3
              7            000              4
              7            001              3
              7            010              8
              7            011              2
              7            100              4
              7            101              0
              7            110              6
              7            111              0
              8            000              3
              8            001              7
              8            010              2
              8            011              7
              8            100              6
              8            101              2
              8            110              3
              8            111              1
