Eaten part = 0.236393
Start state = 3
Significant inputs: 0 2 4
Moves: 1 0 0 0 0 0 0 1 0
          state         inputs     next state
              0            000              3
              0            001              5
              0            010              3
              0            011              7
              0            100              3
              0            101              3
              0            110              4
              0            111              3
              1            000              8
              1            001              2
              1            010              5
              1            011              2
              1            100              5
              1            101              5
              1            110              4
              1            111              8
              2            000              5
              2            001              5
              2            010              7
              2            011              7
              2            100              5
              2            101              8
              2            110              1
              2            111              0
              3            000              5
              3            001              8
              3            010              6
              3            011              0
              3            100              5
              3            101              8
              3            110              8
              3            111              8
              4            000              6
              4            001              6
              4            010              3
              4            011              5
              4            100              4
              4            101              4
              4            110              8
              4            111              4
              5            000              2
              5            001              3
              5            010              0
              5            011              5
              5            100              6
              5            101              6
              5            110              1
              5            111              6
              6            000              1
              6            001              7
              6            010              2
              6            011              7
              6            100              4
              6            101              6
              6            110              4
              6            111              0
              7            000              6
              7            001              6
              7            010              8
              7            011              2
              7            100              5
              7            101              6
              7            110              1
              7            111              4
              8            000              5
              8            001              5
              8            010              0
              8            011              0
              8            100              6
              8            101              2
              8            110              7
              8            111              4
