Eaten part = 0.254990
Start state = 2
Significant inputs: 1 2 3
Moves: 0 1 0 0 0 0 1 1 2
          state         inputs     next state
              0            000              0
              0            001              8
              0            010              6
              0            011              5
              0            100              0
              0            101              5
              0            110              6
              0            111              0
              1            000              0
              1            001              8
              1            010              2
              1            011              2
              1            100              8
              1            101              1
              1            110              7
              1            111              7
              2            000              1
              2            001              4
              2            010              5
              2            011              2
              2            100              5
              2            101              7
              2            110              4
              2            111              5
              3            000              4
              3            001              0
              3            010              2
              3            011              3
              3            100              0
              3            101              2
              3            110              2
              3            111              3
              4            000              5
              4            001              0
              4            010              0
              4            011              0
              4            100              8
              4            101              2
              4            110              0
              4            111              2
              5            000              7
              5            001              2
              5            010              0
              5            011              4
              5            100              7
              5            101              0
              5            110              5
              5            111              5
              6            000              2
              6            001              0
              6            010              4
              6            011              4
              6            100              5
              6            101              8
              6            110              8
              6            111              4
              7            000              2
              7            001              4
              7            010              2
              7            011              6
              7            100              5
              7            101              3
              7            110              2
              7            111              5
              8            000              0
              8            001              7
              8            010              4
              8            011              1
              8            100              5
              8            101              5
              8            110              5
              8            111              4
