Eaten part = 0.308901
Start state = 6
Significant inputs: 2 4 6
Moves: 0 0 0 1 0 0 0 2 0
          state         inputs     next state
              0            000              8
              0            001              3
              0            010              4
              0            011              8
              0            100              0
              0            101              1
              0            110              8
              0            111              3
              1            000              6
              1            001              4
              1            010              5
              1            011              5
              1            100              8
              1            101              8
              1            110              8
              1            111              6
              2            000              0
              2            001              8
              2            010              1
              2            011              7
              2            100              0
              2            101              2
              2            110              5
              2            111              6
              3            000              8
              3            001              1
              3            010              8
              3            011              5
              3            100              4
              3            101              4
              3            110              2
              3            111              4
              4            000              4
              4            001              3
              4            010              4
              4            011              8
              4            100              7
              4            101              4
              4            110              0
              4            111              4
              5            000              1
              5            001              4
              5            010              2
              5            011              3
              5            100              0
              5            101              7
              5            110              7
              5            111              8
              6            000              4
              6            001              2
              6            010              4
              6            011              4
              6            100              0
              6            101              4
              6            110              7
              6            111              1
              7            000              0
              7            001              8
              7            010              1
              7            011              0
              7            100              4
              7            101              0
              7            110              4
              7            111              0
              8            000              4
              8            001              3
              8            010              4
              8            011              8
              8            100              4
              8            101              0
              8            110              8
              8            111              7
