Eaten part = 0.227137
Start state = 5
Significant inputs: 2 5 7
Moves: 0 1 1 0 0 0 0 1 0
          state         inputs     next state
              0            000              5
              0            001              8
              0            010              3
              0            011              3
              0            100              4
              0            101              8
              0            110              0
              0            111              1
              1            000              5
              1            001              0
              1            010              8
              1            011              4
              1            100              4
              1            101              1
              1            110              5
              1            111              4
              2            000              3
              2            001              8
              2            010              0
              2            011              0
              2            100              6
              2            101              6
              2            110              0
              2            111              6
              3            000              0
              3            001              2
              3            010              0
              3            011              7
              3            100              4
              3            101              7
              3            110              2
              3            111              2
              4            000              3
              4            001              1
              4            010              5
              4            011              4
              4            100              6
              4            101              5
              4            110              8
              4            111              8
              5            000              5
              5            001              2
              5            010              8
              5            011              4
              5            100              6
              5            101              7
              5            110              3
              5            111              0
              6            000              8
              6            001              2
              6            010              4
              6            011              2
              6            100              4
              6            101              5
              6            110              5
              6            111              8
              7            000              8
              7            001              3
              7            010              5
              7            011              0
              7            100              5
              7            101              8
              7            110              3
              7            111              2
              8            000              3
              8            001              1
              8            010              5
              8            011              2
              8            100              0
              8            101              2
              8            110              6
              8            111              2
