Eaten part = 0.290513
Start state = 6
Significant inputs: 2 3 6
Moves: 0 0 1 0 0 0 0 2 0
          state         inputs     next state
              0            000              6
              0            001              3
              0            010              1
              0            011              2
              0            100              4
              0            101              3
              0            110              7
              0            111              2
              1            000              4
              1            001              0
              1            010              6
              1            011              5
              1            100              4
              1            101              4
              1            110              7
              1            111              0
              2            000              4
              2            001              4
              2            010              7
              2            011              0
              2            100              4
              2            101              0
              2            110              4
              2            111              7
              3            000              8
              3            001              2
              3            010              5
              3            011              0
              3            100              6
              3            101              6
              3            110              2
              3            111              2
              4            000              5
              4            001              0
              4            010              5
              4            011              6
              4            100              8
              4            101              6
              4            110              7
              4            111              8
              5            000              5
              5            001              2
              5            010              5
              5            011              5
              5            100              7
              5            101              2
              5            110              5
              5            111              1
              6            000              8
              6            001              2
              6            010              5
              6            011              1
              6            100              7
              6            101              2
              6            110              7
              6            111              5
              7            000              8
              7            001              4
              7            010              6
              7            011              6
              7            100              8
              7            101              0
              7            110              3
              7            111              0
              8            000              5
              8            001              4
              8            010              4
              8            011              2
              8            100              3
              8            101              6
              8            110              5
              8            111              6
