Eaten part = 0.305939
Start state = 7
Significant inputs: 2 4 6
Moves: 0 0 0 1 2 0 0 0 0
          state         inputs     next state
              0            000              2
              0            001              3
              0            010              5
              0            011              5
              0            100              4
              0            101              1
              0            110              4
              0            111              7
              1            000              0
              1            001              4
              1            010              8
              1            011              4
              1            100              5
              1            101              6
              1            110              5
              1            111              3
              2            000              7
              2            001              2
              2            010              5
              2            011              7
              2            100              0
              2            101              3
              2            110              5
              2            111              4
              3            000              6
              3            001              7
              3            010              7
              3            011              4
              3            100              6
              3            101              7
              3            110              7
              3            111              1
              4            000              7
              4            001              7
              4            010              5
              4            011              3
              4            100              0
              4            101              5
              4            110              7
              4            111              8
              5            000              0
              5            001              8
              5            010              7
              5            011              5
              5            100              4
              5            101              6
              5            110              1
              5            111              5
              6            000              7
              6            001              8
              6            010              1
              6            011              8
              6            100              1
              6            101              0
              6            110              8
              6            111              0
              7            000              7
              7            001              3
              7            010              7
              7            011              7
              7            100              4
              7            101              4
              7            110              7
              7            111              1
              8            000              0
              8            001              5
              8            010              2
              8            011              8
              8            100              5
              8            101              0
              8            110              5
              8            111              8
