Eaten part = 0.260539
Start state = 6
Significant inputs: 2 3 4
Moves: 0 0 0 0 2 1 0 1 0
          state         inputs     next state
              0            000              3
              0            001              7
              0            010              3
              0            011              5
              0            100              0
              0            101              1
              0            110              0
              0            111              6
              1            000              2
              1            001              0
              1            010              7
              1            011              5
              1            100              0
              1            101              5
              1            110              3
              1            111              7
              2            000              3
              2            001              7
              2            010              0
              2            011              3
              2            100              2
              2            101              1
              2            110              1
              2            111              0
              3            000              3
              3            001              5
              3            010              0
              3            011              7
              3            100              0
              3            101              2
              3            110              3
              3            111              6
              4            000              2
              4            001              5
              4            010              2
              4            011              5
              4            100              5
              4            101              3
              4            110              1
              4            111              8
              5            000              0
              5            001              3
              5            010              8
              5            011              0
              5            100              8
              5            101              2
              5            110              7
              5            111              1
              6            000              5
              6            001              5
              6            010              3
              6            011              1
              6            100              2
              6            101              8
              6            110              1
              6            111              8
              7            000              8
              7            001              0
              7            010              6
              7            011              1
              7            100              2
              7            101              6
              7            110              7
              7            111              3
              8            000              0
              8            001              7
              8            010              1
              8            011              6
              8            100              8
              8            101              0
              8            110              3
              8            111              1
