Eaten part = 0.249880
Start state = 7
Significant inputs: 2 4 7
Moves: 0 0 2 0 0 1 0 0 0
          state         inputs     next state
              0            000              8
              0            001              7
              0            010              7
              0            011              5
              0            100              7
              0            101              6
              0            110              8
              0            111              3
              1            000              6
              1            001              8
              1            010              6
              1            011              6
              1            100              8
              1            101              4
              1            110              1
              1            111              6
              2            000              7
              2            001              7
              2            010              5
              2            011              6
              2            100              6
              2            101              7
              2            110              1
              2            111              8
              3            000              5
              3            001              2
              3            010              1
              3            011              0
              3            100              2
              3            101              6
              3            110              2
              3            111              5
              4            000              7
              4            001              4
              4            010              7
              4            011              3
              4            100              0
              4            101              7
              4            110              0
              4            111              2
              5            000              8
              5            001              6
              5            010              3
              5            011              4
              5            100              6
              5            101              4
              5            110              8
              5            111              0
              6            000              8
              6            001              8
              6            010              4
              6            011              0
              6            100              2
              6            101              7
              6            110              1
              6            111              6
              7            000              7
              7            001              5
              7            010              7
              7            011              4
              7            100              5
              7            101              5
              7            110              4
              7            111              4
              8            000              8
              8            001              5
              8            010              6
              8            011              8
              8            100              6
              8            101              0
              8            110              0
              8            111              4
