Eaten part = 0.264410
Start state = 4
Significant inputs: 2 4 6
Moves: 1 0 0 0 2 0 0 0 2
          state         inputs     next state
              0            000              2
              0            001              6
              0            010              1
              0            011              3
              0            100              2
              0            101              6
              0            110              1
              0            111              2
              1            000              3
              1            001              0
              1            010              2
              1            011              2
              1            100              8
              1            101              5
              1            110              3
              1            111              1
              2            000              1
              2            001              0
              2            010              5
              2            011              4
              2            100              8
              2            101              1
              2            110              5
              2            111              0
              3            000              1
              3            001              0
              3            010              3
              3            011              2
              3            100              3
              3            101              0
              3            110              6
              3            111              1
              4            000              3
              4            001              5
              4            010              8
              4            011              8
              4            100              8
              4            101              2
              4            110              5
              4            111              8
              5            000              1
              5            001              3
              5            010              1
              5            011              2
              5            100              6
              5            101              4
              5            110              0
              5            111              8
              6            000              3
              6            001              2
              6            010              5
              6            011              2
              6            100              8
              6            101              8
              6            110              1
              6            111              0
              7            000              0
              7            001              3
              7            010              1
              7            011              1
              7            100              3
              7            101              2
              7            110              3
              7            111              0
              8            000              3
              8            001              7
              8            010              4
              8            011              1
              8            100              5
              8            101              3
              8            110              0
              8            111              4
