Eaten part = 0.181562
Start state = 5
Significant inputs: 4 5 7
Moves: 0 0 0 1 2 1 0 2 0
          state         inputs     next state
              0            000              8
              0            001              6
              0            010              4
              0            011              6
              0            100              4
              0            101              1
              0            110              4
              0            111              2
              1            000              4
              1            001              2
              1            010              8
              1            011              0
              1            100              3
              1            101              2
              1            110              8
              1            111              8
              2            000              8
              2            001              0
              2            010              1
              2            011              3
              2            100              6
              2            101              2
              2            110              6
              2            111              6
              3            000              1
              3            001              0
              3            010              1
              3            011              7
              3            100              7
              3            101              0
              3            110              0
              3            111              0
              4            000              3
              4            001              5
              4            010              1
              4            011              1
              4            100              2
              4            101              0
              4            110              6
              4            111              8
              5            000              8
              5            001              4
              5            010              2
              5            011              4
              5            100              3
              5            101              5
              5            110              6
              5            111              5
              6            000              5
              6            001              6
              6            010              4
              6            011              0
              6            100              0
              6            101              2
              6            110              6
              6            111              2
              7            000              8
              7            001              8
              7            010              1
              7            011              4
              7            100              4
              7            101              0
              7            110              4
              7            111              3
              8            000              1
              8            001              6
              8            010              4
              8            011              5
              8            100              0
              8            101              5
              8            110              3
              8            111              6
