Eaten part = 0.255603
Start state = 0
Significant inputs: 3 4 6
Moves: 0 0 2 0 0 0 0 2 1
          state         inputs     next state
              0            000              0
              0            001              0
              0            010              1
              0            011              4
              0            100              7
              0            101              2
              0            110              1
              0            111              5
              1            000              0
              1            001              3
              1            010              5
              1            011              6
              1            100              3
              1            101              2
              1            110              4
              1            111              4
              2            000              0
              2            001              1
              2            010              1
              2            011              4
              2            100              5
              2            101              2
              2            110              5
              2            111              3
              3            000              1
              3            001              6
              3            010              4
              3            011              1
              3            100              7
              3            101              8
              3            110              6
              3            111              3
              4            000              3
              4            001              1
              4            010              3
              4            011              5
              4            100              6
              4            101              1
              4            110              1
              4            111              3
              5            000              3
              5            001              8
              5            010              3
              5            011              4
              5            100              7
              5            101              1
              5            110              8
              5            111              2
              6            000              0
              6            001              6
              6            010              0
              6            011              4
              6            100              2
              6            101              8
              6            110              3
              6            111              0
              7            000              6
              7            001              5
              7            010              1
              7            011              7
              7            100              0
              7            101              0
              7            110              5
              7            111              1
              8            000              0
              8            001              5
              8            010              0
              8            011              4
              8            100              1
              8            101              1
              8            110              5
              8            111              7
