Eaten part = 0.213029
Start state = 1
Significant inputs: 3 4 7
Moves: 0 0 1 0 2 0 1 0 2
          state         inputs     next state
              0            000              1
              0            001              2
              0            010              0
              0            011              0
              0            100              3
              0            101              1
              0            110              0
              0            111              7
              1            000              2
              1            001              1
              1            010              7
              1            011              5
              1            100              8
              1            101              5
              1            110              3
              1            111              4
              2            000              3
              2            001              5
              2            010              8
              2            011              6
              2            100              3
              2            101              5
              2            110              0
              2            111              1
              3            000              8
              3            001              8
              3            010              0
              3            011              3
              3            100              1
              3            101              3
              3            110              5
              3            111              4
              4            000              4
              4            001              5
              4            010              3
              4            011              5
              4            100              0
              4            101              3
              4            110              6
              4            111              2
              5            000              5
              5            001              6
              5            010              7
              5            011              5
              5            100              2
              5            101              1
              5            110              1
              5            111              0
              6            000              1
              6            001              0
              6            010              7
              6            011              3
              6            100              5
              6            101              2
              6            110              2
              6            111              4
              7            000              1
              7            001              3
              7            010              0
              7            011              5
              7            100              7
              7            101              3
              7            110              3
              7            111              5
              8            000              7
              8            001              5
              8            010              6
              8            011              4
              8            100              0
              8            101              0
              8            110              1
              8            111              1
