Eaten part = 0.224799
Start state = 2
Significant inputs: 1 2 5
Moves: 0 0 1 0 0 1 0 0 0
          state         inputs     next state
              0            000              0
              0            001              4
              0            010              2
              0            011              3
              0            100              0
              0            101              5
              0            110              5
              0            111              5
              1            000              6
              1            001              3
              1            010              2
              1            011              7
              1            100              4
              1            101              7
              1            110              4
              1            111              8
              2            000              8
              2            001              4
              2            010              3
              2            011              6
              2            100              1
              2            101              8
              2            110              7
              2            111              6
              3            000              7
              3            001              2
              3            010              8
              3            011              3
              3            100              2
              3            101              4
              3            110              1
              3            111              3
              4            000              7
              4            001              8
              4            010              5
              4            011              7
              4            100              3
              4            101              0
              4            110              2
              4            111              6
              5            000              8
              5            001              4
              5            010              2
              5            011              1
              5            100              4
              5            101              7
              5            110              0
              5            111              4
              6            000              8
              6            001              8
              6            010              2
              6            011              5
              6            100              0
              6            101              2
              6            110              1
              6            111              4
              7            000              0
              7            001              7
              7            010              7
              7            011              3
              7            100              4
              7            101              8
              7            110              5
              7            111              2
              8            000              3
              8            001              0
              8            010              0
              8            011              1
              8            100              3
              8            101              0
              8            110              1
              8            111              7
