Eaten part = 0.299189
Start state = 1
Significant inputs: 0 2 6
Moves: 0 0 2 0 0 0 1 1 0
          state         inputs     next state
              0            000              1
              0            001              7
              0            010              0
              0            011              3
              0            100              8
              0            101              5
              0            110              2
              0            111              4
              1            000              3
              1            001              1
              1            010              7
              1            011              6
              1            100              2
              1            101              3
              1            110              1
              1            111              7
              2            000              1
              2            001              8
              2            010              4
              2            011              3
              2            100              1
              2            101              1
              2            110              8
              2            111              7
              3            000              3
              3            001              1
              3            010              7
              3            011              6
              3            100              2
              3            101              2
              3            110              7
              3            111              5
              4            000              3
              4            001              1
              4            010              7
              4            011              2
              4            100              3
              4            101              5
              4            110              2
              4            111              6
              5            000              1
              5            001              1
              5            010              2
              5            011              3
              5            100              2
              5            101              4
              5            110              5
              5            111              7
              6            000              3
              6            001              3
              6            010              1
              6            011              0
              6            100              0
              6            101              5
              6            110              3
              6            111              5
              7            000              4
              7            001              3
              7            010              5
              7            011              1
              7            100              1
              7            101              8
              7            110              1
              7            111              2
              8            000              1
              8            001              8
              8            010              6
              8            011              3
              8            100              8
              8            101              3
              8            110              6
              8            111              1
