Eaten part = 0.326250
Start state = 3
Significant inputs: 2 4 6
Moves: 0 0 0 0 2 1 1 0 2
          state         inputs     next state
              0            000              7
              0            001              1
              0            010              4
              0            011              4
              0            100              8
              0            101              7
              0            110              4
              0            111              8
              1            000              3
              1            001              5
              1            010              7
              1            011              3
              1            100              3
              1            101              0
              1            110              8
              1            111              6
              2            000              2
              2            001              5
              2            010              2
              2            011              3
              2            100              8
              2            101              5
              2            110              2
              2            111              6
              3            000              2
              3            001              5
              3            010              3
              3            011              6
              3            100              8
              3            101              5
              3            110              1
              3            111              5
              4            000              3
              4            001              0
              4            010              6
              4            011              5
              4            100              3
              4            101              5
              4            110              6
              4            111              1
              5            000              7
              5            001              0
              5            010              2
              5            011              7
              5            100              3
              5            101              2
              5            110              3
              5            111              6
              6            000              2
              6            001              7
              6            010              6
              6            011              0
              6            100              8
              6            101              6
              6            110              1
              6            111              3
              7            000              3
              7            001              3
              7            010              2
              7            011              6
              7            100              8
              7            101              1
              7            110              2
              7            111              5
              8            000              2
              8            001              1
              8            010              7
              8            011              2
              8            100              1
              8            101              3
              8            110              2
              8            111              0
