Eaten part = 0.296174
Start state = 6
Significant inputs: 2 5 6
Moves: 1 0 0 0 0 0 0 2 0
          state         inputs     next state
              0            000              3
              0            001              6
              0            010              5
              0            011              4
              0            100              4
              0            101              1
              0            110              6
              0            111              6
              1            000              4
              1            001              2
              1            010              1
              1            011              5
              1            100              7
              1            101              7
              1            110              7
              1            111              6
              2            000              6
              2            001              4
              2            010              8
              2            011              2
              2            100              7
              2            101              6
              2            110              4
              2            111              6
              3            000              4
              3            001              0
              3            010              1
              3            011              6
              3            100              7
              3            101              4
              3            110              7
              3            111              7
              4            000              3
              4            001              0
              4            010              4
              4            011              4
              4            100              7
              4            101              4
              4            110              5
              4            111              4
              5            000              6
              5            001              4
              5            010              7
              5            011              8
              5            100              2
              5            101              8
              5            110              6
              5            111              1
              6            000              4
              6            001              1
              6            010              4
              6            011              4
              6            100              7
              6            101              0
              6            110              5
              6            111              1
              7            000              3
              7            001              1
              7            010              3
              7            011              3
              7            100              6
              7            101              3
              7            110              2
              7            111              8
              8            000              2
              8            001              8
              8            010              6
              8            011              5
              8            100              6
              8            101              2
              8            110              4
              8            111              5
