Eaten part = 0.214047
Start state = 7
Significant inputs: 1 4 5
Moves: 0 0 0 0 1 0 2 0 0
          state         inputs     next state
              0            000              5
              0            001              4
              0            010              5
              0            011              5
              0            100              6
              0            101              1
              0            110              8
              0            111              1
              1            000              4
              1            001              8
              1            010              7
              1            011              1
              1            100              5
              1            101              6
              1            110              7
              1            111              0
              2            000              5
              2            001              3
              2            010              0
              2            011              5
              2            100              4
              2            101              8
              2            110              3
              2            111              0
              3            000              0
              3            001              2
              3            010              1
              3            011              8
              3            100              2
              3            101              0
              3            110              8
              3            111              6
              4            000              0
              4            001              3
              4            010              5
              4            011              8
              4            100              3
              4            101              3
              4            110              7
              4            111              1
              5            000              6
              5            001              0
              5            010              5
              5            011              7
              5            100              3
              5            101              5
              5            110              5
              5            111              2
              6            000              1
              6            001              8
              6            010              4
              6            011              1
              6            100              1
              6            101              5
              6            110              3
              6            111              2
              7            000              8
              7            001              7
              7            010              0
              7            011              7
              7            100              5
              7            101              4
              7            110              0
              7            111              4
              8            000              4
              8            001              0
              8            010              8
              8            011              0
              8            100              2
              8            101              3
              8            110              7
              8            111              4
