Eaten part = 0.270722
Start state = 2
Significant inputs: 1 2 4
Moves: 1 0 2 0 0 2 0 0 0
          state         inputs     next state
              0            000              8
              0            001              3
              0            010              5
              0            011              4
              0            100              5
              0            101              3
              0            110              1
              0            111              4
              1            000              8
              1            001              2
              1            010              0
              1            011              5
              1            100              1
              1            101              2
              1            110              4
              1            111              4
              2            000              1
              2            001              1
              2            010              3
              2            011              6
              2            100              3
              2            101              0
              2            110              1
              2            111              8
              3            000              1
              3            001              6
              3            010              0
              3            011              0
              3            100              6
              3            101              0
              3            110              4
              3            111              6
              4            000              2
              4            001              3
              4            010              5
              4            011              4
              4            100              4
              4            101              6
              4            110              7
              4            111              4
              5            000              7
              5            001              8
              5            010              4
              5            011              6
              5            100              1
              5            101              0
              5            110              8
              5            111              5
              6            000              5
              6            001              8
              6            010              8
              6            011              4
              6            100              3
              6            101              2
              6            110              2
              6            111              0
              7            000              1
              7            001              8
              7            010              0
              7            011              4
              7            100              1
              7            101              6
              7            110              5
              7            111              5
              8            000              1
              8            001              7
              8            010              0
              8            011              1
              8            100              1
              8            101              8
              8            110              7
              8            111              7
