Eaten part = 0.229867
Start state = 8
Significant inputs: 1 2 3
Moves: 0 2 0 1 0 0 0 0 0
          state         inputs     next state
              0            000              2
              0            001              5
              0            010              7
              0            011              3
              0            100              8
              0            101              4
              0            110              7
              0            111              0
              1            000              6
              1            001              4
              1            010              6
              1            011              0
              1            100              1
              1            101              0
              1            110              1
              1            111              8
              2            000              4
              2            001              0
              2            010              4
              2            011              3
              2            100              0
              2            101              7
              2            110              0
              2            111              0
              3            000              0
              3            001              5
              3            010              6
              3            011              6
              3            100              1
              3            101              5
              3            110              4
              3            111              0
              4            000              2
              4            001              5
              4            010              3
              4            011              4
              4            100              8
              4            101              8
              4            110              5
              4            111              4
              5            000              5
              5            001              5
              5            010              3
              5            011              2
              5            100              8
              5            101              8
              5            110              3
              5            111              3
              6            000              6
              6            001              4
              6            010              3
              6            011              7
              6            100              8
              6            101              6
              6            110              1
              6            111              1
              7            000              1
              7            001              7
              7            010              5
              7            011              2
              7            100              6
              7            101              1
              7            110              1
              7            111              8
              8            000              6
              8            001              4
              8            010              5
              8            011              0
              8            100              5
              8            101              5
              8            110              3
              8            111              6
