Eaten part = 0.205814
Start state = 7
Significant inputs: 0 3 4
Moves: 1 0 0 1 2 0 0 0 2
          state         inputs     next state
              0            000              5
              0            001              2
              0            010              7
              0            011              5
              0            100              8
              0            101              7
              0            110              6
              0            111              2
              1            000              5
              1            001              7
              1            010              2
              1            011              1
              1            100              5
              1            101              1
              1            110              1
              1            111              4
              2            000              6
              2            001              4
              2            010              4
              2            011              6
              2            100              5
              2            101              1
              2            110              5
              2            111              1
              3            000              2
              3            001              6
              3            010              7
              3            011              5
              3            100              6
              3            101              6
              3            110              3
              3            111              5
              4            000              5
              4            001              5
              4            010              3
              4            011              1
              4            100              5
              4            101              0
              4            110              1
              4            111              5
              5            000              7
              5            001              5
              5            010              3
              5            011              6
              5            100              7
              5            101              5
              5            110              6
              5            111              5
              6            000              1
              6            001              5
              6            010              8
              6            011              0
              6            100              2
              6            101              6
              6            110              7
              6            111              8
              7            000              2
              7            001              0
              7            010              2
              7            011              5
              7            100              2
              7            101              4
              7            110              1
              7            111              1
              8            000              7
              8            001              6
              8            010              5
              8            011              8
              8            100              3
              8            101              1
              8            110              0
              8            111              1
