Eaten part = 0.236120
Start state = 5
Significant inputs: 2 4 5
Moves: 1 0 1 2 2 0 0 0 1
          state         inputs     next state
              0            000              1
              0            001              1
              0            010              6
              0            011              0
              0            100              3
              0            101              4
              0            110              6
              0            111              6
              1            000              1
              1            001              4
              1            010              1
              1            011              7
              1            100              7
              1            101              0
              1            110              5
              1            111              7
              2            000              1
              2            001              1
              2            010              5
              2            011              2
              2            100              7
              2            101              7
              2            110              1
              2            111              7
              3            000              4
              3            001              4
              3            010              4
              3            011              1
              3            100              5
              3            101              7
              3            110              2
              3            111              1
              4            000              3
              4            001              4
              4            010              4
              4            011              8
              4            100              1
              4            101              5
              4            110              6
              4            111              1
              5            000              5
              5            001              8
              5            010              1
              5            011              7
              5            100              5
              5            101              2
              5            110              1
              5            111              1
              6            000              5
              6            001              2
              6            010              6
              6            011              0
              6            100              0
              6            101              8
              6            110              5
              6            111              4
              7            000              5
              7            001              0
              7            010              1
              7            011              7
              7            100              1
              7            101              1
              7            110              0
              7            111              5
              8            000              5
              8            001              7
              8            010              3
              8            011              7
              8            100              1
              8            101              0
              8            110              5
              8            111              3
