Eaten part = 0.242795
Start state = 7
Significant inputs: 0 5 6
Moves: 2 0 0 0 0 2 1 0 0
          state         inputs     next state
              0            000              5
              0            001              2
              0            010              2
              0            011              7
              0            100              0
              0            101              6
              0            110              1
              0            111              3
              1            000              7
              1            001              1
              1            010              7
              1            011              2
              1            100              5
              1            101              0
              1            110              7
              1            111              3
              2            000              2
              2            001              7
              2            010              5
              2            011              5
              2            100              3
              2            101              0
              2            110              5
              2            111              8
              3            000              1
              3            001              7
              3            010              3
              3            011              2
              3            100              0
              3            101              6
              3            110              0
              3            111              5
              4            000              4
              4            001              2
              4            010              2
              4            011              6
              4            100              4
              4            101              0
              4            110              0
              4            111              7
              5            000              8
              5            001              1
              5            010              4
              5            011              2
              5            100              8
              5            101              0
              5            110              7
              5            111              8
              6            000              2
              6            001              7
              6            010              3
              6            011              3
              6            100              2
              6            101              4
              6            110              2
              6            111              6
              7            000              1
              7            001              8
              7            010              8
              7            011              7
              7            100              0
              7            101              0
              7            110              1
              7            111              2
              8            000              1
              8            001              8
              8            010              0
              8            011              3
              8            100              5
              8            101              5
              8            110              0
              8            111              1
