Eaten part = 0.258703
Start state = 2
Significant inputs: 2 3 4
Moves: 0 0 0 2 0 0 0 1 2
          state         inputs     next state
              0            000              7
              0            001              2
              0            010              2
              0            011              4
              0            100              2
              0            101              3
              0            110              5
              0            111              3
              1            000              5
              1            001              4
              1            010              4
              1            011              7
              1            100              1
              1            101              5
              1            110              6
              1            111              5
              2            000              2
              2            001              5
              2            010              4
              2            011              4
              2            100              5
              2            101              8
              2            110              8
              2            111              2
              3            000              5
              3            001              5
              3            010              2
              3            011              5
              3            100              1
              3            101              2
              3            110              8
              3            111              3
              4            000              5
              4            001              7
              4            010              6
              4            011              6
              4            100              5
              4            101              6
              4            110              2
              4            111              2
              5            000              5
              5            001              7
              5            010              4
              5            011              1
              5            100              1
              5            101              6
              5            110              0
              5            111              2
              6            000              8
              6            001              4
              6            010              3
              6            011              1
              6            100              1
              6            101              0
              6            110              4
              6            111              6
              7            000              1
              7            001              6
              7            010              3
              7            011              2
              7            100              1
              7            101              2
              7            110              7
              7            111              5
              8            000              5
              8            001              1
              8            010              7
              8            011              4
              8            100              0
              8            101              8
              8            110              7
              8            111              0
