Eaten part = 0.215806
Start state = 0
Significant inputs: 4 6 7
Moves: 2 0 0 0 2 0 0 0 0
          state         inputs     next state
              0            000              2
              0            001              5
              0            010              2
              0            011              1
              0            100              2
              0            101              8
              0            110              5
              0            111              8
              1            000              1
              1            001              7
              1            010              2
              1            011              2
              1            100              6
              1            101              3
              1            110              3
              1            111              3
              2            000              3
              2            001              7
              2            010              3
              2            011              0
              2            100              7
              2            101              7
              2            110              2
              2            111              2
              3            000              7
              3            001              5
              3            010              0
              3            011              0
              3            100              8
              3            101              0
              3            110              3
              3            111              6
              4            000              2
              4            001              7
              4            010              8
              4            011              8
              4            100              1
              4            101              7
              4            110              2
              4            111              3
              5            000              7
              5            001              8
              5            010              3
              5            011              5
              5            100              6
              5            101              7
              5            110              3
              5            111              8
              6            000              8
              6            001              6
              6            010              7
              6            011              4
              6            100              1
              6            101              5
              6            110              7
              6            111              4
              7            000              3
              7            001              7
              7            010              4
              7            011              3
              7            100              3
              7            101              8
              7            110              4
              7            111              8
              8            000              7
              8            001              6
              8            010              7
              8            011              3
              8            100              2
              8            101              6
              8            110              4
              8            111              5
