Eaten part = 0.231121
Start state = 3
Significant inputs: 0 1 2
Moves: 0 1 0 1 0 0 0 0 2
          state         inputs     next state
              0            000              7
              0            001              0
              0            010              4
              0            011              0
              0            100              5
              0            101              2
              0            110              1
              0            111              2
              1            000              4
              1            001              6
              1            010              6
              1            011              0
              1            100              1
              1            101              4
              1            110              6
              1            111              7
              2            000              3
              2            001              2
              2            010              2
              2            011              0
              2            100              3
              2            101              1
              2            110              5
              2            111              0
              3            000              7
              3            001              7
              3            010              5
              3            011              7
              3            100              1
              3            101              1
              3            110              7
              3            111              5
              4            000              5
              4            001              6
              4            010              8
              4            011              6
              4            100              0
              4            101              2
              4            110              2
              4            111              3
              5            000              5
              5            001              0
              5            010              5
              5            011              6
              5            100              2
              5            101              2
              5            110              0
              5            111              3
              6            000              7
              6            001              4
              6            010              6
              6            011              2
              6            100              1
              6            101              6
              6            110              1
              6            111              7
              7            000              7
              7            001              0
              7            010              2
              7            011              5
              7            100              1
              7            101              1
              7            110              4
              7            111              6
              8            000              0
              8            001              5
              8            010              1
              8            011              1
              8            100              1
              8            101              1
              8            110              1
              8            111              1
