Eaten part = 0.241876
Start state = 5
Significant inputs: 1 2 4
Moves: 0 0 0 0 0 0 1 0 0
          state         inputs     next state
              0            000              5
              0            001              4
              0            010              6
              0            011              7
              0            100              7
              0            101              1
              0            110              0
              0            111              2
              1            000              8
              1            001              8
              1            010              5
              1            011              1
              1            100              2
              1            101              8
              1            110              1
              1            111              3
              2            000              0
              2            001              8
              2            010              2
              2            011              5
              2            100              5
              2            101              2
              2            110              0
              2            111              7
              3            000              6
              3            001              0
              3            010              3
              3            011              2
              3            100              0
              3            101              5
              3            110              5
              3            111              7
              4            000              7
              4            001              8
              4            010              4
              4            011              6
              4            100              8
              4            101              0
              4            110              0
              4            111              6
              5            000              7
              5            001              5
              5            010              6
              5            011              4
              5            100              3
              5            101              5
              5            110              1
              5            111              7
              6            000              2
              6            001              8
              6            010              4
              6            011              4
              6            100              4
              6            101              0
              6            110              7
              6            111              2
              7            000              0
              7            001              5
              7            010              6
              7            011              4
              7            100              7
              7            101              0
              7            110              3
              7            111              1
              8            000              5
              8            001              2
              8            010              2
              8            011              1
              8            100              5
              8            101              7
              8            110              1
              8            111              4
