Eaten part = 0.318393
Start state = 0
Significant inputs: 2 4 6
Moves: 0 0 0 1 0 2 0 1 0
          state         inputs     next state
              0            000              8
              0            001              7
              0            010              6
              0            011              0
              0            100              2
              0            101              0
              0            110              1
              0            111              0
              1            000              2
              1            001              6
              1            010              6
              1            011              4
              1            100              8
              1            101              1
              1            110              5
              1            111              3
              2            000              8
              2            001              4
              2            010              0
              2            011              0
              2            100              4
              2            101              2
              2            110              0
              2            111              5
              3            000              4
              3            001              1
              3            010              2
              3            011              8
              3            100              5
              3            101              4
              3            110              7
              3            111              5
              4            000              8
              4            001              3
              4            010              8
              4            011              0
              4            100              6
              4            101              5
              4            110              1
              4            111              3
              5            000              8
              5            001              8
              5            010              6
              5            011              4
              5            100              6
              5            101              8
              5            110              4
              5            111              4
              6            000              8
              6            001              7
              6            010              2
              6            011              8
              6            100              5
              6            101              7
              6            110              6
              6            111              6
              7            000              6
              7            001              6
              7            010              2
              7            011              2
              7            100              6
              7            101              2
              7            110              8
              7            111              8
              8            000              8
              8            001              7
              8            010              8
              8            011              8
              8            100              5
              8            101              5
              8            110              6
              8            111              8
