Eaten part = 0.228841
Start state = 0
Significant inputs: 3 6 7
Moves: 0 0 0 2 0 0 2 2 1
          state         inputs     next state
              0            000              4
              0            001              1
              0            010              1
              0            011              3
              0            100              0
              0            101              1
              0            110              0
              0            111              7
              1            000              0
              1            001              0
              1            010              5
              1            011              7
              1            100              0
              1            101              8
              1            110              4
              1            111              3
              2            000              4
              2            001              5
              2            010              4
              2            011              5
              2            100              8
              2            101              0
              2            110              7
              2            111              7
              3            000              2
              3            001              3
              3            010              0
              3            011              1
              3            100              5
              3            101              2
              3            110              4
              3            111              7
              4            000              4
              4            001              2
              4            010              7
              4            011              4
              4            100              4
              4            101              4
              4            110              7
              4            111              1
              5            000              2
              5            001              4
              5            010              5
              5            011              6
              5            100              1
              5            101              1
              5            110              3
              5            111              1
              6            000              7
              6            001              3
              6            010              7
              6            011              4
              6            100              0
              6            101              0
              6            110              6
              6            111              2
              7            000              1
              7            001              2
              7            010              0
              7            011              4
              7            100              5
              7            101              4
              7            110              0
              7            111              2
              8            000              2
              8            001              1
              8            010              6
              8            011              1
              8            100              4
              8            101              0
              8            110              3
              8            111              2
