Eaten part = 0.306906
Start state = 0
Significant inputs: 2 5 6
Moves: 0 0 0 2 1 1 2 0 0
          state         inputs     next state
              0            000              1
              0            001              0
              0            010              2
              0            011              6
              0            100              6
              0            101              1
              0            110              7
              0            111              7
              1            000              1
              1            001              4
              1            010              3
              1            011              4
              1            100              3
              1            101              4
              1            110              1
              1            111              4
              2            000              1
              2            001              4
              2            010              4
              2            011              1
              2            100              3
              2            101              3
              2            110              0
              2            111              4
              3            000              2
              3            001              2
              3            010              2
              3            011              8
              3            100              1
              3            101              1
              3            110              1
              3            111              2
              4            000              1
              4            001              2
              4            010              2
              4            011              8
              4            100              0
              4            101              7
              4            110              1
              4            111              2
              5            000              3
              5            001              0
              5            010              1
              5            011              0
              5            100              6
              5            101              0
              5            110              7
              5            111              6
              6            000              4
              6            001              8
              6            010              8
              6            011              7
              6            100              7
              6            101              1
              6            110              8
              6            111              8
              7            000              1
              7            001              0
              7            010              7
              7            011              4
              7            100              3
              7            101              8
              7            110              1
              7            111              5
              8            000              1
              8            001              7
              8            010              6
              8            011              7
              8            100              6
              8            101              7
              8            110              3
              8            111              1
