Eaten part = 0.208394
Start state = 3
Significant inputs: 2 5 7
Moves: 0 0 0 0 0 0 1 2 1
          state         inputs     next state
              0            000              5
              0            001              3
              0            010              1
              0            011              2
              0            100              5
              0            101              2
              0            110              0
              0            111              5
              1            000              5
              1            001              2
              1            010              2
              1            011              4
              1            100              5
              1            101              6
              1            110              0
              1            111              4
              2            000              5
              2            001              7
              2            010              0
              2            011              8
              2            100              4
              2            101              5
              2            110              4
              2            111              0
              3            000              5
              3            001              3
              3            010              8
              3            011              6
              3            100              1
              3            101              8
              3            110              5
              3            111              0
              4            000              5
              4            001              7
              4            010              4
              4            011              5
              4            100              8
              4            101              5
              4            110              6
              4            111              7
              5            000              2
              5            001              8
              5            010              3
              5            011              5
              5            100              5
              5            101              5
              5            110              4
              5            111              1
              6            000              6
              6            001              7
              6            010              2
              6            011              1
              6            100              5
              6            101              1
              6            110              4
              6            111              0
              7            000              7
              7            001              2
              7            010              1
              7            011              0
              7            100              2
              7            101              5
              7            110              3
              7            111              5
              8            000              0
              8            001              1
              8            010              2
              8            011              5
              8            100              3
              8            101              5
              8            110              2
              8            111              7
