Eaten part = 0.248284
Start state = 2
Significant inputs: 5 6 7
Moves: 0 0 0 0 1 1 0 0 2
          state         inputs     next state
              0            000              7
              0            001              7
              0            010              5
              0            011              4
              0            100              8
              0            101              1
              0            110              8
              0            111              0
              1            000              6
              1            001              2
              1            010              7
              1            011              8
              1            100              0
              1            101              8
              1            110              6
              1            111              3
              2            000              2
              2            001              5
              2            010              8
              2            011              8
              2            100              2
              2            101              7
              2            110              2
              2            111              1
              3            000              5
              3            001              1
              3            010              5
              3            011              2
              3            100              7
              3            101              7
              3            110              4
              3            111              3
              4            000              8
              4            001              4
              4            010              8
              4            011              4
              4            100              5
              4            101              2
              4            110              1
              4            111              4
              5            000              1
              5            001              6
              5            010              1
              5            011              7
              5            100              7
              5            101              7
              5            110              4
              5            111              2
              6            000              7
              6            001              0
              6            010              1
              6            011              1
              6            100              1
              6            101              0
              6            110              0
              6            111              8
              7            000              7
              7            001              2
              7            010              8
              7            011              7
              7            100              2
              7            101              0
              7            110              0
              7            111              3
              8            000              2
              8            001              2
              8            010              3
              8            011              3
              8            100              6
              8            101              6
              8            110              5
              8            111              6
