Eaten part = 0.240405
Start state = 2
Significant inputs: 1 2 3
Moves: 2 2 0 0 0 0 0 0 1
          state         inputs     next state
              0            000              5
              0            001              2
              0            010              1
              0            011              8
              0            100              7
              0            101              5
              0            110              3
              0            111              7
              1            000              7
              1            001              7
              1            010              2
              1            011              5
              1            100              5
              1            101              8
              1            110              6
              1            111              1
              2            000              8
              2            001              8
              2            010              7
              2            011              6
              2            100              7
              2            101              1
              2            110              0
              2            111              1
              3            000              5
              3            001              3
              3            010              8
              3            011              1
              3            100              8
              3            101              5
              3            110              8
              3            111              5
              4            000              1
              4            001              6
              4            010              5
              4            011              5
              4            100              7
              4            101              3
              4            110              6
              4            111              8
              5            000              7
              5            001              7
              5            010              5
              5            011              6
              5            100              7
              5            101              6
              5            110              8
              5            111              7
              6            000              3
              6            001              0
              6            010              1
              6            011              6
              6            100              8
              6            101              7
              6            110              1
              6            111              7
              7            000              5
              7            001              4
              7            010              8
              7            011              6
              7            100              7
              7            101              1
              7            110              8
              7            111              2
              8            000              5
              8            001              4
              8            010              7
              8            011              5
              8            100              0
              8            101              7
              8            110              5
              8            111              7
