Eaten part = 0.253876
Start state = 1
Significant inputs: 1 2 4
Moves: 0 2 0 0 1 1 0 0 2
          state         inputs     next state
              0            000              6
              0            001              7
              0            010              8
              0            011              6
              0            100              2
              0            101              0
              0            110              0
              0            111              3
              1            000              2
              1            001              4
              1            010              3
              1            011              7
              1            100              6
              1            101              4
              1            110              8
              1            111              5
              2            000              7
              2            001              8
              2            010              8
              2            011              5
              2            100              7
              2            101              3
              2            110              2
              2            111              2
              3            000              8
              3            001              0
              3            010              3
              3            011              0
              3            100              7
              3            101              4
              3            110              5
              3            111              3
              4            000              6
              4            001              0
              4            010              0
              4            011              7
              4            100              3
              4            101              4
              4            110              2
              4            111              5
              5            000              8
              5            001              2
              5            010              0
              5            011              7
              5            100              4
              5            101              6
              5            110              0
              5            111              1
              6            000              6
              6            001              8
              6            010              5
              6            011              2
              6            100              2
              6            101              7
              6            110              6
              6            111              6
              7            000              6
              7            001              1
              7            010              5
              7            011              4
              7            100              6
              7            101              1
              7            110              5
              7            111              8
              8            000              7
              8            001              0
              8            010              6
              8            011              0
              8            100              4
              8            101              6
              8            110              0
              8            111              7
