Eaten part = 0.302655
Start state = 3
Significant inputs: 2 5 6
Moves: 2 0 0 0 2 0 1 0 0
          state         inputs     next state
              0            000              6
              0            001              0
              0            010              7
              0            011              7
              0            100              5
              0            101              4
              0            110              1
              0            111              8
              1            000              1
              1            001              6
              1            010              3
              1            011              7
              1            100              0
              1            101              0
              1            110              3
              1            111              7
              2            000              7
              2            001              8
              2            010              5
              2            011              3
              2            100              0
              2            101              4
              2            110              3
              2            111              1
              3            000              8
              3            001              1
              3            010              3
              3            011              2
              3            100              7
              3            101              5
              3            110              1
              3            111              5
              4            000              5
              4            001              1
              4            010              7
              4            011              2
              4            100              4
              4            101              1
              4            110              2
              4            111              1
              5            000              2
              5            001              1
              5            010              0
              5            011              3
              5            100              7
              5            101              8
              5            110              2
              5            111              3
              6            000              1
              6            001              2
              6            010              1
              6            011              1
              6            100              5
              6            101              7
              6            110              6
              6            111              7
              7            000              1
              7            001              6
              7            010              2
              7            011              4
              7            100              0
              7            101              3
              7            110              4
              7            111              1
              8            000              1
              8            001              1
              8            010              0
              8            011              4
              8            100              4
              8            101              3
              8            110              1
              8            111              7
