Eaten part = 0.300647
Start state = 1
Significant inputs: 2 5 6
Moves: 0 0 1 0 0 0 0 2 2
          state         inputs     next state
              0            000              3
              0            001              5
              0            010              5
              0            011              5
              0            100              7
              0            101              0
              0            110              0
              0            111              4
              1            000              5
              1            001              4
              1            010              5
              1            011              1
              1            100              8
              1            101              3
              1            110              4
              1            111              1
              2            000              5
              2            001              5
              2            010              4
              2            011              7
              2            100              1
              2            101              5
              2            110              6
              2            111              8
              3            000              6
              3            001              2
              3            010              2
              3            011              3
              3            100              8
              3            101              3
              3            110              5
              3            111              8
              4            000              3
              4            001              5
              4            010              3
              4            011              8
              4            100              1
              4            101              5
              4            110              7
              4            111              0
              5            000              5
              5            001              2
              5            010              5
              5            011              0
              5            100              8
              5            101              2
              5            110              8
              5            111              8
              6            000              5
              6            001              2
              6            010              2
              6            011              3
              6            100              0
              6            101              8
              6            110              2
              6            111              3
              7            000              2
              7            001              2
              7            010              6
              7            011              5
              7            100              8
              7            101              3
              7            110              8
              7            111              8
              8            000              7
              8            001              3
              8            010              4
              8            011              6
              8            100              8
              8            101              1
              8            110              3
              8            111              6
