Eaten part = 0.267662
Start state = 1
Significant inputs: 1 4 6
Moves: 1 2 1 0 0 0 2 2 0
          state         inputs     next state
              0            000              4
              0            001              4
              0            010              1
              0            011              6
              0            100              4
              0            101              8
              0            110              6
              0            111              8
              1            000              3
              1            001              5
              1            010              4
              1            011              1
              1            100              8
              1            101              2
              1            110              7
              1            111              2
              2            000              8
              2            001              1
              2            010              3
              2            011              5
              2            100              0
              2            101              0
              2            110              8
              2            111              8
              3            000              0
              3            001              0
              3            010              8
              3            011              8
              3            100              6
              3            101              7
              3            110              3
              3            111              4
              4            000              8
              4            001              8
              4            010              5
              4            011              5
              4            100              6
              4            101              3
              4            110              1
              4            111              6
              5            000              0
              5            001              2
              5            010              4
              5            011              7
              5            100              8
              5            101              2
              5            110              3
              5            111              8
              6            000              8
              6            001              3
              6            010              3
              6            011              2
              6            100              3
              6            101              3
              6            110              4
              6            111              2
              7            000              8
              7            001              6
              7            010              0
              7            011              6
              7            100              2
              7            101              7
              7            110              5
              7            111              4
              8            000              8
              8            001              8
              8            010              3
              8            011              8
              8            100              6
              8            101              1
              8            110              3
              8            111              4
