Eaten part = 0.180903
Start state = 4
Significant inputs: 1 3 4
Moves: 0 1 1 0 2 0 0 0 2
          state         inputs     next state
              0            000              4
              0            001              2
              0            010              3
              0            011              5
              0            100              8
              0            101              5
              0            110              6
              0            111              3
              1            000              4
              1            001              3
              1            010              2
              1            011              8
              1            100              6
              1            101              7
              1            110              8
              1            111              0
              2            000              5
              2            001              7
              2            010              5
              2            011              1
              2            100              1
              2            101              0
              2            110              2
              2            111              3
              3            000              7
              3            001              0
              3            010              2
              3            011              2
              3            100              7
              3            101              3
              3            110              0
              3            111              3
              4            000              3
              4            001              7
              4            010              5
              4            011              8
              4            100              3
              4            101              2
              4            110              0
              4            111              1
              5            000              4
              5            001              7
              5            010              7
              5            011              0
              5            100              7
              5            101              5
              5            110              4
              5            111              7
              6            000              8
              6            001              2
              6            010              3
              6            011              0
              6            100              5
              6            101              8
              6            110              0
              6            111              7
              7            000              3
              7            001              3
              7            010              4
              7            011              7
              7            100              7
              7            101              7
              7            110              0
              7            111              2
              8            000              5
              8            001              6
              8            010              3
              8            011              0
              8            100              7
              8            101              8
              8            110              6
              8            111              3
