Eaten part = 0.190226
Start state = 3
Significant inputs: 0 3 4
Moves: 0 0 0 1 0 1 0 2 1
          state         inputs     next state
              0            000              7
              0            001              3
              0            010              8
              0            011              2
              0            100              1
              0            101              4
              0            110              4
              0            111              2
              1            000              6
              1            001              1
              1            010              6
              1            011              5
              1            100              8
              1            101              4
              1            110              2
              1            111              6
              2            000              2
              2            001              2
              2            010              0
              2            011              8
              2            100              1
              2            101              1
              2            110              4
              2            111              3
              3            000              0
              3            001              4
              3            010              7
              3            011              0
              3            100              8
              3            101              2
              3            110              4
              3            111              2
              4            000              8
              4            001              6
              4            010              7
              4            011              4
              4            100              6
              4            101              8
              4            110              6
              4            111              5
              5            000              1
              5            001              2
              5            010              7
              5            011              0
              5            100              5
              5            101              6
              5            110              3
              5            111              5
              6            000              4
              6            001              3
              6            010              0
              6            011              0
              6            100              0
              6            101              4
              6            110              2
              6            111              6
              7            000              6
              7            001              7
              7            010              7
              7            011              6
              7            100              3
              7            101              0
              7            110              0
              7            111              1
              8            000              2
              8            001              0
              8            010              8
              8            011              4
              8            100              4
              8            101              5
              8            110              6
              8            111              8
