Eaten part = 0.295931
Start state = 2
Significant inputs: 2 4 6
Moves: 2 0 0 2 0 0 1 0 2
          state         inputs     next state
              0            000              5
              0            001              5
              0            010              8
              0            011              8
              0            100              0
              0            101              7
              0            110              1
              0            111              8
              1            000              5
              1            001              4
              1            010              1
              1            011              5
              1            100              2
              1            101              7
              1            110              7
              1            111              8
              2            000              5
              2            001              5
              2            010              7
              2            011              6
              2            100              8
              2            101              0
              2            110              2
              2            111              6
              3            000              1
              3            001              1
              3            010              1
              3            011              5
              3            100              5
              3            101              6
              3            110              5
              3            111              1
              4            000              4
              4            001              6
              4            010              2
              4            011              5
              4            100              3
              4            101              6
              4            110              1
              4            111              7
              5            000              5
              5            001              6
              5            010              7
              5            011              4
              5            100              3
              5            101              8
              5            110              4
              5            111              6
              6            000              2
              6            001              7
              6            010              4
              6            011              4
              6            100              5
              6            101              2
              6            110              4
              6            111              7
              7            000              5
              7            001              3
              7            010              7
              7            011              2
              7            100              4
              7            101              6
              7            110              3
              7            111              2
              8            000              4
              8            001              4
              8            010              8
              8            011              7
              8            100              1
              8            101              1
              8            110              5
              8            111              0
