Eaten part = 0.222623
Start state = 4
Significant inputs: 0 6 7
Moves: 0 2 0 0 0 2 0 0 1
          state         inputs     next state
              0            000              0
              0            001              7
              0            010              0
              0            011              5
              0            100              6
              0            101              2
              0            110              7
              0            111              5
              1            000              7
              1            001              2
              1            010              3
              1            011              6
              1            100              2
              1            101              2
              1            110              6
              1            111              0
              2            000              7
              2            001              7
              2            010              7
              2            011              2
              2            100              3
              2            101              1
              2            110              1
              2            111              2
              3            000              2
              3            001              8
              3            010              5
              3            011              0
              3            100              4
              3            101              3
              3            110              6
              3            111              7
              4            000              6
              4            001              5
              4            010              3
              4            011              1
              4            100              0
              4            101              5
              4            110              1
              4            111              7
              5            000              0
              5            001              6
              5            010              8
              5            011              7
              5            100              7
              5            101              4
              5            110              2
              5            111              7
              6            000              2
              6            001              2
              6            010              5
              6            011              1
              6            100              4
              6            101              5
              6            110              5
              6            111              5
              7            000              4
              7            001              6
              7            010              1
              7            011              5
              7            100              7
              7            101              5
              7            110              0
              7            111              4
              8            000              7
              8            001              2
              8            010              8
              8            011              6
              8            100              1
              8            101              4
              8            110              1
              8            111              1
