Eaten part = 0.255520
Start state = 2
Significant inputs: 2 3 4
Moves: 0 0 0 0 1 0 0 0 1
          state         inputs     next state
              0            000              2
              0            001              8
              0            010              5
              0            011              4
              0            100              0
              0            101              6
              0            110              5
              0            111              0
              1            000              8
              1            001              4
              1            010              5
              1            011              0
              1            100              6
              1            101              0
              1            110              7
              1            111              3
              2            000              2
              2            001              8
              2            010              0
              2            011              6
              2            100              7
              2            101              0
              2            110              1
              2            111              6
              3            000              2
              3            001              0
              3            010              7
              3            011              6
              3            100              2
              3            101              6
              3            110              0
              3            111              3
              4            000              6
              4            001              3
              4            010              5
              4            011              7
              4            100              1
              4            101              0
              4            110              5
              4            111              5
              5            000              2
              5            001              0
              5            010              2
              5            011              2
              5            100              1
              5            101              0
              5            110              7
              5            111              8
              6            000              0
              6            001              1
              6            010              2
              6            011              7
              6            100              6
              6            101              2
              6            110              6
              6            111              5
              7            000              0
              7            001              3
              7            010              0
              7            011              4
              7            100              0
              7            101              1
              7            110              2
              7            111              2
              8            000              0
              8            001              0
              8            010              8
              8            011              0
              8            100              3
              8            101              6
              8            110              7
              8            111              6
