Eaten part = 0.283521
Start state = 1
Significant inputs: 2 3 6
Moves: 0 2 0 0 1 0 0 0 0
          state         inputs     next state
              0            000              5
              0            001              4
              0            010              6
              0            011              4
              0            100              5
              0            101              2
              0            110              1
              0            111              0
              1            000              7
              1            001              5
              1            010              6
              1            011              0
              1            100              2
              1            101              3
              1            110              3
              1            111              5
              2            000              7
              2            001              4
              2            010              3
              2            011              0
              2            100              1
              2            101              0
              2            110              5
              2            111              8
              3            000              6
              3            001              7
              3            010              5
              3            011              0
              3            100              1
              3            101              7
              3            110              5
              3            111              7
              4            000              5
              4            001              6
              4            010              7
              4            011              6
              4            100              0
              4            101              5
              4            110              8
              4            111              6
              5            000              7
              5            001              4
              5            010              5
              5            011              5
              5            100              1
              5            101              8
              5            110              1
              5            111              4
              6            000              2
              6            001              0
              6            010              5
              6            011              3
              6            100              0
              6            101              5
              6            110              1
              6            111              2
              7            000              2
              7            001              4
              7            010              2
              7            011              8
              7            100              1
              7            101              4
              7            110              7
              7            111              2
              8            000              6
              8            001              3
              8            010              6
              8            011              1
              8            100              1
              8            101              6
              8            110              5
              8            111              4
