Eaten part = 0.309052
Start state = 1
Significant inputs: 2 5 6
Moves: 0 0 1 2 0 0 1 0 2
          state         inputs     next state
              0            000              1
              0            001              1
              0            010              1
              0            011              3
              0            100              5
              0            101              1
              0            110              7
              0            111              2
              1            000              7
              1            001              2
              1            010              8
              1            011              7
              1            100              8
              1            101              7
              1            110              4
              1            111              2
              2            000              7
              2            001              1
              2            010              1
              2            011              0
              2            100              0
              2            101              1
              2            110              4
              2            111              4
              3            000              4
              3            001              6
              3            010              1
              3            011              5
              3            100              8
              3            101              8
              3            110              1
              3            111              1
              4            000              1
              4            001              7
              4            010              1
              4            011              1
              4            100              8
              4            101              0
              4            110              2
              4            111              4
              5            000              7
              5            001              7
              5            010              0
              5            011              0
              5            100              8
              5            101              3
              5            110              6
              5            111              5
              6            000              5
              6            001              3
              6            010              8
              6            011              3
              6            100              1
              6            101              5
              6            110              6
              6            111              3
              7            000              1
              7            001              2
              7            010              4
              7            011              4
              7            100              3
              7            101              3
              7            110              3
              7            111              8
              8            000              1
              8            001              6
              8            010              7
              8            011              7
              8            100              2
              8            101              7
              8            110              1
              8            111              7
