Eaten part = 0.220058
Start state = 1
Significant inputs: 0 2 7
Moves: 1 2 0 1 0 0 0 0 0
          state         inputs     next state
              0            000              2
              0            001              6
              0            010              8
              0            011              0
              0            100              4
              0            101              6
              0            110              2
              0            111              5
              1            000              5
              1            001              8
              1            010              6
              1            011              6
              1            100              7
              1            101              8
              1            110              2
              1            111              6
              2            000              2
              2            001              4
              2            010              3
              2            011              4
              2            100              2
              2            101              6
              2            110              3
              2            111              7
              3            000              6
              3            001              8
              3            010              8
              3            011              6
              3            100              2
              3            101              6
              3            110              5
              3            111              4
              4            000              8
              4            001              0
              4            010              6
              4            011              7
              4            100              4
              4            101              3
              4            110              4
              4            111              0
              5            000              6
              5            001              7
              5            010              2
              5            011              5
              5            100              2
              5            101              7
              5            110              2
              5            111              7
              6            000              2
              6            001              3
              6            010              4
              6            011              1
              6            100              2
              6            101              1
              6            110              1
              6            111              4
              7            000              8
              7            001              5
              7            010              0
              7            011              7
              7            100              8
              7            101              3
              7            110              6
              7            111              2
              8            000              7
              8            001              8
              8            010              3
              8            011              1
              8            100              7
              8            101              1
              8            110              1
              8            111              6
