Eaten part = 0.188690
Start state = 3
Significant inputs: 0 3 4
Moves: 1 2 0 0 2 0 0 0 1
          state         inputs     next state
              0            000              3
              0            001              2
              0            010              3
              0            011              5
              0            100              7
              0            101              2
              0            110              3
              0            111              3
              1            000              7
              1            001              5
              1            010              5
              1            011              6
              1            100              0
              1            101              2
              1            110              7
              1            111              2
              2            000              1
              2            001              6
              2            010              5
              2            011              7
              2            100              2
              2            101              7
              2            110              5
              2            111              2
              3            000              7
              3            001              3
              3            010              7
              3            011              0
              3            100              7
              3            101              7
              3            110              2
              3            111              2
              4            000              6
              4            001              5
              4            010              7
              4            011              8
              4            100              5
              4            101              4
              4            110              7
              4            111              7
              5            000              7
              5            001              1
              5            010              5
              5            011              5
              5            100              2
              5            101              6
              5            110              3
              5            111              6
              6            000              7
              6            001              4
              6            010              4
              6            011              8
              6            100              2
              6            101              3
              6            110              5
              6            111              7
              7            000              5
              7            001              2
              7            010              7
              7            011              1
              7            100              5
              7            101              5
              7            110              1
              7            111              3
              8            000              7
              8            001              3
              8            010              8
              8            011              4
              8            100              7
              8            101              3
              8            110              7
              8            111              7
