Eaten part = 0.258734
Start state = 4
Significant inputs: 2 3 4
Moves: 0 1 0 2 0 2 0 0 0
          state         inputs     next state
              0            000              3
              0            001              2
              0            010              8
              0            011              4
              0            100              2
              0            101              7
              0            110              2
              0            111              8
              1            000              2
              1            001              7
              1            010              7
              1            011              0
              1            100              0
              1            101              4
              1            110              2
              1            111              5
              2            000              2
              2            001              1
              2            010              6
              2            011              6
              2            100              7
              2            101              0
              2            110              0
              2            111              7
              3            000              8
              3            001              2
              3            010              1
              3            011              7
              3            100              2
              3            101              4
              3            110              6
              3            111              3
              4            000              2
              4            001              0
              4            010              6
              4            011              0
              4            100              2
              4            101              7
              4            110              2
              4            111              1
              5            000              1
              5            001              2
              5            010              0
              5            011              6
              5            100              1
              5            101              1
              5            110              4
              5            111              5
              6            000              3
              6            001              1
              6            010              3
              6            011              6
              6            100              0
              6            101              2
              6            110              7
              6            111              4
              7            000              2
              7            001              1
              7            010              2
              7            011              1
              7            100              8
              7            101              7
              7            110              4
              7            111              3
              8            000              2
              8            001              1
              8            010              0
              8            011              6
              8            100              7
              8            101              6
              8            110              8
              8            111              5
