Eaten part = 0.250743
Start state = 6
Significant inputs: 1 2 3
Moves: 0 2 0 1 2 1 0 1 0
          state         inputs     next state
              0            000              8
              0            001              6
              0            010              5
              0            011              7
              0            100              1
              0            101              8
              0            110              0
              0            111              5
              1            000              6
              1            001              3
              1            010              8
              1            011              2
              1            100              0
              1            101              2
              1            110              5
              1            111              6
              2            000              6
              2            001              8
              2            010              5
              2            011              1
              2            100              1
              2            101              5
              2            110              7
              2            111              5
              3            000              6
              3            001              3
              3            010              0
              3            011              5
              3            100              1
              3            101              3
              3            110              0
              3            111              5
              4            000              1
              4            001              4
              4            010              2
              4            011              1
              4            100              2
              4            101              1
              4            110              8
              4            111              8
              5            000              3
              5            001              2
              5            010              8
              5            011              2
              5            100              4
              5            101              6
              5            110              1
              5            111              5
              6            000              2
              6            001              8
              6            010              7
              6            011              0
              6            100              2
              6            101              3
              6            110              8
              6            111              2
              7            000              5
              7            001              8
              7            010              0
              7            011              0
              7            100              3
              7            101              6
              7            110              5
              7            111              4
              8            000              2
              8            001              0
              8            010              0
              8            011              7
              8            100              8
              8            101              1
              8            110              5
              8            111              7
