Eaten part = 0.310604
Start state = 0
Significant inputs: 2 4 6
Moves: 0 0 0 0 2 1 0 0 0
          state         inputs     next state
              0            000              6
              0            001              5
              0            010              0
              0            011              7
              0            100              4
              0            101              5
              0            110              3
              0            111              8
              1            000              0
              1            001              6
              1            010              8
              1            011              3
              1            100              4
              1            101              8
              1            110              0
              1            111              7
              2            000              4
              2            001              6
              2            010              1
              2            011              2
              2            100              4
              2            101              7
              2            110              3
              2            111              7
              3            000              6
              3            001              1
              3            010              7
              3            011              5
              3            100              4
              3            101              1
              3            110              8
              3            111              7
              4            000              6
              4            001              1
              4            010              7
              4            011              2
              4            100              6
              4            101              6
              4            110              0
              4            111              6
              5            000              6
              5            001              0
              5            010              8
              5            011              1
              5            100              8
              5            101              1
              5            110              6
              5            111              6
              6            000              6
              6            001              5
              6            010              6
              6            011              6
              6            100              4
              6            101              1
              6            110              1
              6            111              6
              7            000              0
              7            001              1
              7            010              0
              7            011              2
              7            100              1
              7            101              4
              7            110              2
              7            111              8
              8            000              1
              8            001              0
              8            010              2
              8            011              8
              8            100              1
              8            101              2
              8            110              0
              8            111              1
