Eaten part = 0.196600
Start state = 3
Significant inputs: 3 4 7
Moves: 0 0 0 0 0 0 2 0 1
          state         inputs     next state
              0            000              4
              0            001              8
              0            010              1
              0            011              2
              0            100              1
              0            101              6
              0            110              8
              0            111              0
              1            000              1
              1            001              1
              1            010              0
              1            011              2
              1            100              7
              1            101              1
              1            110              7
              1            111              4
              2            000              4
              2            001              3
              2            010              1
              2            011              0
              2            100              2
              2            101              7
              2            110              1
              2            111              5
              3            000              1
              3            001              2
              3            010              3
              3            011              4
              3            100              4
              3            101              1
              3            110              7
              3            111              0
              4            000              8
              4            001              6
              4            010              1
              4            011              3
              4            100              3
              4            101              6
              4            110              0
              4            111              6
              5            000              0
              5            001              5
              5            010              4
              5            011              3
              5            100              7
              5            101              6
              5            110              5
              5            111              8
              6            000              2
              6            001              6
              6            010              2
              6            011              0
              6            100              4
              6            101              4
              6            110              1
              6            111              1
              7            000              7
              7            001              5
              7            010              3
              7            011              0
              7            100              2
              7            101              4
              7            110              7
              7            111              2
              8            000              3
              8            001              6
              8            010              6
              8            011              6
              8            100              1
              8            101              0
              8            110              4
              8            111              2
