Eaten part = 0.180279
Start state = 2
Significant inputs: 1 4 5
Moves: 0 0 1 0 0 0 2 0 2
          state         inputs     next state
              0            000              5
              0            001              3
              0            010              6
              0            011              4
              0            100              2
              0            101              6
              0            110              6
              0            111              3
              1            000              4
              1            001              1
              1            010              4
              1            011              1
              1            100              4
              1            101              2
              1            110              3
              1            111              5
              2            000              8
              2            001              5
              2            010              8
              2            011              7
              2            100              5
              2            101              5
              2            110              6
              2            111              2
              3            000              4
              3            001              2
              3            010              1
              3            011              4
              3            100              8
              3            101              3
              3            110              4
              3            111              4
              4            000              2
              4            001              8
              4            010              1
              4            011              4
              4            100              3
              4            101              2
              4            110              0
              4            111              7
              5            000              5
              5            001              5
              5            010              1
              5            011              2
              5            100              4
              5            101              1
              5            110              5
              5            111              1
              6            000              5
              6            001              5
              6            010              8
              6            011              3
              6            100              3
              6            101              3
              6            110              0
              6            111              5
              7            000              1
              7            001              5
              7            010              2
              7            011              3
              7            100              3
              7            101              3
              7            110              6
              7            111              5
              8            000              3
              8            001              1
              8            010              5
              8            011              8
              8            100              1
              8            101              7
              8            110              4
              8            111              4
