Eaten part = 0.241438
Start state = 0
Significant inputs: 2 4 5
Moves: 0 1 0 0 0 0 0 0 2
          state         inputs     next state
              0            000              0
              0            001              1
              0            010              7
              0            011              4
              0            100              0
              0            101              7
              0            110              7
              0            111              0
              1            000              3
              1            001              2
              1            010              8
              1            011              5
              1            100              4
              1            101              1
              1            110              7
              1            111              0
              2            000              8
              2            001              5
              2            010              0
              2            011              8
              2            100              5
              2            101              8
              2            110              0
              2            111              8
              3            000              6
              3            001              0
              3            010              6
              3            011              3
              3            100              7
              3            101              5
              3            110              4
              3            111              8
              4            000              5
              4            001              8
              4            010              3
              4            011              1
              4            100              8
              4            101              3
              4            110              2
              4            111              5
              5            000              0
              5            001              5
              5            010              5
              5            011              3
              5            100              6
              5            101              4
              5            110              8
              5            111              5
              6            000              8
              6            001              1
              6            010              5
              6            011              2
              6            100              4
              6            101              7
              6            110              5
              6            111              3
              7            000              0
              7            001              5
              7            010              0
              7            011              5
              7            100              3
              7            101              6
              7            110              7
              7            111              6
              8            000              7
              8            001              0
              8            010              7
              8            011              2
              8            100              7
              8            101              8
              8            110              7
              8            111              2
