Eaten part = 0.308974
Start state = 1
Significant inputs: 2 5 6
Moves: 2 0 1 0 2 0 0 0 1
          state         inputs     next state
              0            000              6
              0            001              3
              0            010              6
              0            011              5
              0            100              2
              0            101              1
              0            110              1
              0            111              1
              1            000              1
              1            001              2
              1            010              7
              1            011              7
              1            100              5
              1            101              0
              1            110              1
              1            111              5
              2            000              5
              2            001              7
              2            010              0
              2            011              3
              2            100              3
              2            101              3
              2            110              1
              2            111              2
              3            000              3
              3            001              2
              3            010              5
              3            011              3
              3            100              4
              3            101              8
              3            110              6
              3            111              3
              4            000              2
              4            001              6
              4            010              3
              4            011              7
              4            100              8
              4            101              3
              4            110              3
              4            111              5
              5            000              3
              5            001              2
              5            010              7
              5            011              6
              5            100              4
              5            101              1
              5            110              4
              5            111              3
              6            000              5
              6            001              0
              6            010              1
              6            011              0
              6            100              4
              6            101              0
              6            110              0
              6            111              6
              7            000              3
              7            001              8
              7            010              6
              7            011              0
              7            100              4
              7            101              6
              7            110              4
              7            111              4
              8            000              7
              8            001              6
              8            010              3
              8            011              6
              8            100              7
              8            101              3
              8            110              7
              8            111              7
