Eaten part = 0.246250
Start state = 4
Significant inputs: 2 4 7
Moves: 0 0 0 0 1 0 2 0 0
          state         inputs     next state
              0            000              7
              0            001              8
              0            010              2
              0            011              0
              0            100              3
              0            101              2
              0            110              3
              0            111              8
              1            000              1
              1            001              4
              1            010              7
              1            011              8
              1            100              1
              1            101              5
              1            110              3
              1            111              5
              2            000              1
              2            001              5
              2            010              3
              2            011              6
              2            100              1
              2            101              7
              2            110              8
              2            111              2
              3            000              0
              3            001              8
              3            010              8
              3            011              1
              3            100              1
              3            101              1
              3            110              8
              3            111              6
              4            000              1
              4            001              5
              4            010              2
              4            011              3
              4            100              7
              4            101              3
              4            110              6
              4            111              2
              5            000              6
              5            001              4
              5            010              3
              5            011              0
              5            100              7
              5            101              1
              5            110              1
              5            111              6
              6            000              8
              6            001              3
              6            010              8
              6            011              8
              6            100              3
              6            101              5
              6            110              3
              6            111              5
              7            000              5
              7            001              4
              7            010              5
              7            011              7
              7            100              1
              7            101              4
              7            110              4
              7            111              8
              8            000              1
              8            001              3
              8            010              3
              8            011              2
              8            100              7
              8            101              4
              8            110              6
              8            111              0
