Eaten part = 0.249896
Start state = 6
Significant inputs: 0 4 6
Moves: 0 1 2 0 0 0 0 0 0
          state         inputs     next state
              0            000              5
              0            001              3
              0            010              3
              0            011              5
              0            100              2
              0            101              5
              0            110              5
              0            111              6
              1            000              8
              1            001              7
              1            010              2
              1            011              3
              1            100              5
              1            101              3
              1            110              7
              1            111              6
              2            000              0
              2            001              0
              2            010              1
              2            011              3
              2            100              0
              2            101              5
              2            110              8
              2            111              5
              3            000              1
              3            001              2
              3            010              0
              3            011              8
              3            100              6
              3            101              3
              3            110              4
              3            111              7
              4            000              0
              4            001              3
              4            010              0
              4            011              0
              4            100              2
              4            101              3
              4            110              2
              4            111              5
              5            000              5
              5            001              0
              5            010              5
              5            011              5
              5            100              2
              5            101              6
              5            110              5
              5            111              8
              6            000              7
              6            001              3
              6            010              0
              6            011              1
              6            100              0
              6            101              2
              6            110              0
              6            111              6
              7            000              1
              7            001              4
              7            010              8
              7            011              4
              7            100              5
              7            101              0
              7            110              1
              7            111              7
              8            000              0
              8            001              8
              8            010              4
              8            011              1
              8            100              5
              8            101              4
              8            110              6
              8            111              4
