Eaten part = 0.232904
Start state = 6
Significant inputs: 2 3 7
Moves: 0 0 2 0 0 1 0 0 1
          state         inputs     next state
              0            000              3
              0            001              8
              0            010              3
              0            011              6
              0            100              3
              0            101              7
              0            110              1
              0            111              0
              1            000              7
              1            001              8
              1            010              3
              1            011              7
              1            100              0
              1            101              1
              1            110              6
              1            111              2
              2            000              2
              2            001              2
              2            010              5
              2            011              0
              2            100              1
              2            101              3
              2            110              4
              2            111              1
              3            000              1
              3            001              8
              3            010              7
              3            011              8
              3            100              6
              3            101              2
              3            110              6
              3            111              3
              4            000              0
              4            001              1
              4            010              0
              4            011              5
              4            100              0
              4            101              4
              4            110              0
              4            111              2
              5            000              7
              5            001              6
              5            010              5
              5            011              4
              5            100              6
              5            101              0
              5            110              4
              5            111              5
              6            000              7
              6            001              7
              6            010              6
              6            011              6
              6            100              8
              6            101              5
              6            110              4
              6            111              3
              7            000              3
              7            001              8
              7            010              7
              7            011              8
              7            100              3
              7            101              1
              7            110              7
              7            111              6
              8            000              7
              8            001              3
              8            010              6
              8            011              4
              8            100              6
              8            101              0
              8            110              0
              8            111              6
