Eaten part = 0.240179
Start state = 3
Significant inputs: 2 3 5
Moves: 1 0 0 1 2 1 0 0 0
          state         inputs     next state
              0            000              7
              0            001              2
              0            010              6
              0            011              5
              0            100              0
              0            101              6
              0            110              2
              0            111              1
              1            000              2
              1            001              5
              1            010              4
              1            011              4
              1            100              7
              1            101              5
              1            110              6
              1            111              0
              2            000              2
              2            001              3
              2            010              1
              2            011              8
              2            100              2
              2            101              0
              2            110              6
              2            111              1
              3            000              7
              3            001              1
              3            010              1
              3            011              1
              3            100              2
              3            101              2
              3            110              2
              3            111              4
              4            000              8
              4            001              2
              4            010              7
              4            011              0
              4            100              6
              4            101              4
              4            110              7
              4            111              4
              5            000              7
              5            001              1
              5            010              5
              5            011              7
              5            100              8
              5            101              6
              5            110              4
              5            111              6
              6            000              4
              6            001              1
              6            010              7
              6            011              1
              6            100              2
              6            101              3
              6            110              6
              6            111              5
              7            000              2
              7            001              1
              7            010              7
              7            011              3
              7            100              2
              7            101              6
              7            110              6
              7            111              7
              8            000              2
              8            001              5
              8            010              6
              8            011              7
              8            100              2
              8            101              8
              8            110              5
              8            111              0
