Eaten part = 0.304413
Start state = 5
Significant inputs: 1 2 6
Moves: 1 1 0 0 2 0 0 0 0
          state         inputs     next state
              0            000              5
              0            001              2
              0            010              5
              0            011              6
              0            100              2
              0            101              8
              0            110              4
              0            111              8
              1            000              7
              1            001              5
              1            010              6
              1            011              6
              1            100              7
              1            101              3
              1            110              1
              1            111              2
              2            000              2
              2            001              4
              2            010              1
              2            011              2
              2            100              4
              2            101              5
              2            110              1
              2            111              7
              3            000              5
              3            001              6
              3            010              1
              3            011              0
              3            100              7
              3            101              3
              3            110              5
              3            111              5
              4            000              7
              4            001              3
              4            010              5
              4            011              4
              4            100              3
              4            101              8
              4            110              6
              4            111              7
              5            000              5
              5            001              7
              5            010              1
              5            011              0
              5            100              4
              5            101              1
              5            110              7
              5            111              1
              6            000              7
              6            001              5
              6            010              5
              6            011              0
              6            100              4
              6            101              6
              6            110              4
              6            111              3
              7            000              5
              7            001              2
              7            010              8
              7            011              6
              7            100              3
              7            101              8
              7            110              8
              7            111              6
              8            000              7
              8            001              8
              8            010              7
              8            011              5
              8            100              2
              8            101              7
              8            110              5
              8            111              6
