Eaten part = 0.187079
Start state = 3
Significant inputs: 0 4 7
Moves: 0 0 2 0 1 0 0 0 0
          state         inputs     next state
              0            000              6
              0            001              5
              0            010              7
              0            011              1
              0            100              6
              0            101              0
              0            110              3
              0            111              0
              1            000              7
              1            001              3
              1            010              6
              1            011              4
              1            100              0
              1            101              2
              1            110              6
              1            111              4
              2            000              0
              2            001              6
              2            010              4
              2            011              0
              2            100              8
              2            101              6
              2            110              7
              2            111              4
              3            000              7
              3            001              6
              3            010              3
              3            011              6
              3            100              4
              3            101              4
              3            110              5
              3            111              0
              4            000              0
              4            001              5
              4            010              7
              4            011              7
              4            100              6
              4            101              4
              4            110              8
              4            111              7
              5            000              8
              5            001              8
              5            010              0
              5            011              5
              5            100              4
              5            101              5
              5            110              8
              5            111              5
              6            000              0
              6            001              8
              6            010              3
              6            011              3
              6            100              8
              6            101              4
              6            110              7
              6            111              3
              7            000              3
              7            001              8
              7            010              8
              7            011              0
              7            100              8
              7            101              3
              7            110              0
              7            111              6
              8            000              2
              8            001              5
              8            010              0
              8            011              8
              8            100              4
              8            101              5
              8            110              0
              8            111              3
