Eaten part = 0.199525
Start state = 8
Significant inputs: 0 1 4
Moves: 0 0 1 0 0 0 0 2 0
          state         inputs     next state
              0            000              3
              0            001              4
              0            010              7
              0            011              4
              0            100              1
              0            101              8
              0            110              1
              0            111              6
              1            000              4
              1            001              0
              1            010              2
              1            011              1
              1            100              3
              1            101              4
              1            110              1
              1            111              3
              2            000              5
              2            001              8
              2            010              5
              2            011              0
              2            100              3
              2            101              4
              2            110              5
              2            111              8
              3            000              3
              3            001              7
              3            010              6
              3            011              2
              3            100              0
              3            101              6
              3            110              8
              3            111              8
              4            000              2
              4            001              3
              4            010              8
              4            011              1
              4            100              5
              4            101              6
              4            110              1
              4            111              2
              5            000              7
              5            001              8
              5            010              5
              5            011              2
              5            100              3
              5            101              3
              5            110              1
              5            111              5
              6            000              1
              6            001              0
              6            010              2
              6            011              4
              6            100              8
              6            101              5
              6            110              0
              6            111              5
              7            000              3
              7            001              0
              7            010              4
              7            011              4
              7            100              2
              7            101              2
              7            110              2
              7            111              8
              8            000              3
              8            001              7
              8            010              2
              8            011              3
              8            100              8
              8            101              1
              8            110              8
              8            111              8
