Eaten part = 0.241390
Start state = 1
Significant inputs: 0 2 5
Moves: 0 1 1 0 1 1 0 0 0
          state         inputs     next state
              0            000              3
              0            001              3
              0            010              4
              0            011              4
              0            100              0
              0            101              4
              0            110              4
              0            111              4
              1            000              8
              1            001              0
              1            010              0
              1            011              8
              1            100              3
              1            101              0
              1            110              3
              1            111              6
              2            000              7
              2            001              7
              2            010              3
              2            011              8
              2            100              0
              2            101              8
              2            110              2
              2            111              0
              3            000              8
              3            001              0
              3            010              1
              3            011              4
              3            100              5
              3            101              6
              3            110              8
              3            111              8
              4            000              6
              4            001              8
              4            010              0
              4            011              0
              4            100              5
              4            101              0
              4            110              7
              4            111              0
              5            000              1
              5            001              7
              5            010              2
              5            011              0
              5            100              1
              5            101              1
              5            110              5
              5            111              3
              6            000              8
              6            001              4
              6            010              8
              6            011              4
              6            100              5
              6            101              2
              6            110              2
              6            111              7
              7            000              7
              7            001              7
              7            010              1
              7            011              1
              7            100              5
              7            101              3
              7            110              8
              7            111              5
              8            000              8
              8            001              0
              8            010              2
              8            011              1
              8            100              0
              8            101              6
              8            110              4
              8            111              0
