Eaten part = 0.269454
Start state = 7
Significant inputs: 4 5 6
Moves: 0 1 0 0 0 0 0 0 2
          state         inputs     next state
              0            000              4
              0            001              4
              0            010              7
              0            011              3
              0            100              8
              0            101              5
              0            110              3
              0            111              6
              1            000              0
              1            001              5
              1            010              5
              1            011              6
              1            100              0
              1            101              0
              1            110              3
              1            111              5
              2            000              1
              2            001              0
              2            010              4
              2            011              3
              2            100              8
              2            101              6
              2            110              7
              2            111              2
              3            000              5
              3            001              3
              3            010              4
              3            011              8
              3            100              7
              3            101              1
              3            110              1
              3            111              0
              4            000              0
              4            001              2
              4            010              0
              4            011              7
              4            100              8
              4            101              2
              4            110              8
              4            111              3
              5            000              4
              5            001              3
              5            010              7
              5            011              0
              5            100              7
              5            101              1
              5            110              2
              5            111              4
              6            000              8
              6            001              2
              6            010              3
              6            011              7
              6            100              7
              6            101              0
              6            110              8
              6            111              6
              7            000              0
              7            001              5
              7            010              0
              7            011              2
              7            100              2
              7            101              4
              7            110              0
              7            111              5
              8            000              2
              8            001              3
              8            010              5
              8            011              5
              8            100              7
              8            101              7
              8            110              2
              8            111              2
