Eaten part = 0.297250
Start state = 6
Significant inputs: 2 4 6
Moves: 0 0 0 1 0 2 0 0 0
          state         inputs     next state
              0            000              2
              0            001              4
              0            010              8
              0            011              8
              0            100              5
              0            101              7
              0            110              8
              0            111              1
              1            000              6
              1            001              2
              1            010              1
              1            011              7
              1            100              6
              1            101              3
              1            110              5
              1            111              8
              2            000              7
              2            001              2
              2            010              0
              2            011              7
              2            100              6
              2            101              7
              2            110              8
              2            111              0
              3            000              6
              3            001              1
              3            010              6
              3            011              2
              3            100              1
              3            101              0
              3            110              1
              3            111              4
              4            000              4
              4            001              3
              4            010              4
              4            011              4
              4            100              5
              4            101              1
              4            110              6
              4            111              6
              5            000              4
              5            001              0
              5            010              1
              5            011              2
              5            100              6
              5            101              1
              5            110              6
              5            111              0
              6            000              4
              6            001              3
              6            010              7
              6            011              2
              6            100              5
              6            101              0
              6            110              0
              6            111              2
              7            000              4
              7            001              3
              7            010              7
              7            011              6
              7            100              7
              7            101              7
              7            110              7
              7            111              3
              8            000              2
              8            001              1
              8            010              8
              8            011              8
              8            100              7
              8            101              2
              8            110              1
              8            111              4
