Eaten part = 0.241158
Start state = 8
Significant inputs: 1 5 6
Moves: 1 0 2 0 0 0 0 2 0
          state         inputs     next state
              0            000              3
              0            001              8
              0            010              6
              0            011              7
              0            100              6
              0            101              3
              0            110              0
              0            111              4
              1            000              7
              1            001              5
              1            010              4
              1            011              1
              1            100              7
              1            101              4
              1            110              1
              1            111              8
              2            000              6
              2            001              6
              2            010              6
              2            011              6
              2            100              4
              2            101              1
              2            110              4
              2            111              6
              3            000              6
              3            001              2
              3            010              2
              3            011              2
              3            100              8
              3            101              7
              3            110              0
              3            111              8
              4            000              6
              4            001              0
              4            010              5
              4            011              3
              4            100              6
              4            101              2
              4            110              7
              4            111              2
              5            000              4
              5            001              5
              5            010              6
              5            011              6
              5            100              5
              5            101              4
              5            110              0
              5            111              5
              6            000              6
              6            001              4
              6            010              8
              6            011              8
              6            100              7
              6            101              7
              6            110              4
              6            111              5
              7            000              2
              7            001              6
              7            010              5
              7            011              1
              7            100              5
              7            101              1
              7            110              4
              7            111              8
              8            000              0
              8            001              5
              8            010              8
              8            011              2
              8            100              4
              8            101              7
              8            110              1
              8            111              6
