Eaten part = 0.178184
Start state = 0
Significant inputs: 0 1 5
Moves: 2 1 0 0 0 0 0 1 2
          state         inputs     next state
              0            000              8
              0            001              6
              0            010              3
              0            011              5
              0            100              5
              0            101              1
              0            110              6
              0            111              8
              1            000              6
              1            001              4
              1            010              2
              1            011              6
              1            100              3
              1            101              5
              1            110              3
              1            111              6
              2            000              2
              2            001              2
              2            010              5
              2            011              7
              2            100              2
              2            101              8
              2            110              4
              2            111              2
              3            000              7
              3            001              8
              3            010              5
              3            011              7
              3            100              2
              3            101              5
              3            110              1
              3            111              3
              4            000              2
              4            001              4
              4            010              3
              4            011              4
              4            100              3
              4            101              2
              4            110              3
              4            111              0
              5            000              8
              5            001              5
              5            010              3
              5            011              8
              5            100              5
              5            101              3
              5            110              6
              5            111              5
              6            000              5
              6            001              2
              6            010              2
              6            011              0
              6            100              2
              6            101              6
              6            110              1
              6            111              3
              7            000              5
              7            001              2
              7            010              8
              7            011              4
              7            100              8
              7            101              4
              7            110              5
              7            111              0
              8            000              1
              8            001              4
              8            010              2
              8            011              0
              8            100              2
              8            101              6
              8            110              2
              8            111              4
