Eaten part = 0.303894
Start state = 6
Significant inputs: 1 2 6
Moves: 0 0 0 0 1 2 2 0 2
          state         inputs     next state
              0            000              2
              0            001              2
              0            010              4
              0            011              8
              0            100              3
              0            101              4
              0            110              6
              0            111              4
              1            000              2
              1            001              2
              1            010              1
              1            011              7
              1            100              1
              1            101              4
              1            110              5
              1            111              3
              2            000              2
              2            001              0
              2            010              4
              2            011              4
              2            100              6
              2            101              0
              2            110              6
              2            111              6
              3            000              3
              3            001              2
              3            010              4
              3            011              6
              3            100              2
              3            101              3
              3            110              2
              3            111              7
              4            000              2
              4            001              2
              4            010              3
              4            011              7
              4            100              2
              4            101              0
              4            110              2
              4            111              7
              5            000              3
              5            001              6
              5            010              3
              5            011              3
              5            100              2
              5            101              6
              5            110              2
              5            111              7
              6            000              0
              6            001              2
              6            010              0
              6            011              7
              6            100              2
              6            101              2
              6            110              2
              6            111              2
              7            000              2
              7            001              7
              7            010              3
              7            011              7
              7            100              6
              7            101              8
              7            110              2
              7            111              8
              8            000              7
              8            001              0
              8            010              3
              8            011              6
              8            100              3
              8            101              8
              8            110              8
              8            111              3
