Eaten part = 0.249026
Start state = 4
Significant inputs: 0 4 6
Moves: 2 0 2 0 0 0 0 0 0
          state         inputs     next state
              0            000              7
              0            001              5
              0            010              6
              0            011              6
              0            100              5
              0            101              3
              0            110              3
              0            111              3
              1            000              4
              1            001              3
              1            010              3
              1            011              7
              1            100              8
              1            101              2
              1            110              6
              1            111              8
              2            000              5
              2            001              4
              2            010              6
              2            011              6
              2            100              7
              2            101              8
              2            110              1
              2            111              6
              3            000              7
              3            001              5
              3            010              8
              3            011              7
              3            100              2
              3            101              7
              3            110              1
              3            111              6
              4            000              8
              4            001              2
              4            010              6
              4            011              6
              4            100              2
              4            101              2
              4            110              6
              4            111              6
              5            000              4
              5            001              7
              5            010              5
              5            011              6
              5            100              4
              5            101              1
              5            110              4
              5            111              6
              6            000              4
              6            001              7
              6            010              1
              6            011              4
              6            100              2
              6            101              0
              6            110              5
              6            111              6
              7            000              1
              7            001              8
              7            010              6
              7            011              6
              7            100              7
              7            101              2
              7            110              5
              7            111              4
              8            000              6
              8            001              6
              8            010              3
              8            011              6
              8            100              2
              8            101              0
              8            110              6
              8            111              7
