Eaten part = 0.194477
Start state = 5
Significant inputs: 0 1 2
Moves: 0 1 1 0 0 0 0 0 0
          state         inputs     next state
              0            000              0
              0            001              8
              0            010              1
              0            011              8
              0            100              6
              0            101              2
              0            110              1
              0            111              1
              1            000              4
              1            001              0
              1            010              7
              1            011              5
              1            100              8
              1            101              5
              1            110              6
              1            111              8
              2            000              8
              2            001              2
              2            010              0
              2            011              5
              2            100              0
              2            101              1
              2            110              7
              2            111              2
              3            000              1
              3            001              3
              3            010              8
              3            011              2
              3            100              0
              3            101              0
              3            110              3
              3            111              7
              4            000              8
              4            001              3
              4            010              5
              4            011              6
              4            100              1
              4            101              4
              4            110              6
              4            111              6
              5            000              3
              5            001              2
              5            010              4
              5            011              3
              5            100              1
              5            101              5
              5            110              3
              5            111              5
              6            000              1
              6            001              6
              6            010              7
              6            011              6
              6            100              5
              6            101              3
              6            110              8
              6            111              3
              7            000              1
              7            001              1
              7            010              1
              7            011              7
              7            100              1
              7            101              5
              7            110              7
              7            111              1
              8            000              8
              8            001              8
              8            010              7
              8            011              0
              8            100              0
              8            101              7
              8            110              0
              8            111              6
