Eaten part = 0.301804
Start state = 5
Significant inputs: 1 2 6
Moves: 0 2 0 0 0 1 2 0 2
          state         inputs     next state
              0            000              4
              0            001              0
              0            010              5
              0            011              3
              0            100              6
              0            101              3
              0            110              5
              0            111              6
              1            000              0
              1            001              0
              1            010              0
              1            011              3
              1            100              7
              1            101              5
              1            110              2
              1            111              7
              2            000              6
              2            001              5
              2            010              4
              2            011              4
              2            100              2
              2            101              0
              2            110              4
              2            111              7
              3            000              7
              3            001              6
              3            010              0
              3            011              8
              3            100              6
              3            101              7
              3            110              0
              3            111              5
              4            000              7
              4            001              7
              4            010              5
              4            011              8
              4            100              6
              4            101              1
              4            110              5
              4            111              8
              5            000              4
              5            001              3
              5            010              5
              5            011              4
              5            100              2
              5            101              0
              5            110              6
              5            111              2
              6            000              4
              6            001              4
              6            010              4
              6            011              0
              6            100              7
              6            101              6
              6            110              7
              6            111              5
              7            000              4
              7            001              7
              7            010              5
              7            011              5
              7            100              1
              7            101              5
              7            110              8
              7            111              0
              8            000              1
              8            001              0
              8            010              5
              8            011              2
              8            100              1
              8            101              7
              8            110              6
              8            111              6
