Eaten part = 0.224697
Start state = 3
Significant inputs: 5 6 7
Moves: 0 0 0 0 0 1 0 0 2
          state         inputs     next state
              0            000              1
              0            001              1
              0            010              1
              0            011              3
              0            100              0
              0            101              7
              0            110              8
              0            111              7
              1            000              7
              1            001              0
              1            010              8
              1            011              0
              1            100              0
              1            101              6
              1            110              1
              1            111              1
              2            000              8
              2            001              7
              2            010              3
              2            011              0
              2            100              3
              2            101              0
              2            110              6
              2            111              6
              3            000              7
              3            001              8
              3            010              8
              3            011              4
              3            100              8
              3            101              3
              3            110              5
              3            111              5
              4            000              3
              4            001              8
              4            010              3
              4            011              5
              4            100              0
              4            101              1
              4            110              0
              4            111              5
              5            000              2
              5            001              0
              5            010              2
              5            011              4
              5            100              0
              5            101              0
              5            110              8
              5            111              1
              6            000              6
              6            001              0
              6            010              0
              6            011              2
              6            100              6
              6            101              6
              6            110              7
              6            111              2
              7            000              7
              7            001              2
              7            010              8
              7            011              3
              7            100              7
              7            101              7
              7            110              5
              7            111              1
              8            000              7
              8            001              7
              8            010              0
              8            011              0
              8            100              0
              8            101              1
              8            110              4
              8            111              0
