Eaten part = 0.249264
Start state = 0
Significant inputs: 0 2 3
Moves: 1 0 0 0 1 0 2 0 0
          state         inputs     next state
              0            000              1
              0            001              7
              0            010              1
              0            011              4
              0            100              0
              0            101              3
              0            110              6
              0            111              5
              1            000              1
              1            001              2
              1            010              4
              1            011              4
              1            100              1
              1            101              2
              1            110              4
              1            111              0
              2            000              1
              2            001              3
              2            010              4
              2            011              0
              2            100              6
              2            101              0
              2            110              0
              2            111              3
              3            000              1
              3            001              7
              3            010              3
              3            011              0
              3            100              6
              3            101              7
              3            110              1
              3            111              7
              4            000              5
              4            001              7
              4            010              2
              4            011              5
              4            100              7
              4            101              2
              4            110              3
              4            111              6
              5            000              3
              5            001              5
              5            010              7
              5            011              3
              5            100              3
              5            101              2
              5            110              5
              5            111              3
              6            000              5
              6            001              7
              6            010              3
              6            011              2
              6            100              1
              6            101              8
              6            110              1
              6            111              1
              7            000              3
              7            001              4
              7            010              4
              7            011              7
              7            100              1
              7            101              8
              7            110              2
              7            111              5
              8            000              6
              8            001              3
              8            010              1
              8            011              2
              8            100              4
              8            101              2
              8            110              2
              8            111              0
