Eaten part = 0.270701
Start state = 8
Significant inputs: 1 2 4
Moves: 2 0 0 1 0 1 1 0 0
          state         inputs     next state
              0            000              1
              0            001              5
              0            010              7
              0            011              7
              0            100              1
              0            101              4
              0            110              5
              0            111              8
              1            000              1
              1            001              7
              1            010              5
              1            011              8
              1            100              4
              1            101              2
              1            110              8
              1            111              3
              2            000              4
              2            001              2
              2            010              3
              2            011              1
              2            100              1
              2            101              1
              2            110              6
              2            111              4
              3            000              5
              3            001              1
              3            010              7
              3            011              4
              3            100              6
              3            101              7
              3            110              2
              3            111              4
              4            000              0
              4            001              4
              4            010              3
              4            011              3
              4            100              4
              4            101              1
              4            110              7
              4            111              5
              5            000              8
              5            001              7
              5            010              2
              5            011              7
              5            100              4
              5            101              4
              5            110              7
              5            111              7
              6            000              1
              6            001              1
              6            010              7
              6            011              1
              6            100              5
              6            101              3
              6            110              4
              6            111              2
              7            000              7
              7            001              7
              7            010              3
              7            011              7
              7            100              7
              7            101              4
              7            110              1
              7            111              1
              8            000              7
              8            001              2
              8            010              3
              8            011              1
              8            100              7
              8            101              8
              8            110              7
              8            111              4
