Eaten part = 0.294530
Start state = 5
Significant inputs: 2 6 7
Moves: 2 0 0 2 1 0 0 0 0
          state         inputs     next state
              0            000              5
              0            001              0
              0            010              4
              0            011              1
              0            100              3
              0            101              8
              0            110              0
              0            111              2
              1            000              5
              1            001              1
              1            010              2
              1            011              0
              1            100              1
              1            101              5
              1            110              0
              1            111              0
              2            000              5
              2            001              4
              2            010              2
              2            011              7
              2            100              5
              2            101              1
              2            110              0
              2            111              3
              3            000              7
              3            001              5
              3            010              2
              3            011              5
              3            100              5
              3            101              1
              3            110              6
              3            111              1
              4            000              5
              4            001              5
              4            010              1
              4            011              2
              4            100              2
              4            101              8
              4            110              8
              4            111              1
              5            000              5
              5            001              4
              5            010              3
              5            011              4
              5            100              2
              5            101              2
              5            110              3
              5            111              1
              6            000              2
              6            001              2
              6            010              3
              6            011              5
              6            100              5
              6            101              0
              6            110              6
              6            111              0
              7            000              5
              7            001              6
              7            010              5
              7            011              2
              7            100              6
              7            101              1
              7            110              3
              7            111              2
              8            000              5
              8            001              3
              8            010              1
              8            011              5
              8            100              7
              8            101              2
              8            110              5
              8            111              0
