Eaten part = 0.257006
Start state = 6
Significant inputs: 0 4 6
Moves: 0 0 0 0 1 0 0 2 0
          state         inputs     next state
              0            000              0
              0            001              8
              0            010              5
              0            011              0
              0            100              7
              0            101              7
              0            110              5
              0            111              3
              1            000              5
              1            001              1
              1            010              5
              1            011              1
              1            100              7
              1            101              1
              1            110              6
              1            111              8
              2            000              8
              2            001              1
              2            010              8
              2            011              1
              2            100              7
              2            101              7
              2            110              0
              2            111              1
              3            000              4
              3            001              2
              3            010              6
              3            011              4
              3            100              7
              3            101              3
              3            110              5
              3            111              6
              4            000              5
              4            001              3
              4            010              8
              4            011              2
              4            100              5
              4            101              0
              4            110              6
              4            111              1
              5            000              1
              5            001              6
              5            010              3
              5            011              6
              5            100              7
              5            101              7
              5            110              2
              5            111              7
              6            000              2
              6            001              5
              6            010              0
              6            011              8
              6            100              3
              6            101              7
              6            110              2
              6            111              7
              7            000              2
              7            001              8
              7            010              3
              7            011              8
              7            100              3
              7            101              6
              7            110              2
              7            111              8
              8            000              8
              8            001              3
              8            010              1
              8            011              8
              8            100              7
              8            101              7
              8            110              5
              8            111              6
