Eaten part = 0.244007
Start state = 2
Significant inputs: 1 4 6
Moves: 0 0 2 0 0 0 2 1 0
          state         inputs     next state
              0            000              3
              0            001              1
              0            010              3
              0            011              5
              0            100              7
              0            101              4
              0            110              3
              0            111              3
              1            000              3
              1            001              1
              1            010              8
              1            011              5
              1            100              6
              1            101              1
              1            110              1
              1            111              8
              2            000              8
              2            001              5
              2            010              1
              2            011              4
              2            100              5
              2            101              4
              2            110              4
              2            111              5
              3            000              1
              3            001              5
              3            010              5
              3            011              1
              3            100              6
              3            101              6
              3            110              0
              3            111              5
              4            000              7
              4            001              5
              4            010              7
              4            011              0
              4            100              6
              4            101              3
              4            110              1
              4            111              3
              5            000              1
              5            001              4
              5            010              8
              5            011              1
              5            100              2
              5            101              2
              5            110              3
              5            111              0
              6            000              0
              6            001              0
              6            010              5
              6            011              8
              6            100              5
              6            101              5
              6            110              0
              6            111              0
              7            000              5
              7            001              3
              7            010              2
              7            011              6
              7            100              2
              7            101              0
              7            110              2
              7            111              7
              8            000              8
              8            001              4
              8            010              3
              8            011              8
              8            100              6
              8            101              6
              8            110              4
              8            111              5
