Eaten part = 0.195720
Start state = 3
Significant inputs: 0 3 4
Moves: 2 0 0 0 0 0 0 0 1
          state         inputs     next state
              0            000              3
              0            001              7
              0            010              6
              0            011              3
              0            100              8
              0            101              8
              0            110              3
              0            111              7
              1            000              2
              1            001              4
              1            010              1
              1            011              4
              1            100              6
              1            101              2
              1            110              5
              1            111              3
              2            000              3
              2            001              0
              2            010              2
              2            011              8
              2            100              1
              2            101              3
              2            110              4
              2            111              6
              3            000              2
              3            001              8
              3            010              3
              3            011              4
              3            100              4
              3            101              5
              3            110              6
              3            111              5
              4            000              6
              4            001              8
              4            010              8
              4            011              7
              4            100              6
              4            101              5
              4            110              4
              4            111              6
              5            000              0
              5            001              0
              5            010              7
              5            011              7
              5            100              5
              5            101              8
              5            110              1
              5            111              8
              6            000              0
              6            001              0
              6            010              6
              6            011              7
              6            100              2
              6            101              1
              6            110              1
              6            111              3
              7            000              0
              7            001              0
              7            010              0
              7            011              0
              7            100              2
              7            101              5
              7            110              6
              7            111              4
              8            000              4
              8            001              2
              8            010              6
              8            011              3
              8            100              6
              8            101              7
              8            110              8
              8            111              3
