Eaten part = 0.303334
Start state = 0
Significant inputs: 0 2 6
Moves: 0 0 2 0 2 0 1 0 1
          state         inputs     next state
              0            000              1
              0            001              1
              0            010              8
              0            011              8
              0            100              2
              0            101              2
              0            110              1
              0            111              6
              1            000              0
              1            001              1
              1            010              6
              1            011              6
              1            100              2
              1            101              3
              1            110              1
              1            111              3
              2            000              0
              2            001              3
              2            010              0
              2            011              0
              2            100              1
              2            101              3
              2            110              1
              2            111              0
              3            000              0
              3            001              7
              3            010              6
              3            011              3
              3            100              3
              3            101              8
              3            110              1
              3            111              1
              4            000              5
              4            001              1
              4            010              8
              4            011              5
              4            100              6
              4            101              5
              4            110              4
              4            111              5
              5            000              0
              5            001              5
              5            010              5
              5            011              3
              5            100              7
              5            101              3
              5            110              0
              5            111              5
              6            000              0
              6            001              0
              6            010              0
              6            011              1
              6            100              1
              6            101              5
              6            110              7
              6            111              0
              7            000              3
              7            001              5
              7            010              3
              7            011              8
              7            100              0
              7            101              4
              7            110              6
              7            111              2
              8            000              5
              8            001              0
              8            010              0
              8            011              5
              8            100              0
              8            101              7
              8            110              0
              8            111              8
