Eaten part = 0.210320
Start state = 8
Significant inputs: 1 4 5
Moves: 0 1 2 0 1 0 0 2 2
          state         inputs     next state
              0            000              0
              0            001              5
              0            010              3
              0            011              2
              0            100              3
              0            101              0
              0            110              1
              0            111              3
              1            000              4
              1            001              3
              1            010              1
              1            011              2
              1            100              7
              1            101              2
              1            110              5
              1            111              6
              2            000              3
              2            001              1
              2            010              4
              2            011              1
              2            100              3
              2            101              6
              2            110              5
              2            111              6
              3            000              3
              3            001              2
              3            010              5
              3            011              3
              3            100              3
              3            101              6
              3            110              6
              3            111              5
              4            000              3
              4            001              5
              4            010              3
              4            011              3
              4            100              5
              4            101              4
              4            110              6
              4            111              6
              5            000              2
              5            001              3
              5            010              3
              5            011              6
              5            100              3
              5            101              7
              5            110              0
              5            111              2
              6            000              5
              6            001              2
              6            010              6
              6            011              0
              6            100              3
              6            101              0
              6            110              0
              6            111              1
              7            000              3
              7            001              5
              7            010              5
              7            011              1
              7            100              5
              7            101              1
              7            110              1
              7            111              4
              8            000              3
              8            001              3
              8            010              4
              8            011              1
              8            100              8
              8            101              6
              8            110              8
              8            111              5
