Eaten part = 0.201656
Start state = 7
Significant inputs: 0 4 5
Moves: 0 1 2 0 0 0 2 0 1
          state         inputs     next state
              0            000              8
              0            001              7
              0            010              0
              0            011              5
              0            100              3
              0            101              3
              0            110              4
              0            111              4
              1            000              2
              1            001              8
              1            010              0
              1            011              3
              1            100              2
              1            101              0
              1            110              5
              1            111              2
              2            000              2
              2            001              6
              2            010              2
              2            011              1
              2            100              7
              2            101              6
              2            110              0
              2            111              2
              3            000              8
              3            001              8
              3            010              0
              3            011              7
              3            100              7
              3            101              4
              3            110              3
              3            111              0
              4            000              0
              4            001              8
              4            010              7
              4            011              2
              4            100              0
              4            101              6
              4            110              1
              4            111              1
              5            000              7
              5            001              6
              5            010              7
              5            011              7
              5            100              8
              5            101              3
              5            110              5
              5            111              6
              6            000              5
              6            001              7
              6            010              1
              6            011              1
              6            100              7
              6            101              0
              6            110              8
              6            111              2
              7            000              7
              7            001              3
              7            010              4
              7            011              4
              7            100              7
              7            101              0
              7            110              5
              7            111              3
              8            000              5
              8            001              5
              8            010              6
              8            011              8
              8            100              2
              8            101              0
              8            110              2
              8            111              7
