Eaten part = 0.253839
Start state = 4
Significant inputs: 5 6 7
Moves: 2 2 2 2 0 1 0 0 1
          state         inputs     next state
              0            000              1
              0            001              1
              0            010              0
              0            011              4
              0            100              6
              0            101              1
              0            110              2
              0            111              2
              1            000              8
              1            001              8
              1            010              0
              1            011              5
              1            100              3
              1            101              5
              1            110              0
              1            111              7
              2            000              6
              2            001              6
              2            010              1
              2            011              7
              2            100              4
              2            101              8
              2            110              6
              2            111              4
              3            000              4
              3            001              7
              3            010              5
              3            011              7
              3            100              6
              3            101              4
              3            110              4
              3            111              4
              4            000              4
              4            001              6
              4            010              3
              4            011              2
              4            100              6
              4            101              2
              4            110              3
              4            111              3
              5            000              4
              5            001              3
              5            010              6
              5            011              5
              5            100              6
              5            101              5
              5            110              4
              5            111              1
              6            000              6
              6            001              3
              6            010              3
              6            011              0
              6            100              5
              6            101              5
              6            110              2
              6            111              6
              7            000              5
              7            001              8
              7            010              3
              7            011              3
              7            100              7
              7            101              3
              7            110              4
              7            111              0
              8            000              3
              8            001              4
              8            010              4
              8            011              7
              8            100              0
              8            101              2
              8            110              0
              8            111              7
