Eaten part = 0.254270
Start state = 4
Significant inputs: 0 2 4
Moves: 2 1 0 0 0 0 0 0 0
          state         inputs     next state
              0            000              4
              0            001              2
              0            010              3
              0            011              3
              0            100              6
              0            101              3
              0            110              4
              0            111              0
              1            000              5
              1            001              7
              1            010              3
              1            011              2
              1            100              2
              1            101              8
              1            110              3
              1            111              5
              2            000              7
              2            001              6
              2            010              1
              2            011              0
              2            100              3
              2            101              7
              2            110              6
              2            111              8
              3            000              0
              3            001              7
              3            010              4
              3            011              4
              3            100              3
              3            101              8
              3            110              1
              3            111              8
              4            000              6
              4            001              2
              4            010              6
              4            011              2
              4            100              7
              4            101              6
              4            110              1
              4            111              7
              5            000              5
              5            001              5
              5            010              1
              5            011              1
              5            100              2
              5            101              5
              5            110              8
              5            111              4
              6            000              7
              6            001              5
              6            010              1
              6            011              1
              6            100              5
              6            101              7
              6            110              4
              6            111              3
              7            000              5
              7            001              2
              7            010              1
              7            011              5
              7            100              7
              7            101              8
              7            110              3
              7            111              3
              8            000              0
              8            001              6
              8            010              6
              8            011              6
              8            100              5
              8            101              2
              8            110              5
              8            111              4
