Eaten part = 0.201512
Start state = 2
Significant inputs: 0 4 5
Moves: 2 0 0 1 2 0 1 0 0
          state         inputs     next state
              0            000              3
              0            001              2
              0            010              3
              0            011              0
              0            100              5
              0            101              8
              0            110              6
              0            111              0
              1            000              4
              1            001              1
              1            010              5
              1            011              5
              1            100              5
              1            101              6
              1            110              2
              1            111              5
              2            000              1
              2            001              6
              2            010              7
              2            011              5
              2            100              8
              2            101              4
              2            110              2
              2            111              1
              3            000              6
              3            001              2
              3            010              6
              3            011              8
              3            100              1
              3            101              8
              3            110              4
              3            111              8
              4            000              7
              4            001              3
              4            010              3
              4            011              1
              4            100              8
              4            101              3
              4            110              2
              4            111              8
              5            000              7
              5            001              3
              5            010              7
              5            011              1
              5            100              4
              5            101              0
              5            110              2
              5            111              7
              6            000              1
              6            001              2
              6            010              2
              6            011              4
              6            100              2
              6            101              5
              6            110              1
              6            111              1
              7            000              2
              7            001              8
              7            010              5
              7            011              6
              7            100              7
              7            101              6
              7            110              5
              7            111              5
              8            000              0
              8            001              7
              8            010              1
              8            011              4
              8            100              1
              8            101              7
              8            110              2
              8            111              8
