Eaten part = 0.190410
Start state = 2
Significant inputs: 1 3 5
Moves: 0 2 0 0 0 0 2 1 2
          state         inputs     next state
              0            000              3
              0            001              3
              0            010              3
              0            011              2
              0            100              0
              0            101              2
              0            110              1
              0            111              4
              1            000              5
              1            001              6
              1            010              4
              1            011              7
              1            100              4
              1            101              3
              1            110              5
              1            111              4
              2            000              8
              2            001              1
              2            010              4
              2            011              7
              2            100              5
              2            101              0
              2            110              8
              2            111              2
              3            000              7
              3            001              0
              3            010              3
              3            011              8
              3            100              0
              3            101              6
              3            110              2
              3            111              4
              4            000              4
              4            001              2
              4            010              4
              4            011              8
              4            100              5
              4            101              0
              4            110              2
              4            111              6
              5            000              7
              5            001              2
              5            010              2
              5            011              0
              5            100              3
              5            101              6
              5            110              1
              5            111              3
              6            000              8
              6            001              5
              6            010              5
              6            011              1
              6            100              2
              6            101              2
              6            110              5
              6            111              3
              7            000              4
              7            001              2
              7            010              8
              7            011              5
              7            100              2
              7            101              2
              7            110              8
              7            111              1
              8            000              3
              8            001              6
              8            010              7
              8            011              0
              8            100              2
              8            101              0
              8            110              2
              8            111              7
