Eaten part = 0.295350
Start state = 1
Significant inputs: 2 4 6
Moves: 0 0 0 0 2 1 2 0 0
          state         inputs     next state
              0            000              8
              0            001              5
              0            010              8
              0            011              8
              0            100              2
              0            101              7
              0            110              8
              0            111              2
              1            000              0
              1            001              5
              1            010              0
              1            011              2
              1            100              7
              1            101              1
              1            110              1
              1            111              1
              2            000              8
              2            001              1
              2            010              1
              2            011              0
              2            100              4
              2            101              8
              2            110              3
              2            111              0
              3            000              6
              3            001              7
              3            010              1
              3            011              8
              3            100              7
              3            101              6
              3            110              8
              3            111              0
              4            000              7
              4            001              7
              4            010              7
              4            011              8
              4            100              3
              4            101              8
              4            110              1
              4            111              4
              5            000              0
              5            001              2
              5            010              2
              5            011              8
              5            100              0
              5            101              1
              5            110              2
              5            111              2
              6            000              8
              6            001              0
              6            010              8
              6            011              1
              6            100              1
              6            101              3
              6            110              5
              6            111              0
              7            000              7
              7            001              3
              7            010              8
              7            011              2
              7            100              6
              7            101              0
              7            110              1
              7            111              3
              8            000              8
              8            001              5
              8            010              0
              8            011              1
              8            100              6
              8            101              7
              8            110              1
              8            111              0
