Eaten part = 0.245636
Start state = 2
Significant inputs: 0 2 5
Moves: 0 0 2 0 0 0 0 0 1
          state         inputs     next state
              0            000              0
              0            001              4
              0            010              8
              0            011              8
              0            100              1
              0            101              7
              0            110              7
              0            111              3
              1            000              1
              1            001              0
              1            010              8
              1            011              8
              1            100              6
              1            101              7
              1            110              8
              1            111              4
              2            000              1
              2            001              8
              2            010              6
              2            011              0
              2            100              7
              2            101              4
              2            110              7
              2            111              4
              3            000              7
              3            001              1
              3            010              7
              3            011              8
              3            100              3
              3            101              5
              3            110              5
              3            111              2
              4            000              1
              4            001              4
              4            010              5
              4            011              5
              4            100              0
              4            101              8
              4            110              0
              4            111              3
              5            000              0
              5            001              3
              5            010              4
              5            011              5
              5            100              1
              5            101              8
              5            110              0
              5            111              2
              6            000              7
              6            001              0
              6            010              6
              6            011              8
              6            100              6
              6            101              5
              6            110              7
              6            111              0
              7            000              2
              7            001              1
              7            010              8
              7            011              0
              7            100              4
              7            101              1
              7            110              2
              7            111              3
              8            000              4
              8            001              6
              8            010              7
              8            011              4
              8            100              5
              8            101              5
              8            110              7
              8            111              5
