Eaten part = 0.281166
Start state = 4
Significant inputs: 2 3 6
Moves: 0 0 2 1 0 0 0 0 1
          state         inputs     next state
              0            000              0
              0            001              8
              0            010              0
              0            011              5
              0            100              2
              0            101              8
              0            110              6
              0            111              5
              1            000              0
              1            001              8
              1            010              1
              1            011              6
              1            100              2
              1            101              7
              1            110              1
              1            111              1
              2            000              0
              2            001              1
              2            010              5
              2            011              4
              2            100              7
              2            101              8
              2            110              3
              2            111              4
              3            000              1
              3            001              4
              3            010              3
              3            011              1
              3            100              5
              3            101              1
              3            110              4
              3            111              5
              4            000              6
              4            001              3
              4            010              8
              4            011              6
              4            100              6
              4            101              7
              4            110              2
              4            111              6
              5            000              7
              5            001              6
              5            010              7
              5            011              1
              5            100              2
              5            101              7
              5            110              4
              5            111              4
              6            000              7
              6            001              3
              6            010              5
              6            011              8
              6            100              8
              6            101              4
              6            110              0
              6            111              4
              7            000              1
              7            001              3
              7            010              1
              7            011              8
              7            100              2
              7            101              0
              7            110              2
              7            111              4
              8            000              1
              8            001              4
              8            010              6
              8            011              0
              8            100              0
              8            101              4
              8            110              1
              8            111              8
