Eaten part = 0.246801
Start state = 2
Significant inputs: 2 3 4
Moves: 0 0 0 0 0 1 0 0 0
          state         inputs     next state
              0            000              0
              0            001              5
              0            010              1
              0            011              1
              0            100              1
              0            101              4
              0            110              2
              0            111              7
              1            000              8
              1            001              5
              1            010              0
              1            011              5
              1            100              6
              1            101              7
              1            110              6
              1            111              0
              2            000              0
              2            001              0
              2            010              2
              2            011              4
              2            100              0
              2            101              4
              2            110              1
              2            111              1
              3            000              2
              3            001              5
              3            010              4
              3            011              7
              3            100              1
              3            101              5
              3            110              7
              3            111              4
              4            000              2
              4            001              2
              4            010              2
              4            011              7
              4            100              6
              4            101              7
              4            110              7
              4            111              2
              5            000              0
              5            001              7
              5            010              8
              5            011              6
              5            100              4
              5            101              8
              5            110              6
              5            111              8
              6            000              2
              6            001              8
              6            010              8
              6            011              0
              6            100              6
              6            101              1
              6            110              4
              6            111              1
              7            000              7
              7            001              5
              7            010              1
              7            011              2
              7            100              7
              7            101              7
              7            110              7
              7            111              8
              8            000              2
              8            001              5
              8            010              6
              8            011              1
              8            100              6
              8            101              2
              8            110              5
              8            111              5
