Eaten part = 0.324701
Start state = 5
Significant inputs: 2 4 6
Moves: 1 0 0 2 0 0 1 0 0
          state         inputs     next state
              0            000              5
              0            001              2
              0            010              1
              0            011              7
              0            100              8
              0            101              5
              0            110              4
              0            111              6
              1            000              1
              1            001              6
              1            010              1
              1            011              1
              1            100              3
              1            101              3
              1            110              5
              1            111              2
              2            000              1
              2            001              6
              2            010              2
              2            011              6
              2            100              8
              2            101              5
              2            110              5
              2            111              3
              3            000              1
              3            001              5
              3            010              7
              3            011              5
              3            100              5
              3            101              4
              3            110              1
              3            111              2
              4            000              5
              4            001              6
              4            010              1
              4            011              5
              4            100              2
              4            101              0
              4            110              2
              4            111              3
              5            000              1
              5            001              6
              5            010              4
              5            011              2
              5            100              3
              5            101              5
              5            110              4
              5            111              1
              6            000              7
              6            001              1
              6            010              2
              6            011              8
              6            100              5
              6            101              2
              6            110              8
              6            111              8
              7            000              1
              7            001              1
              7            010              5
              7            011              1
              7            100              1
              7            101              6
              7            110              1
              7            111              0
              8            000              3
              8            001              0
              8            010              1
              8            011              8
              8            100              3
              8            101              5
              8            110              8
              8            111              2
