Eaten part = 0.292167
Start state = 0
Significant inputs: 2 6 7
Moves: 0 0 0 0 2 2 1 0 0
          state         inputs     next state
              0            000              8
              0            001              2
              0            010              2
              0            011              0
              0            100              2
              0            101              1
              0            110              3
              0            111              4
              1            000              8
              1            001              6
              1            010              7
              1            011              6
              1            100              5
              1            101              5
              1            110              7
              1            111              6
              2            000              8
              2            001              3
              2            010              5
              2            011              0
              2            100              0
              2            101              5
              2            110              7
              2            111              7
              3            000              8
              3            001              7
              3            010              4
              3            011              4
              3            100              5
              3            101              2
              3            110              1
              3            111              1
              4            000              1
              4            001              6
              4            010              8
              4            011              8
              4            100              7
              4            101              5
              4            110              1
              4            111              6
              5            000              2
              5            001              8
              5            010              1
              5            011              0
              5            100              0
              5            101              2
              5            110              1
              5            111              8
              6            000              0
              6            001              8
              6            010              7
              6            011              3
              6            100              3
              6            101              2
              6            110              7
              6            111              0
              7            000              3
              7            001              2
              7            010              6
              7            011              4
              7            100              1
              7            101              6
              7            110              1
              7            111              5
              8            000              8
              8            001              6
              8            010              5
              8            011              5
              8            100              8
              8            101              6
              8            110              4
              8            111              8
