Eaten part = 0.238115
Start state = 5
Significant inputs: 3 5 6
Moves: 0 0 0 0 1 0 2 0 2
          state         inputs     next state
              0            000              3
              0            001              5
              0            010              3
              0            011              2
              0            100              2
              0            101              2
              0            110              2
              0            111              0
              1            000              2
              1            001              7
              1            010              3
              1            011              8
              1            100              2
              1            101              2
              1            110              3
              1            111              2
              2            000              7
              2            001              3
              2            010              5
              2            011              5
              2            100              3
              2            101              4
              2            110              3
              2            111              7
              3            000              3
              3            001              0
              3            010              7
              3            011              7
              3            100              6
              3            101              8
              3            110              2
              3            111              8
              4            000              3
              4            001              1
              4            010              5
              4            011              2
              4            100              7
              4            101              7
              4            110              4
              4            111              4
              5            000              3
              5            001              7
              5            010              3
              5            011              6
              5            100              6
              5            101              0
              5            110              8
              5            111              7
              6            000              5
              6            001              6
              6            010              5
              6            011              7
              6            100              5
              6            101              4
              6            110              5
              6            111              1
              7            000              3
              7            001              7
              7            010              0
              7            011              6
              7            100              7
              7            101              6
              7            110              1
              7            111              8
              8            000              8
              8            001              5
              8            010              2
              8            011              1
              8            100              3
              8            101              6
              8            110              5
              8            111              5
