Eaten part = 0.255815
Start state = 7
Significant inputs: 0 4 6
Moves: 0 0 0 2 0 0 1 0 0
          state         inputs     next state
              0            000              7
              0            001              8
              0            010              0
              0            011              8
              0            100              3
              0            101              3
              0            110              0
              0            111              5
              1            000              7
              1            001              2
              1            010              8
              1            011              7
              1            100              3
              1            101              4
              1            110              1
              1            111              3
              2            000              6
              2            001              0
              2            010              1
              2            011              2
              2            100              3
              2            101              3
              2            110              7
              2            111              8
              3            000              4
              3            001              2
              3            010              2
              3            011              4
              3            100              7
              3            101              2
              3            110              2
              3            111              1
              4            000              7
              4            001              8
              4            010              7
              4            011              4
              4            100              4
              4            101              8
              4            110              0
              4            111              4
              5            000              7
              5            001              2
              5            010              1
              5            011              1
              5            100              8
              5            101              1
              5            110              1
              5            111              4
              6            000              7
              6            001              2
              6            010              1
              6            011              0
              6            100              0
              6            101              5
              6            110              6
              6            111              0
              7            000              1
              7            001              1
              7            010              2
              7            011              8
              7            100              3
              7            101              3
              7            110              1
              7            111              8
              8            000              4
              8            001              2
              8            010              2
              8            011              5
              8            100              1
              8            101              0
              8            110              4
              8            111              0
