Eaten part = 0.203472
Start state = 2
Significant inputs: 3 4 7
Moves: 2 0 1 0 0 0 2 2 1
          state         inputs     next state
              0            000              5
              0            001              5
              0            010              6
              0            011              4
              0            100              5
              0            101              3
              0            110              6
              0            111              4
              1            000              4
              1            001              6
              1            010              1
              1            011              5
              1            100              1
              1            101              1
              1            110              4
              1            111              5
              2            000              4
              2            001              1
              2            010              6
              2            011              2
              2            100              8
              2            101              3
              2            110              0
              2            111              1
              3            000              3
              3            001              6
              3            010              4
              3            011              5
              3            100              5
              3            101              4
              3            110              3
              3            111              0
              4            000              5
              4            001              7
              4            010              5
              4            011              1
              4            100              1
              4            101              7
              4            110              5
              4            111              3
              5            000              3
              5            001              4
              5            010              4
              5            011              1
              5            100              7
              5            101              7
              5            110              5
              5            111              8
              6            000              5
              6            001              5
              6            010              8
              6            011              4
              6            100              3
              6            101              1
              6            110              1
              6            111              3
              7            000              3
              7            001              8
              7            010              8
              7            011              0
              7            100              5
              7            101              5
              7            110              5
              7            111              1
              8            000              5
              8            001              5
              8            010              6
              8            011              6
              8            100              4
              8            101              5
              8            110              1
              8            111              6
