Eaten part = 0.258622
Start state = 4
Significant inputs: 2 3 4
Moves: 1 0 0 0 2 0 1 0 0
          state         inputs     next state
              0            000              2
              0            001              5
              0            010              1
              0            011              8
              0            100              7
              0            101              2
              0            110              7
              0            111              6
              1            000              1
              1            001              6
              1            010              8
              1            011              6
              1            100              7
              1            101              1
              1            110              3
              1            111              1
              2            000              4
              2            001              1
              2            010              2
              2            011              6
              2            100              7
              2            101              3
              2            110              3
              2            111              0
              3            000              1
              3            001              6
              3            010              4
              3            011              8
              3            100              8
              3            101              2
              3            110              7
              3            111              7
              4            000              1
              4            001              3
              4            010              7
              4            011              4
              4            100              1
              4            101              7
              4            110              0
              4            111              8
              5            000              4
              5            001              1
              5            010              1
              5            011              0
              5            100              4
              5            101              2
              5            110              3
              5            111              4
              6            000              1
              6            001              8
              6            010              7
              6            011              2
              6            100              8
              6            101              1
              6            110              4
              6            111              4
              7            000              7
              7            001              6
              7            010              8
              7            011              7
              7            100              1
              7            101              2
              7            110              1
              7            111              7
              8            000              1
              8            001              6
              8            010              4
              8            011              8
              8            100              8
              8            101              7
              8            110              7
              8            111              6
