Eaten part = 0.238067
Start state = 1
Significant inputs: 0 2 5
Moves: 1 2 0 0 1 0 0 1 0
          state         inputs     next state
              0            000              5
              0            001              3
              0            010              8
              0            011              6
              0            100              3
              0            101              3
              0            110              2
              0            111              7
              1            000              0
              1            001              5
              1            010              4
              1            011              3
              1            100              5
              1            101              3
              1            110              5
              1            111              6
              2            000              8
              2            001              3
              2            010              4
              2            011              7
              2            100              8
              2            101              3
              2            110              4
              2            111              4
              3            000              5
              3            001              3
              3            010              0
              3            011              5
              3            100              8
              3            101              2
              3            110              0
              3            111              2
              4            000              5
              4            001              7
              4            010              6
              4            011              8
              4            100              6
              4            101              7
              4            110              5
              4            111              0
              5            000              3
              5            001              3
              5            010              0
              5            011              4
              5            100              1
              5            101              2
              5            110              8
              5            111              5
              6            000              1
              6            001              1
              6            010              3
              6            011              3
              6            100              6
              6            101              3
              6            110              1
              6            111              0
              7            000              1
              7            001              0
              7            010              7
              7            011              5
              7            100              6
              7            101              6
              7            110              6
              7            111              7
              8            000              1
              8            001              5
              8            010              2
              8            011              0
              8            100              3
              8            101              3
              8            110              2
              8            111              3
