Eaten part = 0.320814
Start state = 4
Significant inputs: 2 4 6
Moves: 0 0 2 0 0 0 1 1 0
          state         inputs     next state
              0            000              8
              0            001              7
              0            010              4
              0            011              7
              0            100              5
              0            101              3
              0            110              4
              0            111              4
              1            000              4
              1            001              7
              1            010              1
              1            011              3
              1            100              2
              1            101              6
              1            110              8
              1            111              2
              2            000              3
              2            001              3
              2            010              1
              2            011              1
              2            100              3
              2            101              1
              2            110              0
              2            111              2
              3            000              3
              3            001              7
              3            010              0
              3            011              8
              3            100              2
              3            101              7
              3            110              5
              3            111              5
              4            000              1
              4            001              6
              4            010              8
              4            011              5
              4            100              2
              4            101              8
              4            110              8
              4            111              0
              5            000              1
              5            001              7
              5            010              5
              5            011              8
              5            100              2
              5            101              2
              5            110              8
              5            111              4
              6            000              8
              6            001              1
              6            010              0
              6            011              8
              6            100              1
              6            101              4
              6            110              0
              6            111              0
              7            000              1
              7            001              4
              7            010              3
              7            011              1
              7            100              5
              7            101              4
              7            110              5
              7            111              0
              8            000              4
              8            001              5
              8            010              5
              8            011              6
              8            100              2
              8            101              0
              8            110              0
              8            111              8
