Eaten part = 0.262119
Start state = 1
Significant inputs: 2 4 7
Moves: 1 0 0 0 0 2 1 0 0
          state         inputs     next state
              0            000              3
              0            001              7
              0            010              2
              0            011              5
              0            100              8
              0            101              2
              0            110              0
              0            111              3
              1            000              1
              1            001              6
              1            010              1
              1            011              2
              1            100              3
              1            101              0
              1            110              4
              1            111              3
              2            000              2
              2            001              0
              2            010              1
              2            011              0
              2            100              5
              2            101              8
              2            110              7
              2            111              1
              3            000              1
              3            001              6
              3            010              2
              3            011              4
              3            100              5
              3            101              6
              3            110              4
              3            111              6
              4            000              1
              4            001              7
              4            010              0
              4            011              0
              4            100              2
              4            101              4
              4            110              1
              4            111              8
              5            000              3
              5            001              4
              5            010              3
              5            011              8
              5            100              3
              5            101              8
              5            110              4
              5            111              1
              6            000              8
              6            001              7
              6            010              4
              6            011              1
              6            100              7
              6            101              5
              6            110              4
              6            111              4
              7            000              5
              7            001              4
              7            010              1
              7            011              7
              7            100              5
              7            101              3
              7            110              1
              7            111              1
              8            000              3
              8            001              6
              8            010              3
              8            011              5
              8            100              1
              8            101              5
              8            110              5
              8            111              3
