Eaten part = 0.174797
Start state = 8
Significant inputs: 1 5 7
Moves: 0 0 1 0 0 0 0 2 0
          state         inputs     next state
              0            000              7
              0            001              0
              0            010              6
              0            011              5
              0            100              0
              0            101              7
              0            110              6
              0            111              6
              1            000              1
              1            001              5
              1            010              5
              1            011              6
              1            100              5
              1            101              0
              1            110              5
              1            111              5
              2            000              8
              2            001              1
              2            010              6
              2            011              3
              2            100              6
              2            101              6
              2            110              4
              2            111              4
              3            000              3
              3            001              2
              3            010              4
              3            011              7
              3            100              2
              3            101              1
              3            110              6
              3            111              8
              4            000              5
              4            001              3
              4            010              1
              4            011              3
              4            100              7
              4            101              1
              4            110              4
              4            111              6
              5            000              7
              5            001              4
              5            010              2
              5            011              1
              5            100              0
              5            101              5
              5            110              0
              5            111              6
              6            000              4
              6            001              5
              6            010              6
              6            011              4
              6            100              7
              6            101              2
              6            110              1
              6            111              8
              7            000              2
              7            001              1
              7            010              3
              7            011              5
              7            100              1
              7            101              1
              7            110              1
              7            111              1
              8            000              4
              8            001              0
              8            010              6
              8            011              4
              8            100              0
              8            101              4
              8            110              6
              8            111              6
