Eaten part = 0.244790
Start state = 4
Significant inputs: 1 3 6
Moves: 0 0 0 0 2 0 0 0 1
          state         inputs     next state
              0            000              5
              0            001              2
              0            010              0
              0            011              3
              0            100              6
              0            101              0
              0            110              2
              0            111              0
              1            000              6
              1            001              3
              1            010              0
              1            011              5
              1            100              8
              1            101              7
              1            110              2
              1            111              6
              2            000              8
              2            001              6
              2            010              8
              2            011              8
              2            100              4
              2            101              0
              2            110              1
              2            111              6
              3            000              8
              3            001              3
              3            010              7
              3            011              7
              3            100              6
              3            101              2
              3            110              7
              3            111              3
              4            000              5
              4            001              3
              4            010              1
              4            011              1
              4            100              2
              4            101              7
              4            110              6
              4            111              6
              5            000              5
              5            001              3
              5            010              5
              5            011              5
              5            100              4
              5            101              5
              5            110              4
              5            111              5
              6            000              0
              6            001              3
              6            010              3
              6            011              7
              6            100              3
              6            101              1
              6            110              0
              6            111              2
              7            000              5
              7            001              6
              7            010              8
              7            011              8
              7            100              3
              7            101              4
              7            110              7
              7            111              4
              8            000              5
              8            001              2
              8            010              4
              8            011              5
              8            100              5
              8            101              1
              8            110              5
              8            111              7
