Eaten part = 0.311141
Start state = 6
Significant inputs: 1 2 6
Moves: 0 1 1 0 2 2 0 1 0
          state         inputs     next state
              0            000              8
              0            001              5
              0            010              3
              0            011              5
              0            100              1
              0            101              5
              0            110              8
              0            111              7
              1            000              8
              1            001              1
              1            010              3
              1            011              7
              1            100              8
              1            101              4
              1            110              7
              1            111              5
              2            000              4
              2            001              8
              2            010              8
              2            011              8
              2            100              0
              2            101              0
              2            110              7
              2            111              6
              3            000              6
              3            001              6
              3            010              6
              3            011              1
              3            100              7
              3            101              6
              3            110              4
              3            111              1
              4            000              7
              4            001              1
              4            010              0
              4            011              5
              4            100              6
              4            101              0
              4            110              3
              4            111              6
              5            000              8
              5            001              7
              5            010              8
              5            011              1
              5            100              8
              5            101              4
              5            110              8
              5            111              8
              6            000              0
              6            001              1
              6            010              5
              6            011              0
              6            100              5
              6            101              8
              6            110              5
              6            111              0
              7            000              2
              7            001              4
              7            010              2
              7            011              1
              7            100              6
              7            101              3
              7            110              8
              7            111              1
              8            000              8
              8            001              8
              8            010              2
              8            011              2
              8            100              5
              8            101              6
              8            110              2
              8            111              5
