Eaten part = 0.329729
Start state = 7
Significant inputs: 2 4 6
Moves: 0 2 0 1 1 0 0 0 0
          state         inputs     next state
              0            000              2
              0            001              4
              0            010              0
              0            011              8
              0            100              1
              0            101              6
              0            110              2
              0            111              1
              1            000              6
              1            001              5
              1            010              6
              1            011              7
              1            100              2
              1            101              6
              1            110              0
              1            111              5
              2            000              7
              2            001              4
              2            010              2
              2            011              8
              2            100              1
              2            101              4
              2            110              5
              2            111              8
              3            000              7
              3            001              6
              3            010              1
              3            011              7
              3            100              6
              3            101              0
              3            110              7
              3            111              7
              4            000              8
              4            001              5
              4            010              8
              4            011              6
              4            100              6
              4            101              2
              4            110              7
              4            111              1
              5            000              8
              5            001              5
              5            010              6
              5            011              8
              5            100              1
              5            101              6
              5            110              5
              5            111              5
              6            000              8
              6            001              3
              6            010              8
              6            011              4
              6            100              1
              6            101              1
              6            110              0
              6            111              4
              7            000              8
              7            001              4
              7            010              2
              7            011              4
              7            100              1
              7            101              5
              7            110              8
              7            111              7
              8            000              2
              8            001              4
              8            010              8
              8            011              0
              8            100              1
              8            101              3
              8            110              0
              8            111              6
