Eaten part = 0.008730
Start state = 0
Significant inputs: 0 1 4 7
Moves: ROTATERIGHT ROTATERIGHT MOVE MOVE ROTATERIGHT ROTATELEFT ROTATELEFT ROTATELEFT MOVE ROTATELEFT
          state         inputs     next state
              0           0000              2
              0           0001              5
              0           0010              8
              0           0011              8
              0           0100              7
              0           0101              7
              0           0110              2
              0           0111              2
              0           1000              3
              0           1001              7
              0           1010              3
              0           1011              7
              0           1100              8
              0           1101              3
              0           1110              6
              0           1111              3
              1           0000              3
              1           0001              8
              1           0010              2
              1           0011              9
              1           0100              9
              1           0101              7
              1           0110              9
              1           0111              1
              1           1000              2
              1           1001              3
              1           1010              6
              1           1011              0
              1           1100              2
              1           1101              9
              1           1110              7
              1           1111              7
              2           0000              7
              2           0001              9
              2           0010              7
              2           0011              3
              2           0100              9
              2           0101              2
              2           0110              9
              2           0111              3
              2           1000              6
              2           1001              6
              2           1010              7
              2           1011              7
              2           1100              9
              2           1101              4
              2           1110              6
              2           1111              2
              3           0000              4
              3           0001              6
              3           0010              6
              3           0011              4
              3           0100              8
              3           0101              6
              3           0110              1
              3           0111              1
              3           1000              9
              3           1001              4
              3           1010              3
              3           1011              8
              3           1100              8
              3           1101              2
              3           1110              3
              3           1111              0
              4           0000              2
              4           0001              6
              4           0010              6
              4           0011              7
              4           0100              2
              4           0101              6
              4           0110              0
              4           0111              2
              4           1000              2
              4           1001              7
              4           1010              5
              4           1011              6
              4           1100              1
              4           1101              8
              4           1110              6
              4           1111              3
              5           0000              6
              5           0001              6
              5           0010              9
              5           0011              7
              5           0100              8
              5           0101              0
              5           0110              9
              5           0111              9
              5           1000              4
              5           1001              4
              5           1010              6
              5           1011              0
              5           1100              7
              5           1101              3
              5           1110              7
              5           1111              2
              6           0000              1
              6           0001              8
              6           0010              7
              6           0011              9
              6           0100              4
              6           0101              0
              6           0110              6
              6           0111              0
              6           1000              0
              6           1001              1
              6           1010              8
              6           1011              8
              6           1100              0
              6           1101              3
              6           1110              0
              6           1111              5
              7           0000              9
              7           0001              4
              7           0010              6
              7           0011              3
              7           0100              1
              7           0101              3
              7           0110              1
              7           0111              0
              7           1000              7
              7           1001              2
              7           1010              2
              7           1011              2
              7           1100              4
              7           1101              9
              7           1110              1
              7           1111              9
              8           0000              6
              8           0001              9
              8           0010              1
              8           0011              3
              8           0100              3
              8           0101              9
              8           0110              1
              8           0111              2
              8           1000              1
              8           1001              5
              8           1010              5
              8           1011              9
              8           1100              4
              8           1101              9
              8           1110              4
              8           1111              2
              9           0000              9
              9           0001              1
              9           0010              8
              9           0011              9
              9           0100              7
              9           0101              0
              9           0110              6
              9           0111              1
              9           1000              9
              9           1001              9
              9           1010              5
              9           1011              8
              9           1100              7
              9           1101              2
              9           1110              7
              9           1111              7
