Eaten part = 0.247891
Start state = 5
Significant inputs: 5 6 7
Moves: 1 2 1 1 0 0 0 0 2
          state         inputs     next state
              0            000              5
              0            001              3
              0            010              5
              0            011              1
              0            100              4
              0            101              6
              0            110              7
              0            111              4
              1            000              1
              1            001              4
              1            010              8
              1            011              6
              1            100              4
              1            101              5
              1            110              4
              1            111              4
              2            000              3
              2            001              4
              2            010              2
              2            011              4
              2            100              4
              2            101              2
              2            110              2
              2            111              0
              3            000              5
              3            001              1
              3            010              5
              3            011              2
              3            100              5
              3            101              1
              3            110              8
              3            111              5
              4            000              4
              4            001              6
              4            010              1
              4            011              3
              4            100              4
              4            101              7
              4            110              1
              4            111              1
              5            000              4
              5            001              5
              5            010              3
              5            011              6
              5            100              7
              5            101              2
              5            110              4
              5            111              7
              6            000              3
              6            001              7
              6            010              0
              6            011              5
              6            100              1
              6            101              7
              6            110              6
              6            111              6
              7            000              0
              7            001              5
              7            010              7
              7            011              8
              7            100              5
              7            101              3
              7            110              8
              7            111              6
              8            000              5
              8            001              8
              8            010              7
              8            011              2
              8            100              7
              8            101              6
              8            110              8
              8            111              6
