Eaten part = 0.306929
Start state = 2
Significant inputs: 2 5 6
Moves: 1 1 0 0 1 0 2 1 0
          state         inputs     next state
              0            000              1
              0            001              8
              0            010              5
              0            011              5
              0            100              5
              0            101              5
              0            110              3
              0            111              5
              1            000              7
              1            001              5
              1            010              7
              1            011              5
              1            100              8
              1            101              4
              1            110              1
              1            111              0
              2            000              2
              2            001              7
              2            010              2
              2            011              8
              2            100              6
              2            101              0
              2            110              7
              2            111              1
              3            000              8
              3            001              5
              3            010              2
              3            011              1
              3            100              6
              3            101              4
              3            110              6
              3            111              7
              4            000              2
              4            001              7
              4            010              2
              4            011              0
              4            100              7
              4            101              7
              4            110              0
              4            111              1
              5            000              3
              5            001              3
              5            010              0
              5            011              5
              5            100              6
              5            101              3
              5            110              3
              5            111              0
              6            000              4
              6            001              6
              6            010              8
              6            011              2
              6            100              3
              6            101              2
              6            110              2
              6            111              2
              7            000              8
              7            001              8
              7            010              3
              7            011              6
              7            100              3
              7            101              5
              7            110              5
              7            111              5
              8            000              2
              8            001              2
              8            010              3
              8            011              8
              8            100              6
              8            101              8
              8            110              6
              8            111              5
