Eaten part = 0.307983
Start state = 3
Significant inputs: 1 2 6
Moves: 0 1 2 0 0 2 0 0 1
          state         inputs     next state
              0            000              7
              0            001              8
              0            010              4
              0            011              6
              0            100              5
              0            101              0
              0            110              7
              0            111              3
              1            000              1
              1            001              4
              1            010              3
              1            011              4
              1            100              7
              1            101              7
              1            110              7
              1            111              4
              2            000              7
              2            001              4
              2            010              4
              2            011              3
              2            100              3
              2            101              7
              2            110              3
              2            111              1
              3            000              7
              3            001              6
              3            010              8
              3            011              5
              3            100              5
              3            101              5
              3            110              5
              3            111              5
              4            000              4
              4            001              4
              4            010              1
              4            011              1
              4            100              5
              4            101              6
              4            110              2
              4            111              5
              5            000              4
              5            001              6
              5            010              3
              5            011              5
              5            100              4
              5            101              3
              5            110              7
              5            111              6
              6            000              7
              6            001              6
              6            010              1
              6            011              3
              6            100              0
              6            101              8
              6            110              3
              6            111              0
              7            000              4
              7            001              1
              7            010              1
              7            011              1
              7            100              4
              7            101              4
              7            110              5
              7            111              6
              8            000              0
              8            001              4
              8            010              5
              8            011              2
              8            100              7
              8            101              5
              8            110              1
              8            111              6
