Eaten part = 0.213965
Start state = 8
Significant inputs: 3 6 7
Moves: 2 1 1 0 0 1 0 0 0
          state         inputs     next state
              0            000              6
              0            001              3
              0            010              6
              0            011              2
              0            100              6
              0            101              7
              0            110              8
              0            111              1
              1            000              4
              1            001              4
              1            010              1
              1            011              6
              1            100              8
              1            101              8
              1            110              7
              1            111              7
              2            000              6
              2            001              4
              2            010              8
              2            011              4
              2            100              1
              2            101              5
              2            110              1
              2            111              2
              3            000              0
              3            001              6
              3            010              2
              3            011              2
              3            100              6
              3            101              7
              3            110              3
              3            111              2
              4            000              7
              4            001              5
              4            010              0
              4            011              1
              4            100              7
              4            101              6
              4            110              8
              4            111              0
              5            000              4
              5            001              3
              5            010              4
              5            011              0
              5            100              7
              5            101              8
              5            110              7
              5            111              3
              6            000              6
              6            001              6
              6            010              0
              6            011              3
              6            100              8
              6            101              6
              6            110              0
              6            111              8
              7            000              3
              7            001              6
              7            010              5
              7            011              2
              7            100              0
              7            101              4
              7            110              4
              7            111              4
              8            000              7
              8            001              2
              8            010              7
              8            011              8
              8            100              4
              8            101              1
              8            110              0
              8            111              5
