Eaten part = 0.288524
Start state = 2
Significant inputs: 2 3 6
Moves: 1 2 0 0 0 1 0 0 0
          state         inputs     next state
              0            000              8
              0            001              3
              0            010              7
              0            011              3
              0            100              2
              0            101              7
              0            110              5
              0            111              6
              1            000              8
              1            001              3
              1            010              6
              1            011              4
              1            100              6
              1            101              2
              1            110              6
              1            111              6
              2            000              8
              2            001              6
              2            010              2
              2            011              5
              2            100              1
              2            101              4
              2            110              1
              2            111              2
              3            000              2
              3            001              0
              3            010              6
              3            011              0
              3            100              1
              3            101              7
              3            110              1
              3            111              7
              4            000              8
              4            001              8
              4            010              7
              4            011              8
              4            100              1
              4            101              0
              4            110              6
              4            111              2
              5            000              3
              5            001              3
              5            010              1
              5            011              6
              5            100              6
              5            101              3
              5            110              1
              5            111              4
              6            000              8
              6            001              3
              6            010              8
              6            011              0
              6            100              1
              6            101              3
              6            110              1
              6            111              6
              7            000              2
              7            001              5
              7            010              6
              7            011              0
              7            100              8
              7            101              4
              7            110              1
              7            111              7
              8            000              3
              8            001              5
              8            010              6
              8            011              0
              8            100              1
              8            101              0
              8            110              2
              8            111              1
