Eaten part = 0.200186
Start state = 4
Significant inputs: 3 4 7
Moves: 0 2 2 0 1 0 2 0 0
          state         inputs     next state
              0            000              4
              0            001              5
              0            010              3
              0            011              7
              0            100              2
              0            101              3
              0            110              3
              0            111              7
              1            000              5
              1            001              5
              1            010              2
              1            011              5
              1            100              0
              1            101              6
              1            110              2
              1            111              0
              2            000              0
              2            001              1
              2            010              1
              2            011              7
              2            100              8
              2            101              0
              2            110              8
              2            111              1
              3            000              3
              3            001              8
              3            010              0
              3            011              8
              3            100              5
              3            101              3
              3            110              7
              3            111              5
              4            000              3
              4            001              4
              4            010              6
              4            011              6
              4            100              5
              4            101              2
              4            110              6
              4            111              5
              5            000              7
              5            001              7
              5            010              8
              5            011              5
              5            100              1
              5            101              7
              5            110              0
              5            111              5
              6            000              0
              6            001              0
              6            010              7
              6            011              1
              6            100              7
              6            101              0
              6            110              5
              6            111              6
              7            000              6
              7            001              6
              7            010              8
              7            011              5
              7            100              1
              7            101              8
              7            110              7
              7            111              3
              8            000              3
              8            001              3
              8            010              7
              8            011              0
              8            100              2
              8            101              8
              8            110              8
              8            111              3
