Eaten part = 0.183879
Start state = 8
Significant inputs: 4 5 7
Moves: 1 0 0 0 0 0 0 0 0
          state         inputs     next state
              0            000              1
              0            001              3
              0            010              6
              0            011              3
              0            100              1
              0            101              1
              0            110              4
              0            111              6
              1            000              1
              1            001              2
              1            010              2
              1            011              4
              1            100              1
              1            101              8
              1            110              4
              1            111              1
              2            000              6
              2            001              1
              2            010              0
              2            011              0
              2            100              8
              2            101              5
              2            110              2
              2            111              5
              3            000              7
              3            001              2
              3            010              5
              3            011              5
              3            100              7
              3            101              6
              3            110              6
              3            111              6
              4            000              4
              4            001              5
              4            010              6
              4            011              8
              4            100              3
              4            101              5
              4            110              8
              4            111              3
              5            000              3
              5            001              4
              5            010              3
              5            011              4
              5            100              3
              5            101              7
              5            110              2
              5            111              3
              6            000              3
              6            001              1
              6            010              7
              6            011              4
              6            100              7
              6            101              2
              6            110              0
              6            111              6
              7            000              0
              7            001              1
              7            010              8
              7            011              5
              7            100              0
              7            101              5
              7            110              3
              7            111              2
              8            000              4
              8            001              3
              8            010              8
              8            011              0
              8            100              6
              8            101              4
              8            110              3
              8            111              3
