Eaten part = 0.244866
Start state = 1
Significant inputs: 0 5 6
Moves: 0 2 1 0 0 0 2 1 2
          state         inputs     next state
              0            000              4
              0            001              4
              0            010              1
              0            011              6
              0            100              2
              0            101              2
              0            110              4
              0            111              2
              1            000              6
              1            001              4
              1            010              4
              1            011              0
              1            100              7
              1            101              7
              1            110              5
              1            111              4
              2            000              5
              2            001              7
              2            010              1
              2            011              5
              2            100              0
              2            101              6
              2            110              5
              2            111              0
              3            000              0
              3            001              2
              3            010              4
              3            011              0
              3            100              6
              3            101              1
              3            110              8
              3            111              8
              4            000              5
              4            001              2
              4            010              0
              4            011              0
              4            100              1
              4            101              8
              4            110              6
              4            111              3
              5            000              5
              5            001              5
              5            010              3
              5            011              3
              5            100              8
              5            101              1
              5            110              4
              5            111              6
              6            000              4
              6            001              0
              6            010              0
              6            011              1
              6            100              0
              6            101              8
              6            110              0
              6            111              6
              7            000              6
              7            001              8
              7            010              3
              7            011              8
              7            100              3
              7            101              5
              7            110              3
              7            111              3
              8            000              6
              8            001              6
              8            010              3
              8            011              0
              8            100              1
              8            101              0
              8            110              3
              8            111              8
