Eaten part = 0.266480
Start state = 7
Significant inputs: 1 2 4
Moves: 0 1 1 0 1 2 0 0 0
          state         inputs     next state
              0            000              3
              0            001              3
              0            010              2
              0            011              4
              0            100              7
              0            101              3
              0            110              0
              0            111              4
              1            000              8
              1            001              6
              1            010              1
              1            011              8
              1            100              8
              1            101              7
              1            110              0
              1            111              8
              2            000              3
              2            001              3
              2            010              7
              2            011              8
              2            100              7
              2            101              5
              2            110              1
              2            111              8
              3            000              0
              3            001              0
              3            010              1
              3            011              2
              3            100              8
              3            101              3
              3            110              6
              3            111              6
              4            000              3
              4            001              6
              4            010              4
              4            011              1
              4            100              0
              4            101              8
              4            110              7
              4            111              5
              5            000              3
              5            001              1
              5            010              7
              5            011              5
              5            100              1
              5            101              1
              5            110              5
              5            111              1
              6            000              3
              6            001              8
              6            010              1
              6            011              5
              6            100              6
              6            101              8
              6            110              6
              6            111              5
              7            000              8
              7            001              4
              7            010              3
              7            011              0
              7            100              7
              7            101              1
              7            110              6
              7            111              8
              8            000              5
              8            001              1
              8            010              1
              8            011              5
              8            100              6
              8            101              0
              8            110              1
              8            111              6
