Eaten part = 0.214619
Start state = 2
Significant inputs: 0 6 7
Moves: 2 0 2 1 0 0 0 2 0
          state         inputs     next state
              0            000              8
              0            001              4
              0            010              6
              0            011              8
              0            100              5
              0            101              8
              0            110              5
              0            111              6
              1            000              4
              1            001              5
              1            010              6
              1            011              0
              1            100              5
              1            101              4
              1            110              1
              1            111              5
              2            000              4
              2            001              7
              2            010              3
              2            011              1
              2            100              5
              2            101              7
              2            110              8
              2            111              6
              3            000              6
              3            001              5
              3            010              6
              3            011              5
              3            100              0
              3            101              4
              3            110              7
              3            111              1
              4            000              1
              4            001              0
              4            010              4
              4            011              0
              4            100              1
              4            101              5
              4            110              1
              4            111              7
              5            000              6
              5            001              1
              5            010              0
              5            011              2
              5            100              8
              5            101              4
              5            110              2
              5            111              7
              6            000              5
              6            001              8
              6            010              7
              6            011              1
              6            100              6
              6            101              1
              6            110              4
              6            111              2
              7            000              4
              7            001              6
              7            010              3
              7            011              4
              7            100              8
              7            101              5
              7            110              4
              7            111              2
              8            000              5
              8            001              3
              8            010              4
              8            011              6
              8            100              1
              8            101              2
              8            110              7
              8            111              2
