Eaten part = 0.247633
Start state = 7
Significant inputs: 1 2 5
Moves: 1 0 0 1 2 0 0 1 0
          state         inputs     next state
              0            000              8
              0            001              8
              0            010              5
              0            011              1
              0            100              5
              0            101              6
              0            110              2
              0            111              1
              1            000              4
              1            001              0
              1            010              7
              1            011              4
              1            100              1
              1            101              3
              1            110              3
              1            111              6
              2            000              5
              2            001              1
              2            010              0
              2            011              6
              2            100              6
              2            101              0
              2            110              8
              2            111              7
              3            000              2
              3            001              0
              3            010              2
              3            011              8
              3            100              0
              3            101              5
              3            110              8
              3            111              5
              4            000              5
              4            001              5
              4            010              8
              4            011              2
              4            100              5
              4            101              7
              4            110              5
              4            111              7
              5            000              5
              5            001              2
              5            010              0
              5            011              7
              5            100              1
              5            101              3
              5            110              0
              5            111              2
              6            000              2
              6            001              7
              6            010              3
              6            011              1
              6            100              5
              6            101              5
              6            110              0
              6            111              0
              7            000              1
              7            001              8
              7            010              5
              7            011              6
              7            100              6
              7            101              8
              7            110              8
              7            111              2
              8            000              2
              8            001              2
              8            010              0
              8            011              8
              8            100              8
              8            101              1
              8            110              7
              8            111              3
