Eaten part = 0.168527
Start state = 4
Significant inputs: 3 5 7
Moves: 1 2 1 0 1 2 2 0 0
          state         inputs     next state
              0            000              8
              0            001              5
              0            010              0
              0            011              8
              0            100              6
              0            101              3
              0            110              3
              0            111              5
              1            000              2
              1            001              0
              1            010              8
              1            011              1
              1            100              8
              1            101              8
              1            110              7
              1            111              8
              2            000              0
              2            001              0
              2            010              3
              2            011              0
              2            100              4
              2            101              0
              2            110              8
              2            111              5
              3            000              7
              3            001              5
              3            010              0
              3            011              4
              3            100              8
              3            101              4
              3            110              1
              3            111              0
              4            000              7
              4            001              6
              4            010              4
              4            011              1
              4            100              4
              4            101              8
              4            110              7
              4            111              5
              5            000              0
              5            001              4
              5            010              5
              5            011              7
              5            100              3
              5            101              0
              5            110              3
              5            111              4
              6            000              1
              6            001              8
              6            010              8
              6            011              6
              6            100              7
              6            101              8
              6            110              3
              6            111              8
              7            000              7
              7            001              1
              7            010              3
              7            011              8
              7            100              7
              7            101              5
              7            110              3
              7            111              8
              8            000              3
              8            001              8
              8            010              0
              8            011              8
              8            100              3
              8            101              5
              8            110              5
              8            111              1
