Eaten part = 0.315997
Start state = 0
Significant inputs: 2 4 6
Moves: 0 1 0 0 0 2 1 2 1
          state         inputs     next state
              0            000              4
              0            001              6
              0            010              4
              0            011              2
              0            100              3
              0            101              5
              0            110              1
              0            111              0
              1            000              2
              1            001              0
              1            010              3
              1            011              6
              1            100              0
              1            101              3
              1            110              0
              1            111              4
              2            000              2
              2            001              6
              2            010              2
              2            011              2
              2            100              5
              2            101              1
              2            110              2
              2            111              5
              3            000              2
              3            001              2
              3            010              4
              3            011              7
              3            100              5
              3            101              6
              3            110              2
              3            111              0
              4            000              2
              4            001              1
              4            010              0
              4            011              0
              4            100              7
              4            101              3
              4            110              1
              4            111              8
              5            000              2
              5            001              3
              5            010              6
              5            011              3
              5            100              0
              5            101              4
              5            110              6
              5            111              0
              6            000              2
              6            001              2
              6            010              4
              6            011              2
              6            100              2
              6            101              2
              6            110              0
              6            111              4
              7            000              4
              7            001              4
              7            010              8
              7            011              2
              7            100              4
              7            101              1
              7            110              5
              7            111              5
              8            000              3
              8            001              6
              8            010              2
              8            011              4
              8            100              5
              8            101              6
              8            110              1
              8            111              5
