Eaten part = 0.244615
Start state = 2
Significant inputs: 2 3 4
Moves: 0 0 0 0 0 1 2 0 0
          state         inputs     next state
              0            000              8
              0            001              2
              0            010              6
              0            011              1
              0            100              1
              0            101              1
              0            110              4
              0            111              8
              1            000              4
              1            001              5
              1            010              1
              1            011              5
              1            100              3
              1            101              1
              1            110              4
              1            111              3
              2            000              1
              2            001              1
              2            010              6
              2            011              8
              2            100              8
              2            101              2
              2            110              2
              2            111              3
              3            000              4
              3            001              0
              3            010              1
              3            011              5
              3            100              0
              3            101              8
              3            110              3
              3            111              8
              4            000              3
              4            001              5
              4            010              2
              4            011              0
              4            100              3
              4            101              5
              4            110              3
              4            111              7
              5            000              4
              5            001              2
              5            010              1
              5            011              4
              5            100              4
              5            101              7
              5            110              2
              5            111              4
              6            000              2
              6            001              3
              6            010              0
              6            011              6
              6            100              0
              6            101              7
              6            110              1
              6            111              0
              7            000              8
              7            001              7
              7            010              7
              7            011              8
              7            100              4
              7            101              5
              7            110              2
              7            111              2
              8            000              6
              8            001              6
              8            010              2
              8            011              5
              8            100              3
              8            101              8
              8            110              0
              8            111              1
