Eaten part = 0.312800
Start state = 7
Significant inputs: 2 5 6
Moves: 0 0 2 0 1 0 0 2 1
          state         inputs     next state
              0            000              0
              0            001              4
              0            010              6
              0            011              6
              0            100              7
              0            101              7
              0            110              7
              0            111              8
              1            000              3
              1            001              4
              1            010              0
              1            011              6
              1            100              7
              1            101              4
              1            110              8
              1            111              6
              2            000              2
              2            001              6
              2            010              1
              2            011              0
              2            100              5
              2            101              2
              2            110              1
              2            111              3
              3            000              0
              3            001              4
              3            010              4
              3            011              8
              3            100              0
              3            101              3
              3            110              0
              3            111              6
              4            000              0
              4            001              0
              4            010              1
              4            011              4
              4            100              0
              4            101              6
              4            110              0
              4            111              7
              5            000              8
              5            001              6
              5            010              5
              5            011              5
              5            100              8
              5            101              7
              5            110              6
              5            111              8
              6            000              1
              6            001              4
              6            010              3
              6            011              5
              6            100              7
              6            101              4
              6            110              7
              6            111              0
              7            000              3
              7            001              5
              7            010              0
              7            011              1
              7            100              5
              7            101              5
              7            110              6
              7            111              0
              8            000              0
              8            001              7
              8            010              3
              8            011              8
              8            100              7
              8            101              0
              8            110              2
              8            111              2
