Eaten part = 0.265397
Start state = 6
Significant inputs: 1 2 4
Moves: 0 0 1 1 0 0 2 0 0
          state         inputs     next state
              0            000              4
              0            001              3
              0            010              0
              0            011              3
              0            100              5
              0            101              4
              0            110              1
              0            111              0
              1            000              4
              1            001              5
              1            010              8
              1            011              2
              1            100              3
              1            101              1
              1            110              6
              1            111              7
              2            000              7
              2            001              4
              2            010              4
              2            011              8
              2            100              4
              2            101              8
              2            110              8
              2            111              0
              3            000              5
              3            001              8
              3            010              3
              3            011              0
              3            100              4
              3            101              3
              3            110              0
              3            111              6
              4            000              4
              4            001              1
              4            010              2
              4            011              0
              4            100              4
              4            101              2
              4            110              7
              4            111              4
              5            000              7
              5            001              6
              5            010              1
              5            011              7
              5            100              8
              5            101              8
              5            110              0
              5            111              4
              6            000              0
              6            001              6
              6            010              5
              6            011              5
              6            100              1
              6            101              0
              6            110              4
              6            111              4
              7            000              4
              7            001              5
              7            010              2
              7            011              3
              7            100              5
              7            101              5
              7            110              4
              7            111              2
              8            000              6
              8            001              7
              8            010              1
              8            011              0
              8            100              7
              8            101              5
              8            110              8
              8            111              3
