Eaten part = 0.292636
Start state = 5
Significant inputs: 0 2 6
Moves: 2 0 0 1 0 0 0 0 0
          state         inputs     next state
              0            000              6
              0            001              7
              0            010              4
              0            011              8
              0            100              1
              0            101              1
              0            110              5
              0            111              4
              1            000              5
              1            001              5
              1            010              3
              1            011              8
              1            100              5
              1            101              5
              1            110              0
              1            111              0
              2            000              4
              2            001              7
              2            010              6
              2            011              2
              2            100              0
              2            101              1
              2            110              5
              2            111              0
              3            000              4
              3            001              4
              3            010              6
              3            011              8
              3            100              5
              3            101              6
              3            110              6
              3            111              6
              4            000              8
              4            001              6
              4            010              8
              4            011              0
              4            100              6
              4            101              4
              4            110              7
              4            111              0
              5            000              8
              5            001              5
              5            010              3
              5            011              8
              5            100              8
              5            101              1
              5            110              5
              5            111              5
              6            000              8
              6            001              7
              6            010              1
              6            011              6
              6            100              0
              6            101              2
              6            110              3
              6            111              8
              7            000              5
              7            001              4
              7            010              4
              7            011              3
              7            100              6
              7            101              8
              7            110              6
              7            111              7
              8            000              8
              8            001              8
              8            010              3
              8            011              1
              8            100              0
              8            101              0
              8            110              0
              8            111              6
