Eaten part = 0.248577
Start state = 4
Significant inputs: 1 2 4
Moves: 0 0 0 0 1 2 2 1 0
          state         inputs     next state
              0            000              3
              0            001              0
              0            010              1
              0            011              1
              0            100              1
              0            101              1
              0            110              6
              0            111              5
              1            000              0
              1            001              0
              1            010              7
              1            011              4
              1            100              6
              1            101              8
              1            110              3
              1            111              0
              2            000              0
              2            001              8
              2            010              2
              2            011              1
              2            100              3
              2            101              5
              2            110              2
              2            111              0
              3            000              8
              3            001              3
              3            010              7
              3            011              7
              3            100              2
              3            101              3
              3            110              8
              3            111              2
              4            000              3
              4            001              8
              4            010              5
              4            011              0
              4            100              6
              4            101              0
              4            110              4
              4            111              5
              5            000              1
              5            001              8
              5            010              8
              5            011              8
              5            100              1
              5            101              6
              5            110              3
              5            111              2
              6            000              0
              6            001              1
              6            010              8
              6            011              7
              6            100              5
              6            101              1
              6            110              3
              6            111              5
              7            000              5
              7            001              2
              7            010              3
              7            011              3
              7            100              1
              7            101              1
              7            110              4
              7            111              2
              8            000              8
              8            001              3
              8            010              4
              8            011              1
              8            100              3
              8            101              1
              8            110              3
              8            111              5
