Eaten part = 0.218698
Start state = 6
Significant inputs: 0 2 3
Moves: 1 1 0 0 0 0 2 0 0
          state         inputs     next state
              0            000              5
              0            001              0
              0            010              5
              0            011              3
              0            100              3
              0            101              4
              0            110              6
              0            111              7
              1            000              5
              1            001              4
              1            010              4
              1            011              3
              1            100              7
              1            101              8
              1            110              4
              1            111              6
              2            000              8
              2            001              8
              2            010              2
              2            011              6
              2            100              8
              2            101              4
              2            110              2
              2            111              8
              3            000              3
              3            001              3
              3            010              0
              3            011              0
              3            100              8
              3            101              6
              3            110              3
              3            111              3
              4            000              7
              4            001              7
              4            010              6
              4            011              8
              4            100              4
              4            101              1
              4            110              5
              4            111              4
              5            000              5
              5            001              8
              5            010              0
              5            011              1
              5            100              8
              5            101              3
              5            110              3
              5            111              3
              6            000              2
              6            001              2
              6            010              8
              6            011              7
              6            100              3
              6            101              4
              6            110              1
              6            111              1
              7            000              7
              7            001              4
              7            010              1
              7            011              8
              7            100              7
              7            101              4
              7            110              4
              7            111              0
              8            000              7
              8            001              6
              8            010              3
              8            011              3
              8            100              7
              8            101              3
              8            110              7
              8            111              5
