Eaten part = 0.231120
Start state = 7
Significant inputs: 0 3 6
Moves: 2 0 0 1 2 0 0 0 0
          state         inputs     next state
              0            000              6
              0            001              5
              0            010              7
              0            011              5
              0            100              1
              0            101              7
              0            110              2
              0            111              5
              1            000              7
              1            001              7
              1            010              5
              1            011              1
              1            100              4
              1            101              3
              1            110              0
              1            111              7
              2            000              1
              2            001              0
              2            010              6
              2            011              1
              2            100              7
              2            101              4
              2            110              4
              2            111              5
              3            000              8
              3            001              5
              3            010              6
              3            011              3
              3            100              5
              3            101              0
              3            110              0
              3            111              1
              4            000              2
              4            001              1
              4            010              5
              4            011              3
              4            100              5
              4            101              4
              4            110              8
              4            111              6
              5            000              6
              5            001              2
              5            010              2
              5            011              3
              5            100              7
              5            101              8
              5            110              3
              5            111              0
              6            000              8
              6            001              6
              6            010              2
              6            011              6
              6            100              4
              6            101              4
              6            110              5
              6            111              3
              7            000              6
              7            001              2
              7            010              6
              7            011              8
              7            100              0
              7            101              0
              7            110              2
              7            111              5
              8            000              6
              8            001              1
              8            010              8
              8            011              5
              8            100              4
              8            101              8
              8            110              6
              8            111              4
