Eaten part = 0.261904
Start state = 8
Significant inputs: 0 4 6
Moves: 1 0 0 0 0 0 2 0 1
          state         inputs     next state
              0            000              1
              0            001              3
              0            010              2
              0            011              4
              0            100              7
              0            101              2
              0            110              7
              0            111              3
              1            000              5
              1            001              2
              1            010              5
              1            011              1
              1            100              5
              1            101              4
              1            110              2
              1            111              5
              2            000              7
              2            001              8
              2            010              3
              2            011              4
              2            100              6
              2            101              6
              2            110              3
              2            111              3
              3            000              0
              3            001              4
              3            010              1
              3            011              1
              3            100              0
              3            101              6
              3            110              1
              3            111              4
              4            000              2
              4            001              5
              4            010              5
              4            011              1
              4            100              1
              4            101              7
              4            110              5
              4            111              4
              5            000              2
              5            001              7
              5            010              5
              5            011              3
              5            100              6
              5            101              5
              5            110              2
              5            111              7
              6            000              4
              6            001              7
              6            010              4
              6            011              4
              6            100              3
              6            101              3
              6            110              3
              6            111              8
              7            000              7
              7            001              2
              7            010              5
              7            011              7
              7            100              6
              7            101              5
              7            110              5
              7            111              3
              8            000              5
              8            001              4
              8            010              6
              8            011              5
              8            100              3
              8            101              7
              8            110              2
              8            111              2
