Eaten part = 0.243382
Start state = 6
Significant inputs: 5 6 7
Moves: 0 1 1 0 0 0 2 0 2
          state         inputs     next state
              0            000              7
              0            001              5
              0            010              0
              0            011              2
              0            100              8
              0            101              8
              0            110              0
              0            111              0
              1            000              4
              1            001              4
              1            010              5
              1            011              5
              1            100              7
              1            101              8
              1            110              4
              1            111              7
              2            000              7
              2            001              3
              2            010              5
              2            011              2
              2            100              7
              2            101              5
              2            110              5
              2            111              6
              3            000              1
              3            001              5
              3            010              1
              3            011              4
              3            100              5
              3            101              3
              3            110              8
              3            111              7
              4            000              7
              4            001              4
              4            010              8
              4            011              3
              4            100              1
              4            101              5
              4            110              8
              4            111              4
              5            000              7
              5            001              8
              5            010              6
              5            011              1
              5            100              2
              5            101              7
              5            110              6
              5            111              6
              6            000              7
              6            001              7
              6            010              8
              6            011              3
              6            100              6
              6            101              4
              6            110              3
              6            111              0
              7            000              5
              7            001              7
              7            010              8
              7            011              7
              7            100              0
              7            101              3
              7            110              4
              7            111              2
              8            000              5
              8            001              3
              8            010              3
              8            011              3
              8            100              0
              8            101              7
              8            110              4
              8            111              0
