Eaten part = 0.293964
Start state = 1
Significant inputs: 0 2 6
Moves: 1 0 0 0 0 0 0 2 0
          state         inputs     next state
              0            000              8
              0            001              5
              0            010              1
              0            011              8
              0            100              8
              0            101              3
              0            110              2
              0            111              4
              1            000              6
              1            001              5
              1            010              0
              1            011              6
              1            100              7
              1            101              4
              1            110              8
              1            111              5
              2            000              0
              2            001              2
              2            010              8
              2            011              5
              2            100              7
              2            101              7
              2            110              5
              2            111              7
              3            000              6
              3            001              1
              3            010              3
              3            011              6
              3            100              0
              3            101              2
              3            110              0
              3            111              3
              4            000              1
              4            001              2
              4            010              5
              4            011              3
              4            100              2
              4            101              8
              4            110              1
              4            111              3
              5            000              1
              5            001              7
              5            010              6
              5            011              2
              5            100              6
              5            101              4
              5            110              6
              5            111              7
              6            000              6
              6            001              6
              6            010              0
              6            011              0
              6            100              7
              6            101              6
              6            110              0
              6            111              4
              7            000              1
              7            001              4
              7            010              8
              7            011              6
              7            100              6
              7            101              8
              7            110              1
              7            111              8
              8            000              6
              8            001              0
              8            010              0
              8            011              3
              8            100              8
              8            101              7
              8            110              2
              8            111              8
