Eaten part = 0.315702
Start state = 1
Significant inputs: 2 4 6
Moves: 0 0 1 0 0 1 2 0 0
          state         inputs     next state
              0            000              3
              0            001              2
              0            010              4
              0            011              7
              0            100              6
              0            101              7
              0            110              0
              0            111              6
              1            000              0
              1            001              2
              1            010              1
              1            011              3
              1            100              6
              1            101              6
              1            110              6
              1            111              3
              2            000              0
              2            001              0
              2            010              0
              2            011              1
              2            100              0
              2            101              3
              2            110              3
              2            111              4
              3            000              1
              3            001              2
              3            010              0
              3            011              4
              3            100              6
              3            101              2
              3            110              3
              3            111              1
              4            000              0
              4            001              4
              4            010              0
              4            011              4
              4            100              3
              4            101              1
              4            110              3
              4            111              3
              5            000              3
              5            001              5
              5            010              5
              5            011              0
              5            100              7
              5            101              4
              5            110              1
              5            111              3
              6            000              1
              6            001              7
              6            010              1
              6            011              8
              6            100              0
              6            101              7
              6            110              0
              6            111              6
              7            000              3
              7            001              3
              7            010              3
              7            011              2
              7            100              7
              7            101              2
              7            110              0
              7            111              5
              8            000              3
              8            001              7
              8            010              4
              8            011              4
              8            100              3
              8            101              2
              8            110              7
              8            111              5
