Eaten part = 0.249209
Start state = 3
Significant inputs: 1 5 6
Moves: 2 0 1 0 0 1 0 2 0
          state         inputs     next state
              0            000              4
              0            001              2
              0            010              3
              0            011              6
              0            100              3
              0            101              3
              0            110              6
              0            111              8
              1            000              6
              1            001              3
              1            010              2
              1            011              8
              1            100              7
              1            101              5
              1            110              4
              1            111              6
              2            000              3
              2            001              3
              2            010              5
              2            011              4
              2            100              2
              2            101              3
              2            110              3
              2            111              4
              3            000              4
              3            001              3
              3            010              3
              3            011              0
              3            100              0
              3            101              0
              3            110              6
              3            111              8
              4            000              3
              4            001              1
              4            010              8
              4            011              0
              4            100              0
              4            101              7
              4            110              3
              4            111              1
              5            000              1
              5            001              8
              5            010              6
              5            011              6
              5            100              0
              5            101              1
              5            110              2
              5            111              0
              6            000              2
              6            001              1
              6            010              8
              6            011              0
              6            100              6
              6            101              5
              6            110              0
              6            111              5
              7            000              0
              7            001              6
              7            010              8
              7            011              8
              7            100              0
              7            101              0
              7            110              3
              7            111              7
              8            000              3
              8            001              5
              8            010              3
              8            011              1
              8            100              7
              8            101              6
              8            110              8
              8            111              1
