Eaten part = 0.315304
Start state = 4
Significant inputs: 2 4 6
Moves: 0 0 0 0 1 0 2 1 2
          state         inputs     next state
              0            000              5
              0            001              7
              0            010              5
              0            011              3
              0            100              6
              0            101              7
              0            110              5
              0            111              3
              1            000              5
              1            001              8
              1            010              2
              1            011              3
              1            100              8
              1            101              4
              1            110              0
              1            111              4
              2            000              3
              2            001              7
              2            010              0
              2            011              2
              2            100              6
              2            101              6
              2            110              0
              2            111              0
              3            000              0
              3            001              7
              3            010              0
              3            011              1
              3            100              6
              3            101              2
              3            110              3
              3            111              6
              4            000              1
              4            001              7
              4            010              0
              4            011              6
              4            100              8
              4            101              3
              4            110              2
              4            111              7
              5            000              0
              5            001              7
              5            010              5
              5            011              5
              5            100              6
              5            101              5
              5            110              2
              5            111              1
              6            000              3
              6            001              0
              6            010              7
              6            011              5
              6            100              0
              6            101              7
              6            110              2
              6            111              3
              7            000              2
              7            001              0
              7            010              2
              7            011              3
              7            100              3
              7            101              1
              7            110              8
              7            111              1
              8            000              3
              8            001              6
              8            010              6
              8            011              0
              8            100              1
              8            101              2
              8            110              6
              8            111              0
