Eaten part = 0.253968
Start state = 5
Significant inputs: 1 5 6
Moves: 1 1 0 0 2 0 0 0 1
          state         inputs     next state
              0            000              5
              0            001              7
              0            010              3
              0            011              1
              0            100              8
              0            101              3
              0            110              1
              0            111              3
              1            000              8
              1            001              5
              1            010              2
              1            011              7
              1            100              3
              1            101              3
              1            110              7
              1            111              7
              2            000              6
              2            001              8
              2            010              8
              2            011              3
              2            100              1
              2            101              1
              2            110              0
              2            111              2
              3            000              0
              3            001              1
              3            010              6
              3            011              1
              3            100              8
              3            101              0
              3            110              7
              3            111              6
              4            000              8
              4            001              1
              4            010              7
              4            011              6
              4            100              3
              4            101              4
              4            110              3
              4            111              1
              5            000              7
              5            001              2
              5            010              0
              5            011              3
              5            100              4
              5            101              0
              5            110              8
              5            111              8
              6            000              6
              6            001              1
              6            010              0
              6            011              5
              6            100              4
              6            101              4
              6            110              5
              6            111              1
              7            000              6
              7            001              6
              7            010              6
              7            011              1
              7            100              4
              7            101              6
              7            110              4
              7            111              4
              8            000              6
              8            001              8
              8            010              5
              8            011              0
              8            100              6
              8            101              1
              8            110              6
              8            111              5
