Eaten part = 0.225262
Start state = 4
Significant inputs: 1 4 5
Moves: 0 1 0 1 0 1 1 1 0
          state         inputs     next state
              0            000              2
              0            001              2
              0            010              0
              0            011              2
              0            100              1
              0            101              1
              0            110              0
              0            111              2
              1            000              5
              1            001              0
              1            010              0
              1            011              2
              1            100              3
              1            101              3
              1            110              3
              1            111              2
              2            000              0
              2            001              5
              2            010              0
              2            011              8
              2            100              1
              2            101              5
              2            110              4
              2            111              4
              3            000              6
              3            001              0
              3            010              8
              3            011              0
              3            100              1
              3            101              4
              3            110              0
              3            111              4
              4            000              3
              4            001              5
              4            010              2
              4            011              4
              4            100              2
              4            101              0
              4            110              2
              4            111              6
              5            000              4
              5            001              2
              5            010              4
              5            011              4
              5            100              7
              5            101              4
              5            110              2
              5            111              0
              6            000              2
              6            001              2
              6            010              0
              6            011              2
              6            100              6
              6            101              4
              6            110              7
              6            111              6
              7            000              6
              7            001              2
              7            010              7
              7            011              6
              7            100              6
              7            101              2
              7            110              3
              7            111              6
              8            000              6
              8            001              3
              8            010              8
              8            011              8
              8            100              8
              8            101              5
              8            110              5
              8            111              3
