Eaten part = 0.246906
Start state = 7
Significant inputs: 3 5 6
Moves: 0 2 0 0 1 0 0 0 2
          state         inputs     next state
              0            000              5
              0            001              5
              0            010              8
              0            011              6
              0            100              5
              0            101              8
              0            110              5
              0            111              3
              1            000              4
              1            001              7
              1            010              7
              1            011              5
              1            100              2
              1            101              1
              1            110              6
              1            111              3
              2            000              7
              2            001              6
              2            010              6
              2            011              7
              2            100              1
              2            101              5
              2            110              2
              2            111              5
              3            000              6
              3            001              7
              3            010              7
              3            011              6
              3            100              4
              3            101              7
              3            110              1
              3            111              1
              4            000              5
              4            001              5
              4            010              2
              4            011              1
              4            100              7
              4            101              5
              4            110              0
              4            111              0
              5            000              6
              5            001              2
              5            010              6
              5            011              0
              5            100              5
              5            101              3
              5            110              8
              5            111              2
              6            000              7
              6            001              4
              6            010              4
              6            011              2
              6            100              8
              6            101              8
              6            110              0
              6            111              1
              7            000              5
              7            001              2
              7            010              7
              7            011              4
              7            100              8
              7            101              7
              7            110              6
              7            111              0
              8            000              6
              8            001              1
              8            010              2
              8            011              3
              8            100              2
              8            101              4
              8            110              6
              8            111              5
