Eaten part = 0.304930
Start state = 5
Significant inputs: 2 6 7
Moves: 0 0 0 1 2 1 1 0 1
          state         inputs     next state
              0            000              4
              0            001              1
              0            010              5
              0            011              8
              0            100              7
              0            101              3
              0            110              7
              0            111              8
              1            000              1
              1            001              6
              1            010              4
              1            011              6
              1            100              1
              1            101              6
              1            110              4
              1            111              6
              2            000              7
              2            001              8
              2            010              4
              2            011              1
              2            100              2
              2            101              7
              2            110              4
              2            111              2
              3            000              1
              3            001              3
              3            010              2
              3            011              7
              3            100              5
              3            101              8
              3            110              8
              3            111              3
              4            000              7
              4            001              7
              4            010              2
              4            011              7
              4            100              7
              4            101              7
              4            110              0
              4            111              7
              5            000              1
              5            001              1
              5            010              7
              5            011              7
              5            100              1
              5            101              1
              5            110              4
              5            111              8
              6            000              7
              6            001              1
              6            010              7
              6            011              7
              6            100              2
              6            101              2
              6            110              2
              6            111              1
              7            000              1
              7            001              8
              7            010              4
              7            011              6
              7            100              1
              7            101              5
              7            110              7
              7            111              7
              8            000              1
              8            001              7
              8            010              2
              8            011              0
              8            100              1
              8            101              7
              8            110              2
              8            111              4
