Eaten part = 0.274280
Start state = 1
Significant inputs: 0 4 6
Moves: 0 2 0 2 1 0 0 0 0
          state         inputs     next state
              0            000              6
              0            001              6
              0            010              2
              0            011              5
              0            100              3
              0            101              5
              0            110              5
              0            111              3
              1            000              6
              1            001              0
              1            010              5
              1            011              5
              1            100              5
              1            101              5
              1            110              5
              1            111              2
              2            000              7
              2            001              7
              2            010              2
              2            011              0
              2            100              8
              2            101              4
              2            110              7
              2            111              8
              3            000              5
              3            001              7
              3            010              5
              3            011              2
              3            100              8
              3            101              6
              3            110              6
              3            111              4
              4            000              0
              4            001              5
              4            010              3
              4            011              6
              4            100              2
              4            101              0
              4            110              6
              4            111              0
              5            000              4
              5            001              0
              5            010              7
              5            011              5
              5            100              3
              5            101              3
              5            110              7
              5            111              2
              6            000              6
              6            001              6
              6            010              5
              6            011              8
              6            100              1
              6            101              1
              6            110              6
              6            111              5
              7            000              6
              7            001              1
              7            010              6
              7            011              8
              7            100              6
              7            101              7
              7            110              0
              7            111              5
              8            000              4
              8            001              5
              8            010              2
              8            011              7
              8            100              2
              8            101              3
              8            110              8
              8            111              3
