Eaten part = 0.259927
Start state = 7
Significant inputs: 1 4 6
Moves: 0 0 0 0 2 0 2 0 1
          state         inputs     next state
              0            000              0
              0            001              4
              0            010              3
              0            011              7
              0            100              5
              0            101              2
              0            110              4
              0            111              2
              1            000              8
              1            001              0
              1            010              3
              1            011              0
              1            100              2
              1            101              5
              1            110              8
              1            111              0
              2            000              2
              2            001              8
              2            010              5
              2            011              5
              2            100              4
              2            101              6
              2            110              5
              2            111              2
              3            000              5
              3            001              2
              3            010              2
              3            011              1
              3            100              4
              3            101              1
              3            110              0
              3            111              6
              4            000              7
              4            001              1
              4            010              7
              4            011              2
              4            100              1
              4            101              5
              4            110              2
              4            111              3
              5            000              5
              5            001              3
              5            010              7
              5            011              2
              5            100              6
              5            101              6
              5            110              7
              5            111              3
              6            000              3
              6            001              2
              6            010              1
              6            011              2
              6            100              1
              6            101              1
              6            110              7
              6            111              1
              7            000              7
              7            001              3
              7            010              2
              7            011              2
              7            100              4
              7            101              5
              7            110              0
              7            111              5
              8            000              3
              8            001              5
              8            010              1
              8            011              1
              8            100              1
              8            101              1
              8            110              5
              8            111              4
