Eaten part = 0.215470
Start state = 0
Significant inputs: 4 5 7
Moves: 1 0 1 2 0 1 0 2 0
          state         inputs     next state
              0            000              6
              0            001              3
              0            010              8
              0            011              8
              0            100              6
              0            101              3
              0            110              6
              0            111              3
              1            000              8
              1            001              6
              1            010              4
              1            011              6
              1            100              8
              1            101              0
              1            110              3
              1            111              7
              2            000              7
              2            001              2
              2            010              0
              2            011              5
              2            100              3
              2            101              0
              2            110              8
              2            111              8
              3            000              8
              3            001              0
              3            010              8
              3            011              0
              3            100              6
              3            101              8
              3            110              6
              3            111              8
              4            000              3
              4            001              0
              4            010              5
              4            011              6
              4            100              6
              4            101              8
              4            110              4
              4            111              1
              5            000              8
              5            001              8
              5            010              7
              5            011              0
              5            100              5
              5            101              8
              5            110              0
              5            111              6
              6            000              3
              6            001              8
              6            010              7
              6            011              6
              6            100              0
              6            101              4
              6            110              7
              6            111              8
              7            000              0
              7            001              0
              7            010              6
              7            011              4
              7            100              8
              7            101              6
              7            110              3
              7            111              8
              8            000              0
              8            001              8
              8            010              6
              8            011              8
              8            100              6
              8            101              8
              8            110              8
              8            111              6
