Eaten part = 0.239583
Start state = 6
Significant inputs: 3 4 6
Moves: 2 0 0 0 2 0 0 0 0
          state         inputs     next state
              0            000              1
              0            001              1
              0            010              7
              0            011              4
              0            100              2
              0            101              4
              0            110              6
              0            111              1
              1            000              3
              1            001              5
              1            010              0
              1            011              7
              1            100              2
              1            101              0
              1            110              5
              1            111              0
              2            000              1
              2            001              5
              2            010              3
              2            011              6
              2            100              3
              2            101              2
              2            110              1
              2            111              1
              3            000              6
              3            001              6
              3            010              3
              3            011              6
              3            100              0
              3            101              5
              3            110              7
              3            111              2
              4            000              2
              4            001              6
              4            010              3
              4            011              7
              4            100              7
              4            101              7
              4            110              8
              4            111              5
              5            000              7
              5            001              6
              5            010              1
              5            011              1
              5            100              6
              5            101              4
              5            110              5
              5            111              3
              6            000              3
              6            001              6
              6            010              5
              6            011              1
              6            100              4
              6            101              6
              6            110              5
              6            111              7
              7            000              7
              7            001              7
              7            010              5
              7            011              1
              7            100              4
              7            101              2
              7            110              7
              7            111              5
              8            000              2
              8            001              3
              8            010              4
              8            011              7
              8            100              3
              8            101              4
              8            110              1
              8            111              4
