Eaten part = 0.238316
Start state = 4
Significant inputs: 1 2 6
Moves: 0 0 1 0 0 1 2 1 2
          state         inputs     next state
              0            000              0
              0            001              1
              0            010              7
              0            011              2
              0            100              0
              0            101              1
              0            110              7
              0            111              8
              1            000              8
              1            001              1
              1            010              3
              1            011              1
              1            100              7
              1            101              6
              1            110              6
              1            111              0
              2            000              0
              2            001              2
              2            010              4
              2            011              2
              2            100              0
              2            101              8
              2            110              4
              2            111              8
              3            000              2
              3            001              4
              3            010              5
              3            011              4
              3            100              1
              3            101              6
              3            110              8
              3            111              5
              4            000              4
              4            001              2
              4            010              7
              4            011              3
              4            100              0
              4            101              7
              4            110              1
              4            111              3
              5            000              7
              5            001              7
              5            010              0
              5            011              1
              5            100              3
              5            101              2
              5            110              6
              5            111              8
              6            000              3
              6            001              7
              6            010              5
              6            011              7
              6            100              4
              6            101              7
              6            110              3
              6            111              4
              7            000              5
              7            001              0
              7            010              1
              7            011              4
              7            100              3
              7            101              0
              7            110              1
              7            111              1
              8            000              3
              8            001              8
              8            010              2
              8            011              6
              8            100              7
              8            101              5
              8            110              5
              8            111              1
