Eaten part = 0.267456
Start state = 0
Significant inputs: 4 5 6
Moves: 0 1 0 0 0 2 0 0 1
          state         inputs     next state
              0            000              7
              0            001              4
              0            010              3
              0            011              5
              0            100              1
              0            101              6
              0            110              2
              0            111              7
              1            000              3
              1            001              5
              1            010              6
              1            011              5
              1            100              7
              1            101              5
              1            110              5
              1            111              5
              2            000              1
              2            001              3
              2            010              7
              2            011              6
              2            100              5
              2            101              3
              2            110              0
              2            111              5
              3            000              3
              3            001              2
              3            010              2
              3            011              2
              3            100              5
              3            101              3
              3            110              6
              3            111              3
              4            000              3
              4            001              4
              4            010              2
              4            011              5
              4            100              0
              4            101              7
              4            110              2
              4            111              5
              5            000              2
              5            001              2
              5            010              2
              5            011              3
              5            100              3
              5            101              4
              5            110              2
              5            111              2
              6            000              7
              6            001              3
              6            010              1
              6            011              7
              6            100              5
              6            101              3
              6            110              0
              6            111              2
              7            000              6
              7            001              7
              7            010              8
              7            011              2
              7            100              5
              7            101              2
              7            110              3
              7            111              2
              8            000              0
              8            001              5
              8            010              8
              8            011              2
              8            100              7
              8            101              5
              8            110              2
              8            111              0
