Eaten part = 0.301602
Start state = 2
Significant inputs: 2 5 6
Moves: 1 0 0 0 0 1 2 0 1
          state         inputs     next state
              0            000              1
              0            001              4
              0            010              4
              0            011              3
              0            100              3
              0            101              7
              0            110              3
              0            111              1
              1            000              1
              1            001              8
              1            010              4
              1            011              6
              1            100              6
              1            101              0
              1            110              6
              1            111              5
              2            000              2
              2            001              0
              2            010              3
              2            011              5
              2            100              6
              2            101              0
              2            110              6
              2            111              2
              3            000              4
              3            001              2
              3            010              3
              3            011              5
              3            100              1
              3            101              6
              3            110              2
              3            111              6
              4            000              2
              4            001              0
              4            010              1
              4            011              0
              4            100              6
              4            101              1
              4            110              2
              4            111              1
              5            000              6
              5            001              1
              5            010              7
              5            011              5
              5            100              2
              5            101              3
              5            110              6
              5            111              2
              6            000              3
              6            001              8
              6            010              3
              6            011              4
              6            100              4
              6            101              4
              6            110              1
              6            111              4
              7            000              3
              7            001              0
              7            010              1
              7            011              3
              7            100              7
              7            101              5
              7            110              5
              7            111              5
              8            000              2
              8            001              1
              8            010              5
              8            011              7
              8            100              4
              8            101              1
              8            110              2
              8            111              7
