Eaten part = 0.259652
Start state = 5
Significant inputs: 1 2 4
Moves: 0 1 1 0 0 0 0 0 2
          state         inputs     next state
              0            000              4
              0            001              0
              0            010              1
              0            011              6
              0            100              5
              0            101              8
              0            110              6
              0            111              5
              1            000              6
              1            001              4
              1            010              5
              1            011              3
              1            100              0
              1            101              5
              1            110              0
              1            111              0
              2            000              1
              2            001              4
              2            010              3
              2            011              3
              2            100              3
              2            101              0
              2            110              7
              2            111              4
              3            000              8
              3            001              0
              3            010              1
              3            011              1
              3            100              7
              3            101              8
              3            110              0
              3            111              1
              4            000              4
              4            001              8
              4            010              2
              4            011              6
              4            100              3
              4            101              2
              4            110              7
              4            111              2
              5            000              7
              5            001              3
              5            010              6
              5            011              8
              5            100              4
              5            101              2
              5            110              0
              5            111              4
              6            000              0
              6            001              6
              6            010              1
              6            011              7
              6            100              5
              6            101              3
              6            110              0
              6            111              0
              7            000              6
              7            001              3
              7            010              1
              7            011              1
              7            100              6
              7            101              0
              7            110              2
              7            111              5
              8            000              0
              8            001              2
              8            010              7
              8            011              0
              8            100              4
              8            101              6
              8            110              6
              8            111              8
