Eaten part = 0.302194
Start state = 5
Significant inputs: 2 3 6
Moves: 0 0 0 0 2 0 1 2 0
          state         inputs     next state
              0            000              3
              0            001              6
              0            010              8
              0            011              5
              0            100              8
              0            101              3
              0            110              8
              0            111              2
              1            000              8
              1            001              1
              1            010              0
              1            011              6
              1            100              1
              1            101              3
              1            110              8
              1            111              4
              2            000              2
              2            001              1
              2            010              0
              2            011              2
              2            100              8
              2            101              3
              2            110              0
              2            111              2
              3            000              3
              3            001              6
              3            010              8
              3            011              6
              3            100              4
              3            101              6
              3            110              7
              3            111              6
              4            000              5
              4            001              0
              4            010              1
              4            011              0
              4            100              1
              4            101              8
              4            110              3
              4            111              7
              5            000              1
              5            001              6
              5            010              8
              5            011              5
              5            100              8
              5            101              3
              5            110              8
              5            111              0
              6            000              5
              6            001              8
              6            010              7
              6            011              4
              6            100              2
              6            101              3
              6            110              3
              6            111              3
              7            000              5
              7            001              8
              7            010              2
              7            011              1
              7            100              1
              7            101              5
              7            110              0
              7            111              5
              8            000              8
              8            001              6
              8            010              3
              8            011              6
              8            100              4
              8            101              7
              8            110              7
              8            111              8
