Eaten part = 0.237143
Start state = 6
Significant inputs: 1 5 6
Moves: 0 0 1 0 0 0 0 0 2
          state         inputs     next state
              0            000              7
              0            001              3
              0            010              6
              0            011              2
              0            100              4
              0            101              5
              0            110              1
              0            111              7
              1            000              1
              1            001              3
              1            010              4
              1            011              7
              1            100              8
              1            101              5
              1            110              0
              1            111              0
              2            000              1
              2            001              5
              2            010              3
              2            011              3
              2            100              1
              2            101              0
              2            110              6
              2            111              3
              3            000              6
              3            001              7
              3            010              3
              3            011              3
              3            100              8
              3            101              6
              3            110              4
              3            111              7
              4            000              3
              4            001              3
              4            010              2
              4            011              3
              4            100              1
              4            101              6
              4            110              4
              4            111              4
              5            000              4
              5            001              2
              5            010              6
              5            011              2
              5            100              6
              5            101              3
              5            110              1
              5            111              8
              6            000              2
              6            001              4
              6            010              0
              6            011              2
              6            100              3
              6            101              8
              6            110              7
              6            111              8
              7            000              7
              7            001              7
              7            010              0
              7            011              2
              7            100              8
              7            101              3
              7            110              6
              7            111              1
              8            000              4
              8            001              4
              8            010              1
              8            011              3
              8            100              7
              8            101              6
              8            110              4
              8            111              6
