Eaten part = 0.297343
Start state = 2
Significant inputs: 1 2 6
Moves: 0 0 0 0 2 0 0 1 1
          state         inputs     next state
              0            000              1
              0            001              0
              0            010              0
              0            011              5
              0            100              5
              0            101              0
              0            110              8
              0            111              0
              1            000              6
              1            001              5
              1            010              8
              1            011              7
              1            100              2
              1            101              4
              1            110              8
              1            111              6
              2            000              3
              2            001              0
              2            010              8
              2            011              3
              2            100              4
              2            101              0
              2            110              4
              2            111              4
              3            000              2
              3            001              0
              3            010              8
              3            011              2
              3            100              4
              3            101              3
              3            110              2
              3            111              0
              4            000              6
              4            001              0
              4            010              1
              4            011              5
              4            100              1
              4            101              5
              4            110              6
              4            111              1
              5            000              3
              5            001              6
              5            010              3
              5            011              5
              5            100              0
              5            101              5
              5            110              1
              5            111              0
              6            000              6
              6            001              2
              6            010              7
              6            011              3
              6            100              4
              6            101              5
              6            110              8
              6            111              5
              7            000              7
              7            001              3
              7            010              8
              7            011              1
              7            100              1
              7            101              2
              7            110              3
              7            111              3
              8            000              4
              8            001              0
              8            010              8
              8            011              2
              8            100              0
              8            101              2
              8            110              3
              8            111              2
