Eaten part = 0.261031
Start state = 1
Significant inputs: 1 4 6
Moves: 1 0 0 0 0 2 0 0 1
          state         inputs     next state
              0            000              6
              0            001              7
              0            010              4
              0            011              2
              0            100              3
              0            101              7
              0            110              8
              0            111              7
              1            000              6
              1            001              2
              1            010              4
              1            011              5
              1            100              6
              1            101              2
              1            110              6
              1            111              2
              2            000              3
              2            001              4
              2            010              4
              2            011              2
              2            100              4
              2            101              0
              2            110              4
              2            111              2
              3            000              4
              3            001              0
              3            010              7
              3            011              4
              3            100              5
              3            101              7
              3            110              7
              3            111              8
              4            000              4
              4            001              3
              4            010              4
              4            011              4
              4            100              5
              4            101              5
              4            110              6
              4            111              2
              5            000              4
              5            001              1
              5            010              0
              5            011              1
              5            100              6
              5            101              6
              5            110              6
              5            111              7
              6            000              8
              6            001              3
              6            010              3
              6            011              1
              6            100              0
              6            101              0
              6            110              3
              6            111              2
              7            000              3
              7            001              4
              7            010              3
              7            011              1
              7            100              5
              7            101              6
              7            110              6
              7            111              0
              8            000              7
              8            001              2
              8            010              4
              8            011              8
              8            100              5
              8            101              4
              8            110              2
              8            111              7
