Eaten part = 0.227661
Start state = 1
Significant inputs: 1 3 6
Moves: 2 0 0 2 2 0 0 0 1
          state         inputs     next state
              0            000              5
              0            001              4
              0            010              6
              0            011              8
              0            100              6
              0            101              6
              0            110              2
              0            111              4
              1            000              6
              1            001              0
              1            010              5
              1            011              8
              1            100              7
              1            101              0
              1            110              3
              1            111              4
              2            000              6
              2            001              1
              2            010              6
              2            011              6
              2            100              0
              2            101              3
              2            110              7
              2            111              1
              3            000              2
              3            001              7
              3            010              6
              3            011              8
              3            100              1
              3            101              1
              3            110              7
              3            111              1
              4            000              4
              4            001              5
              4            010              4
              4            011              5
              4            100              5
              4            101              0
              4            110              7
              4            111              0
              5            000              7
              5            001              7
              5            010              2
              5            011              7
              5            100              7
              5            101              1
              5            110              0
              5            111              6
              6            000              2
              6            001              2
              6            010              6
              6            011              2
              6            100              0
              6            101              2
              6            110              6
              6            111              8
              7            000              6
              7            001              6
              7            010              1
              7            011              1
              7            100              3
              7            101              3
              7            110              7
              7            111              0
              8            000              1
              8            001              5
              8            010              8
              8            011              6
              8            100              2
              8            101              5
              8            110              2
              8            111              0
