Eaten part = 0.235239
Start state = 6
Significant inputs: 0 3 6
Moves: 2 0 2 0 0 1 1 2 0
          state         inputs     next state
              0            000              3
              0            001              1
              0            010              6
              0            011              6
              0            100              1
              0            101              0
              0            110              6
              0            111              0
              1            000              3
              1            001              1
              1            010              1
              1            011              8
              1            100              2
              1            101              5
              1            110              0
              1            111              8
              2            000              8
              2            001              3
              2            010              8
              2            011              8
              2            100              1
              2            101              4
              2            110              1
              2            111              6
              3            000              3
              3            001              6
              3            010              1
              3            011              6
              3            100              2
              3            101              5
              3            110              2
              3            111              1
              4            000              2
              4            001              8
              4            010              8
              4            011              6
              4            100              2
              4            101              4
              4            110              1
              4            111              3
              5            000              5
              5            001              0
              5            010              2
              5            011              1
              5            100              3
              5            101              1
              5            110              0
              5            111              8
              6            000              1
              6            001              8
              6            010              1
              6            011              3
              6            100              1
              6            101              3
              6            110              4
              6            111              7
              7            000              1
              7            001              7
              7            010              8
              7            011              1
              7            100              3
              7            101              1
              7            110              2
              7            111              7
              8            000              8
              8            001              1
              8            010              3
              8            011              1
              8            100              7
              8            101              3
              8            110              8
              8            111              2
