Eaten part = 0.220625
Start state = 4
Significant inputs: 0 2 7
Moves: 0 1 0 0 1 0 0 2 0
          state         inputs     next state
              0            000              2
              0            001              2
              0            010              1
              0            011              7
              0            100              0
              0            101              5
              0            110              7
              0            111              0
              1            000              5
              1            001              3
              1            010              2
              1            011              5
              1            100              3
              1            101              0
              1            110              7
              1            111              8
              2            000              8
              2            001              3
              2            010              1
              2            011              8
              2            100              8
              2            101              5
              2            110              1
              2            111              5
              3            000              8
              3            001              2
              3            010              2
              3            011              3
              3            100              2
              3            101              0
              3            110              6
              3            111              4
              4            000              8
              4            001              3
              4            010              0
              4            011              6
              4            100              6
              4            101              4
              4            110              3
              4            111              5
              5            000              5
              5            001              3
              5            010              5
              5            011              0
              5            100              6
              5            101              4
              5            110              1
              5            111              3
              6            000              8
              6            001              8
              6            010              8
              6            011              1
              6            100              3
              6            101              8
              6            110              2
              6            111              7
              7            000              4
              7            001              5
              7            010              0
              7            011              6
              7            100              5
              7            101              8
              7            110              6
              7            111              4
              8            000              0
              8            001              0
              8            010              4
              8            011              1
              8            100              0
              8            101              2
              8            110              7
              8            111              1
