Eaten part = 0.257456
Start state = 0
Significant inputs: 1 4 6
Moves: 2 0 0 0 1 0 0 0 0
          state         inputs     next state
              0            000              2
              0            001              8
              0            010              5
              0            011              2
              0            100              5
              0            101              5
              0            110              8
              0            111              2
              1            000              3
              1            001              0
              1            010              8
              1            011              4
              1            100              1
              1            101              0
              1            110              8
              1            111              5
              2            000              3
              2            001              2
              2            010              3
              2            011              2
              2            100              0
              2            101              8
              2            110              3
              2            111              5
              3            000              3
              3            001              5
              3            010              5
              3            011              2
              3            100              0
              3            101              7
              3            110              5
              3            111              0
              4            000              3
              4            001              3
              4            010              0
              4            011              8
              4            100              7
              4            101              6
              4            110              1
              4            111              6
              5            000              4
              5            001              3
              5            010              3
              5            011              1
              5            100              0
              5            101              2
              5            110              7
              5            111              5
              6            000              7
              6            001              7
              6            010              2
              6            011              2
              6            100              7
              6            101              3
              6            110              7
              6            111              4
              7            000              5
              7            001              4
              7            010              2
              7            011              2
              7            100              0
              7            101              3
              7            110              4
              7            111              6
              8            000              5
              8            001              6
              8            010              7
              8            011              3
              8            100              7
              8            101              5
              8            110              0
              8            111              5
