Eaten part = 0.308305
Start state = 2
Significant inputs: 2 3 6
Moves: 2 1 0 2 1 1 1 0 0
          state         inputs     next state
              0            000              2
              0            001              7
              0            010              8
              0            011              6
              0            100              2
              0            101              2
              0            110              4
              0            111              6
              1            000              2
              1            001              2
              1            010              5
              1            011              2
              1            100              8
              1            101              8
              1            110              7
              1            111              8
              2            000              8
              2            001              6
              2            010              2
              2            011              4
              2            100              0
              2            101              0
              2            110              0
              2            111              4
              3            000              2
              3            001              7
              3            010              8
              3            011              5
              3            100              2
              3            101              8
              3            110              5
              3            111              5
              4            000              7
              4            001              8
              4            010              7
              4            011              8
              4            100              8
              4            101              2
              4            110              7
              4            111              6
              5            000              8
              5            001              2
              5            010              0
              5            011              1
              5            100              7
              5            101              7
              5            110              6
              5            111              7
              6            000              7
              6            001              2
              6            010              8
              6            011              2
              6            100              2
              6            101              2
              6            110              2
              6            111              2
              7            000              2
              7            001              1
              7            010              8
              7            011              8
              7            100              1
              7            101              1
              7            110              0
              7            111              1
              8            000              2
              8            001              6
              8            010              2
              8            011              1
              8            100              0
              8            101              3
              8            110              8
              8            111              3
