Eaten part = 0.304464
Start state = 1
Significant inputs: 2 4 6
Moves: 0 0 2 0 0 0 1 0 0
          state         inputs     next state
              0            000              5
              0            001              5
              0            010              4
              0            011              1
              0            100              2
              0            101              4
              0            110              1
              0            111              1
              1            000              0
              1            001              8
              1            010              4
              1            011              4
              1            100              7
              1            101              1
              1            110              5
              1            111              7
              2            000              0
              2            001              1
              2            010              4
              2            011              1
              2            100              5
              2            101              4
              2            110              8
              2            111              7
              3            000              0
              3            001              6
              3            010              4
              3            011              3
              3            100              8
              3            101              2
              3            110              3
              3            111              7
              4            000              5
              4            001              4
              4            010              0
              4            011              0
              4            100              2
              4            101              5
              4            110              0
              4            111              1
              5            000              5
              5            001              6
              5            010              5
              5            011              3
              5            100              2
              5            101              4
              5            110              1
              5            111              4
              6            000              3
              6            001              0
              6            010              1
              6            011              8
              6            100              5
              6            101              3
              6            110              3
              6            111              7
              7            000              5
              7            001              3
              7            010              4
              7            011              5
              7            100              0
              7            101              8
              7            110              2
              7            111              1
              8            000              5
              8            001              4
              8            010              7
              8            011              6
              8            100              4
              8            101              6
              8            110              5
              8            111              8
