Eaten part = 0.265922
Start state = 1
Significant inputs: 0 4 6 7
Moves: ROTATERIGHT MOVE MOVE ROTATERIGHT ROTATERIGHT ROTATERIGHT ROTATERIGHT MOVE ROTATELEFT ROTATERIGHT
          state         inputs     next state
              0           0000              8
              0           0001              8
              0           0010              0
              0           0011              8
              0           0100              4
              0           0101              2
              0           0110              4
              0           0111              7
              0           1000              2
              0           1001              7
              0           1010              7
              0           1011              6
              0           1100              2
              0           1101              6
              0           1110              7
              0           1111              9
              1           0000              7
              1           0001              2
              1           0010              6
              1           0011              7
              1           0100              4
              1           0101              3
              1           0110              1
              1           0111              5
              1           1000              5
              1           1001              1
              1           1010              4
              1           1011              7
              1           1100              1
              1           1101              1
              1           1110              4
              1           1111              7
              2           0000              7
              2           0001              8
              2           0010              7
              2           0011              2
              2           0100              4
              2           0101              3
              2           0110              7
              2           0111              4
              2           1000              7
              2           1001              7
              2           1010              2
              2           1011              8
              2           1100              4
              2           1101              7
              2           1110              9
              2           1111              0
              3           0000              0
              3           0001              4
              3           0010              8
              3           0011              7
              3           0100              6
              3           0101              0
              3           0110              4
              3           0111              7
              3           1000              7
              3           1001              0
              3           1010              3
              3           1011              8
              3           1100              2
              3           1101              6
              3           1110              9
              3           1111              4
              4           0000              7
              4           0001              5
              4           0010              1
              4           0011              7
              4           0100              2
              4           0101              5
              4           0110              2
              4           0111              6
              4           1000              7
              4           1001              7
              4           1010              1
              4           1011              3
              4           1100              3
              4           1101              0
              4           1110              8
              4           1111              9
              5           0000              0
              5           0001              4
              5           0010              0
              5           0011              9
              5           0100              0
              5           0101              8
              5           0110              7
              5           0111              6
              5           1000              9
              5           1001              5
              5           1010              4
              5           1011              3
              5           1100              7
              5           1101              5
              5           1110              7
              5           1111              4
              6           0000              8
              6           0001              4
              6           0010              5
              6           0011              0
              6           0100              9
              6           0101              0
              6           0110              5
              6           0111              7
              6           1000              2
              6           1001              1
              6           1010              3
              6           1011              4
              6           1100              4
              6           1101              4
              6           1110              4
              6           1111              1
              7           0000              2
              7           0001              7
              7           0010              7
              7           0011              1
              7           0100              4
              7           0101              4
              7           0110              1
              7           0111              8
              7           1000              7
              7           1001              9
              7           1010              7
              7           1011              8
              7           1100              9
              7           1101              7
              7           1110              9
              7           1111              2
              8           0000              2
              8           0001              1
              8           0010              7
              8           0011              0
              8           0100              7
              8           0101              2
              8           0110              3
              8           0111              6
              8           1000              5
              8           1001              7
              8           1010              1
              8           1011              7
              8           1100              7
              8           1101              3
              8           1110              2
              8           1111              2
              9           0000              2
              9           0001              1
              9           0010              0
              9           0011              0
              9           0100              1
              9           0101              4
              9           0110              7
              9           0111              5
              9           1000              7
              9           1001              6
              9           1010              1
              9           1011              9
              9           1100              1
              9           1101              1
              9           1110              1
              9           1111              2
