Eaten part = 0.233522
Start state = 1
Significant inputs: 0 2 3
Moves: 2 0 1 0 2 0 1 0 0
          state         inputs     next state
              0            000              8
              0            001              8
              0            010              0
              0            011              8
              0            100              8
              0            101              8
              0            110              3
              0            111              3
              1            000              3
              1            001              8
              1            010              6
              1            011              5
              1            100              7
              1            101              5
              1            110              3
              1            111              6
              2            000              8
              2            001              3
              2            010              5
              2            011              1
              2            100              4
              2            101              0
              2            110              1
              2            111              2
              3            000              5
              3            001              3
              3            010              2
              3            011              2
              3            100              5
              3            101              5
              3            110              2
              3            111              6
              4            000              1
              4            001              4
              4            010              5
              4            011              5
              4            100              6
              4            101              8
              4            110              6
              4            111              7
              5            000              8
              5            001              3
              5            010              1
              5            011              8
              5            100              5
              5            101              8
              5            110              6
              5            111              7
              6            000              3
              6            001              3
              6            010              1
              6            011              1
              6            100              8
              6            101              8
              6            110              7
              6            111              5
              7            000              4
              7            001              5
              7            010              7
              7            011              0
              7            100              6
              7            101              7
              7            110              5
              7            111              7
              8            000              1
              8            001              1
              8            010              2
              8            011              2
              8            100              8
              8            101              4
              8            110              3
              8            111              1
