Eaten part = 0.304539
Start state = 8
Significant inputs: 1 2 6
Moves: 0 1 0 0 2 1 0 0 0
          state         inputs     next state
              0            000              2
              0            001              2
              0            010              6
              0            011              1
              0            100              1
              0            101              8
              0            110              8
              0            111              8
              1            000              8
              1            001              7
              1            010              8
              1            011              7
              1            100              4
              1            101              6
              1            110              2
              1            111              2
              2            000              7
              2            001              6
              2            010              3
              2            011              4
              2            100              4
              2            101              4
              2            110              4
              2            111              8
              3            000              2
              3            001              2
              3            010              8
              3            011              3
              3            100              5
              3            101              2
              3            110              1
              3            111              4
              4            000              7
              4            001              8
              4            010              6
              4            011              8
              4            100              7
              4            101              5
              4            110              8
              4            111              0
              5            000              6
              5            001              2
              5            010              7
              5            011              6
              5            100              6
              5            101              8
              5            110              3
              5            111              8
              6            000              2
              6            001              7
              6            010              5
              6            011              6
              6            100              7
              6            101              7
              6            110              0
              6            111              4
              7            000              7
              7            001              7
              7            010              1
              7            011              5
              7            100              4
              7            101              2
              7            110              1
              7            111              2
              8            000              2
              8            001              3
              8            010              0
              8            011              1
              8            100              6
              8            101              8
              8            110              0
              8            111              1
