Eaten part = 0.307168
Start state = 5
Significant inputs: 2 4 6
Moves: 0 0 0 0 2 0 0 0 1
          state         inputs     next state
              0            000              7
              0            001              0
              0            010              6
              0            011              1
              0            100              3
              0            101              1
              0            110              7
              0            111              1
              1            000              6
              1            001              8
              1            010              6
              1            011              8
              1            100              3
              1            101              4
              1            110              7
              1            111              0
              2            000              3
              2            001              4
              2            010              5
              2            011              6
              2            100              4
              2            101              2
              2            110              1
              2            111              7
              3            000              6
              3            001              6
              3            010              6
              3            011              8
              3            100              7
              3            101              3
              3            110              3
              3            111              6
              4            000              3
              4            001              2
              4            010              0
              4            011              2
              4            100              6
              4            101              6
              4            110              0
              4            111              4
              5            000              6
              5            001              5
              5            010              6
              5            011              4
              5            100              3
              5            101              0
              5            110              0
              5            111              0
              6            000              6
              6            001              8
              6            010              7
              6            011              1
              6            100              4
              6            101              8
              6            110              0
              6            111              6
              7            000              7
              7            001              8
              7            010              6
              7            011              3
              7            100              4
              7            101              5
              7            110              0
              7            111              8
              8            000              7
              8            001              2
              8            010              7
              8            011              6
              8            100              0
              8            101              7
              8            110              2
              8            111              3
