Eaten part = 0.245710
Start state = 6
Significant inputs: 1 2 5
Moves: 0 1 0 2 0 1 1 0 2
          state         inputs     next state
              0            000              2
              0            001              0
              0            010              6
              0            011              3
              0            100              2
              0            101              4
              0            110              8
              0            111              4
              1            000              3
              1            001              7
              1            010              0
              1            011              5
              1            100              3
              1            101              1
              1            110              7
              1            111              0
              2            000              7
              2            001              0
              2            010              3
              2            011              2
              2            100              7
              2            101              5
              2            110              3
              2            111              1
              3            000              2
              3            001              4
              3            010              8
              3            011              7
              3            100              4
              3            101              0
              3            110              5
              3            111              0
              4            000              7
              4            001              0
              4            010              5
              4            011              2
              4            100              7
              4            101              2
              4            110              1
              4            111              2
              5            000              7
              5            001              0
              5            010              7
              5            011              7
              5            100              0
              5            101              0
              5            110              0
              5            111              8
              6            000              4
              6            001              0
              6            010              8
              6            011              4
              6            100              1
              6            101              0
              6            110              1
              6            111              7
              7            000              7
              7            001              0
              7            010              5
              7            011              8
              7            100              2
              7            101              8
              7            110              5
              7            111              2
              8            000              8
              8            001              7
              8            010              0
              8            011              8
              8            100              8
              8            101              1
              8            110              1
              8            111              4
