Eaten part = 0.210454
Start state = 2
Significant inputs: 4 5 7
Moves: 0 2 0 1 2 2 0 0 2
          state         inputs     next state
              0            000              0
              0            001              2
              0            010              3
              0            011              0
              0            100              3
              0            101              2
              0            110              3
              0            111              0
              1            000              1
              1            001              1
              1            010              2
              1            011              5
              1            100              6
              1            101              7
              1            110              0
              1            111              6
              2            000              3
              2            001              6
              2            010              4
              2            011              2
              2            100              2
              2            101              0
              2            110              6
              2            111              4
              3            000              6
              3            001              8
              3            010              7
              3            011              5
              3            100              0
              3            101              6
              3            110              1
              3            111              4
              4            000              0
              4            001              3
              4            010              0
              4            011              0
              4            100              6
              4            101              0
              4            110              6
              4            111              7
              5            000              0
              5            001              1
              5            010              2
              5            011              4
              5            100              2
              5            101              7
              5            110              7
              5            111              5
              6            000              4
              6            001              6
              6            010              2
              6            011              0
              6            100              3
              6            101              0
              6            110              4
              6            111              6
              7            000              0
              7            001              6
              7            010              3
              7            011              6
              7            100              3
              7            101              1
              7            110              0
              7            111              2
              8            000              0
              8            001              3
              8            010              0
              8            011              5
              8            100              2
              8            101              0
              8            110              4
              8            111              6
