Eaten part = 0.295234
Start state = 7
Significant inputs: 1 2 6
Moves: 0 0 2 0 1 0 0 0 0
          state         inputs     next state
              0            000              0
              0            001              6
              0            010              4
              0            011              0
              0            100              2
              0            101              8
              0            110              2
              0            111              4
              1            000              3
              1            001              6
              1            010              0
              1            011              3
              1            100              0
              1            101              5
              1            110              8
              1            111              6
              2            000              0
              2            001              0
              2            010              3
              2            011              0
              2            100              5
              2            101              6
              2            110              8
              2            111              0
              3            000              0
              3            001              3
              3            010              8
              3            011              4
              3            100              6
              3            101              3
              3            110              8
              3            111              0
              4            000              5
              4            001              5
              4            010              4
              4            011              0
              4            100              0
              4            101              5
              4            110              6
              4            111              7
              5            000              0
              5            001              6
              5            010              3
              5            011              5
              5            100              2
              5            101              0
              5            110              5
              5            111              8
              6            000              6
              6            001              7
              6            010              4
              6            011              3
              6            100              8
              6            101              7
              6            110              3
              6            111              2
              7            000              6
              7            001              6
              7            010              2
              7            011              7
              7            100              0
              7            101              0
              7            110              7
              7            111              0
              8            000              0
              8            001              0
              8            010              8
              8            011              1
              8            100              1
              8            101              6
              8            110              0
              8            111              5
