Eaten part = 0.241707
Start state = 7
Significant inputs: 0 5 6
Moves: 0 2 0 0 2 0 1 0 0
          state         inputs     next state
              0            000              8
              0            001              6
              0            010              0
              0            011              3
              0            100              3
              0            101              5
              0            110              5
              0            111              7
              1            000              3
              1            001              5
              1            010              0
              1            011              0
              1            100              4
              1            101              3
              1            110              2
              1            111              4
              2            000              5
              2            001              6
              2            010              1
              2            011              0
              2            100              8
              2            101              7
              2            110              1
              2            111              6
              3            000              8
              3            001              2
              3            010              7
              3            011              3
              3            100              5
              3            101              0
              3            110              6
              3            111              3
              4            000              7
              4            001              2
              4            010              3
              4            011              0
              4            100              1
              4            101              6
              4            110              2
              4            111              8
              5            000              0
              5            001              0
              5            010              7
              5            011              2
              5            100              3
              5            101              7
              5            110              1
              5            111              3
              6            000              3
              6            001              5
              6            010              7
              6            011              3
              6            100              3
              6            101              6
              6            110              8
              6            111              1
              7            000              8
              7            001              8
              7            010              8
              7            011              0
              7            100              3
              7            101              5
              7            110              0
              7            111              1
              8            000              8
              8            001              8
              8            010              8
              8            011              5
              8            100              4
              8            101              1
              8            110              4
              8            111              5
