Eaten part = 0.325955
Start state = 2
Significant inputs: 2 4 6
Moves: 0 1 0 2 1 0 0 0 0
          state         inputs     next state
              0            000              5
              0            001              0
              0            010              2
              0            011              3
              0            100              6
              0            101              6
              0            110              8
              0            111              4
              1            000              0
              1            001              2
              1            010              7
              1            011              0
              1            100              2
              1            101              5
              1            110              2
              1            111              8
              2            000              6
              2            001              4
              2            010              7
              2            011              5
              2            100              3
              2            101              3
              2            110              7
              2            111              6
              3            000              0
              3            001              5
              3            010              7
              3            011              0
              3            100              2
              3            101              7
              3            110              7
              3            111              2
              4            000              7
              4            001              8
              4            010              7
              4            011              8
              4            100              6
              4            101              8
              4            110              2
              4            111              5
              5            000              2
              5            001              1
              5            010              6
              5            011              8
              5            100              3
              5            101              4
              5            110              8
              5            111              6
              6            000              6
              6            001              4
              6            010              5
              6            011              8
              6            100              3
              6            101              2
              6            110              7
              6            111              7
              7            000              2
              7            001              1
              7            010              5
              7            011              6
              7            100              5
              7            101              3
              7            110              2
              7            111              7
              8            000              7
              8            001              4
              8            010              5
              8            011              4
              8            100              3
              8            101              3
              8            110              0
              8            111              0
