Eaten part = 0.186145
Start state = 5
Significant inputs: 0 4 7
Moves: 0 0 0 0 0 0 2 0 0
          state         inputs     next state
              0            000              2
              0            001              8
              0            010              3
              0            011              2
              0            100              8
              0            101              8
              0            110              5
              0            111              7
              1            000              3
              1            001              4
              1            010              1
              1            011              4
              1            100              6
              1            101              6
              1            110              8
              1            111              3
              2            000              2
              2            001              8
              2            010              7
              2            011              3
              2            100              5
              2            101              0
              2            110              6
              2            111              1
              3            000              5
              3            001              2
              3            010              1
              3            011              3
              3            100              3
              3            101              6
              3            110              1
              3            111              4
              4            000              6
              4            001              3
              4            010              4
              4            011              5
              4            100              3
              4            101              3
              4            110              8
              4            111              4
              5            000              5
              5            001              1
              5            010              7
              5            011              8
              5            100              3
              5            101              2
              5            110              0
              5            111              0
              6            000              2
              6            001              5
              6            010              1
              6            011              8
              6            100              1
              6            101              1
              6            110              3
              6            111              1
              7            000              4
              7            001              1
              7            010              7
              7            011              1
              7            100              6
              7            101              8
              7            110              5
              7            111              2
              8            000              6
              8            001              2
              8            010              2
              8            011              1
              8            100              3
              8            101              4
              8            110              0
              8            111              0
