Eaten part = 0.236597
Start state = 2
Significant inputs: 1 4 6
Moves: 0 2 0 0 0 0 0 0 2
          state         inputs     next state
              0            000              8
              0            001              6
              0            010              7
              0            011              0
              0            100              6
              0            101              3
              0            110              6
              0            111              7
              1            000              2
              1            001              4
              1            010              4
              1            011              2
              1            100              8
              1            101              7
              1            110              0
              1            111              1
              2            000              3
              2            001              0
              2            010              1
              2            011              2
              2            100              2
              2            101              5
              2            110              0
              2            111              2
              3            000              5
              3            001              7
              3            010              7
              3            011              3
              3            100              3
              3            101              0
              3            110              0
              3            111              4
              4            000              6
              4            001              4
              4            010              6
              4            011              0
              4            100              4
              4            101              4
              4            110              1
              4            111              0
              5            000              3
              5            001              4
              5            010              4
              5            011              5
              5            100              4
              5            101              6
              5            110              6
              5            111              1
              6            000              6
              6            001              6
              6            010              6
              6            011              6
              6            100              8
              6            101              8
              6            110              6
              6            111              0
              7            000              4
              7            001              1
              7            010              4
              7            011              5
              7            100              5
              7            101              8
              7            110              0
              7            111              5
              8            000              6
              8            001              4
              8            010              5
              8            011              6
              8            100              4
              8            101              5
              8            110              4
              8            111              4
