Eaten part = 0.318140
Start state = 0
Significant inputs: 2 4 6
Moves: 0 1 0 0 0 0 0 2 0
          state         inputs     next state
              0            000              4
              0            001              1
              0            010              4
              0            011              4
              0            100              7
              0            101              2
              0            110              1
              0            111              2
              1            000              5
              1            001              2
              1            010              4
              1            011              0
              1            100              5
              1            101              8
              1            110              4
              1            111              4
              2            000              4
              2            001              1
              2            010              4
              2            011              8
              2            100              7
              2            101              6
              2            110              2
              2            111              2
              3            000              4
              3            001              1
              3            010              2
              3            011              3
              3            100              0
              3            101              6
              3            110              6
              3            111              6
              4            000              6
              4            001              1
              4            010              6
              4            011              4
              4            100              7
              4            101              7
              4            110              5
              4            111              6
              5            000              3
              5            001              1
              5            010              6
              5            011              1
              5            100              3
              5            101              0
              5            110              0
              5            111              6
              6            000              4
              6            001              1
              6            010              8
              6            011              0
              6            100              7
              6            101              7
              6            110              0
              6            111              0
              7            000              6
              7            001              8
              7            010              8
              7            011              5
              7            100              2
              7            101              5
              7            110              5
              7            111              5
              8            000              2
              8            001              1
              8            010              5
              8            011              2
              8            100              0
              8            101              0
              8            110              4
              8            111              8
