Eaten part = 0.237713
Start state = 1
Significant inputs: 1 2 3
Moves: 0 0 1 0 0 0 0 1 2
          state         inputs     next state
              0            000              3
              0            001              6
              0            010              7
              0            011              3
              0            100              3
              0            101              5
              0            110              0
              0            111              7
              1            000              3
              1            001              0
              1            010              3
              1            011              5
              1            100              0
              1            101              5
              1            110              8
              1            111              2
              2            000              7
              2            001              1
              2            010              5
              2            011              6
              2            100              5
              2            101              4
              2            110              3
              2            111              3
              3            000              0
              3            001              6
              3            010              2
              3            011              4
              3            100              5
              3            101              3
              3            110              3
              3            111              7
              4            000              3
              4            001              1
              4            010              5
              4            011              1
              4            100              6
              4            101              3
              4            110              2
              4            111              0
              5            000              8
              5            001              4
              5            010              2
              5            011              7
              5            100              3
              5            101              2
              5            110              7
              5            111              2
              6            000              3
              6            001              8
              6            010              6
              6            011              3
              6            100              0
              6            101              0
              6            110              4
              6            111              5
              7            000              8
              7            001              4
              7            010              3
              7            011              6
              7            100              7
              7            101              6
              7            110              0
              7            111              4
              8            000              6
              8            001              5
              8            010              1
              8            011              5
              8            100              3
              8            101              7
              8            110              2
              8            111              3
