Eaten part = 0.229578
Start state = 0
Significant inputs: 0 2 3
Moves: 0 0 0 0 1 1 0 0 0
          state         inputs     next state
              0            000              0
              0            001              1
              0            010              5
              0            011              5
              0            100              7
              0            101              8
              0            110              4
              0            111              6
              1            000              0
              1            001              6
              1            010              0
              1            011              0
              1            100              8
              1            101              5
              1            110              1
              1            111              8
              2            000              2
              2            001              5
              2            010              8
              2            011              4
              2            100              0
              2            101              6
              2            110              4
              2            111              2
              3            000              4
              3            001              6
              3            010              2
              3            011              6
              3            100              3
              3            101              8
              3            110              0
              3            111              8
              4            000              0
              4            001              7
              4            010              1
              4            011              8
              4            100              1
              4            101              1
              4            110              8
              4            111              2
              5            000              2
              5            001              1
              5            010              1
              5            011              0
              5            100              1
              5            101              2
              5            110              2
              5            111              8
              6            000              2
              6            001              5
              6            010              7
              6            011              5
              6            100              3
              6            101              2
              6            110              2
              6            111              8
              7            000              1
              7            001              3
              7            010              4
              7            011              6
              7            100              7
              7            101              0
              7            110              8
              7            111              1
              8            000              2
              8            001              0
              8            010              4
              8            011              5
              8            100              1
              8            101              7
              8            110              8
              8            111              7
