Eaten part = 0.302212
Start state = 4
Significant inputs: 2 6 7
Moves: 1 0 0 0 1 0 2 1 1
          state         inputs     next state
              0            000              4
              0            001              1
              0            010              2
              0            011              2
              0            100              8
              0            101              1
              0            110              7
              0            111              5
              1            000              2
              1            001              4
              1            010              2
              1            011              7
              1            100              3
              1            101              7
              1            110              6
              1            111              2
              2            000              2
              2            001              8
              2            010              6
              2            011              6
              2            100              2
              2            101              2
              2            110              6
              2            111              7
              3            000              2
              3            001              7
              3            010              3
              3            011              4
              3            100              1
              3            101              4
              3            110              5
              3            111              8
              4            000              5
              4            001              2
              4            010              0
              4            011              5
              4            100              6
              4            101              6
              4            110              4
              4            111              2
              5            000              2
              5            001              4
              5            010              6
              5            011              3
              5            100              1
              5            101              7
              5            110              5
              5            111              4
              6            000              1
              6            001              1
              6            010              3
              6            011              2
              6            100              5
              6            101              3
              6            110              3
              6            111              3
              7            000              3
              7            001              5
              7            010              2
              7            011              4
              7            100              1
              7            101              4
              7            110              5
              7            111              2
              8            000              3
              8            001              2
              8            010              1
              8            011              3
              8            100              2
              8            101              1
              8            110              1
              8            111              3
