Eaten part = 0.284591
Start state = 6
Significant inputs: 2 3 6
Moves: 1 0 0 0 2 0 0 0 2
          state         inputs     next state
              0            000              7
              0            001              6
              0            010              5
              0            011              7
              0            100              2
              0            101              1
              0            110              2
              0            111              5
              1            000              6
              1            001              0
              1            010              6
              1            011              6
              1            100              5
              1            101              3
              1            110              8
              1            111              0
              2            000              1
              2            001              6
              2            010              7
              2            011              1
              2            100              2
              2            101              5
              2            110              8
              2            111              0
              3            000              5
              3            001              6
              3            010              7
              3            011              8
              3            100              1
              3            101              0
              3            110              5
              3            111              6
              4            000              2
              4            001              3
              4            010              0
              4            011              7
              4            100              7
              4            101              4
              4            110              0
              4            111              7
              5            000              3
              5            001              1
              5            010              6
              5            011              0
              5            100              8
              5            101              6
              5            110              4
              5            111              8
              6            000              6
              6            001              0
              6            010              1
              6            011              6
              6            100              4
              6            101              2
              6            110              4
              6            111              4
              7            000              7
              7            001              0
              7            010              7
              7            011              0
              7            100              4
              7            101              4
              7            110              8
              7            111              8
              8            000              7
              8            001              3
              8            010              3
              8            011              0
              8            100              8
              8            101              5
              8            110              0
              8            111              3
