Eaten part = 0.198515
Start state = 6
Significant inputs: 3 4 5
Moves: 2 0 1 0 0 0 0 0 0
          state         inputs     next state
              0            000              8
              0            001              2
              0            010              2
              0            011              8
              0            100              7
              0            101              6
              0            110              5
              0            111              3
              1            000              6
              1            001              1
              1            010              4
              1            011              2
              1            100              0
              1            101              8
              1            110              2
              1            111              4
              2            000              7
              2            001              6
              2            010              4
              2            011              6
              2            100              1
              2            101              1
              2            110              4
              2            111              8
              3            000              2
              3            001              5
              3            010              7
              3            011              6
              3            100              8
              3            101              8
              3            110              7
              3            111              8
              4            000              0
              4            001              7
              4            010              3
              4            011              6
              4            100              2
              4            101              3
              4            110              5
              4            111              4
              5            000              5
              5            001              1
              5            010              4
              5            011              7
              5            100              1
              5            101              5
              5            110              3
              5            111              8
              6            000              4
              6            001              8
              6            010              5
              6            011              8
              6            100              0
              6            101              5
              6            110              6
              6            111              8
              7            000              4
              7            001              0
              7            010              8
              7            011              7
              7            100              7
              7            101              1
              7            110              1
              7            111              0
              8            000              2
              8            001              3
              8            010              7
              8            011              6
              8            100              5
              8            101              1
              8            110              4
              8            111              4
