Eaten part = 0.282868
Start state = 7
Significant inputs: 2 3 6
Moves: 2 1 1 0 0 0 1 0 0
          state         inputs     next state
              0            000              7
              0            001              8
              0            010              3
              0            011              2
              0            100              3
              0            101              4
              0            110              0
              0            111              5
              1            000              7
              1            001              7
              1            010              8
              1            011              0
              1            100              7
              1            101              3
              1            110              3
              1            111              1
              2            000              7
              2            001              4
              2            010              8
              2            011              3
              2            100              7
              2            101              8
              2            110              8
              2            111              8
              3            000              7
              3            001              3
              3            010              7
              3            011              3
              3            100              3
              3            101              7
              3            110              1
              3            111              4
              4            000              3
              4            001              5
              4            010              0
              4            011              1
              4            100              4
              4            101              1
              4            110              8
              4            111              7
              5            000              3
              5            001              0
              5            010              0
              5            011              1
              5            100              4
              5            101              1
              5            110              3
              5            111              1
              6            000              2
              6            001              4
              6            010              6
              6            011              2
              6            100              7
              6            101              8
              6            110              1
              6            111              1
              7            000              7
              7            001              1
              7            010              7
              7            011              2
              7            100              0
              7            101              0
              7            110              0
              7            111              1
              8            000              0
              8            001              4
              8            010              7
              8            011              3
              8            100              6
              8            101              2
              8            110              0
              8            111              5
