Eaten part = 0.296427
Start state = 1
Significant inputs: 1 2 6
Moves: 0 0 1 0 0 1 0 2 0
          state         inputs     next state
              0            000              6
              0            001              3
              0            010              5
              0            011              3
              0            100              6
              0            101              6
              0            110              5
              0            111              7
              1            000              0
              1            001              3
              1            010              4
              1            011              1
              1            100              6
              1            101              5
              1            110              3
              1            111              6
              2            000              1
              2            001              6
              2            010              2
              2            011              0
              2            100              1
              2            101              8
              2            110              0
              2            111              7
              3            000              7
              3            001              6
              3            010              5
              3            011              2
              3            100              7
              3            101              5
              3            110              7
              3            111              0
              4            000              6
              4            001              8
              4            010              3
              4            011              3
              4            100              2
              4            101              7
              4            110              7
              4            111              2
              5            000              8
              5            001              4
              5            010              5
              5            011              8
              5            100              3
              5            101              1
              5            110              0
              5            111              1
              6            000              8
              6            001              6
              6            010              5
              6            011              4
              6            100              7
              6            101              2
              6            110              2
              6            111              7
              7            000              8
              7            001              6
              7            010              4
              7            011              0
              7            100              0
              7            101              2
              7            110              4
              7            111              6
              8            000              6
              8            001              0
              8            010              5
              8            011              0
              8            100              7
              8            101              7
              8            110              8
              8            111              7
