Eaten part = 0.282986
Start state = 3
Significant inputs: 2 3 6
Moves: 0 0 1 2 0 0 0 0 2
          state         inputs     next state
              0            000              0
              0            001              2
              0            010              4
              0            011              1
              0            100              5
              0            101              8
              0            110              1
              0            111              5
              1            000              6
              1            001              2
              1            010              5
              1            011              2
              1            100              8
              1            101              8
              1            110              3
              1            111              8
              2            000              4
              2            001              6
              2            010              7
              2            011              3
              2            100              7
              2            101              6
              2            110              6
              2            111              4
              3            000              7
              3            001              2
              3            010              7
              3            011              6
              3            100              6
              3            101              1
              3            110              1
              3            111              6
              4            000              1
              4            001              2
              4            010              4
              4            011              0
              4            100              1
              4            101              7
              4            110              1
              4            111              2
              5            000              4
              5            001              7
              5            010              4
              5            011              3
              5            100              0
              5            101              3
              5            110              3
              5            111              2
              6            000              1
              6            001              2
              6            010              4
              6            011              7
              6            100              8
              6            101              6
              6            110              8
              6            111              2
              7            000              6
              7            001              4
              7            010              6
              7            011              7
              7            100              1
              7            101              8
              7            110              3
              7            111              8
              8            000              7
              8            001              5
              8            010              6
              8            011              1
              8            100              1
              8            101              1
              8            110              2
              8            111              0
