Eaten part = 0.236207
Start state = 2
Significant inputs: 1 6 7
Moves: 0 0 0 0 2 2 0 0 0
          state         inputs     next state
              0            000              3
              0            001              3
              0            010              4
              0            011              4
              0            100              3
              0            101              1
              0            110              4
              0            111              4
              1            000              0
              1            001              7
              1            010              5
              1            011              4
              1            100              0
              1            101              4
              1            110              6
              1            111              4
              2            000              6
              2            001              3
              2            010              7
              2            011              4
              2            100              7
              2            101              2
              2            110              3
              2            111              2
              3            000              0
              3            001              3
              3            010              4
              3            011              4
              3            100              3
              3            101              5
              3            110              4
              3            111              0
              4            000              8
              4            001              8
              4            010              3
              4            011              7
              4            100              3
              4            101              6
              4            110              3
              4            111              0
              5            000              8
              5            001              3
              5            010              6
              5            011              0
              5            100              7
              5            101              7
              5            110              6
              5            111              2
              6            000              3
              6            001              6
              6            010              8
              6            011              1
              6            100              7
              6            101              3
              6            110              1
              6            111              6
              7            000              2
              7            001              1
              7            010              0
              7            011              4
              7            100              3
              7            101              2
              7            110              4
              7            111              8
              8            000              2
              8            001              2
              8            010              2
              8            011              5
              8            100              0
              8            101              2
              8            110              8
              8            111              5
