Eaten part = 0.252347
Start state = 8
Significant inputs: 4 5 6
Moves: 1 2 2 0 2 0 0 1 0
          state         inputs     next state
              0            000              7
              0            001              5
              0            010              6
              0            011              0
              0            100              3
              0            101              6
              0            110              6
              0            111              1
              1            000              6
              1            001              1
              1            010              2
              1            011              0
              1            100              3
              1            101              0
              1            110              0
              1            111              6
              2            000              3
              2            001              0
              2            010              6
              2            011              5
              2            100              2
              2            101              6
              2            110              3
              2            111              5
              3            000              8
              3            001              6
              3            010              5
              3            011              3
              3            100              2
              3            101              2
              3            110              4
              3            111              3
              4            000              6
              4            001              7
              4            010              4
              4            011              4
              4            100              1
              4            101              6
              4            110              7
              4            111              5
              5            000              6
              5            001              6
              5            010              6
              5            011              5
              5            100              2
              5            101              5
              5            110              6
              5            111              3
              6            000              6
              6            001              8
              6            010              1
              6            011              3
              6            100              2
              6            101              8
              6            110              0
              6            111              0
              7            000              2
              7            001              3
              7            010              2
              7            011              3
              7            100              0
              7            101              3
              7            110              2
              7            111              5
              8            000              3
              8            001              8
              8            010              8
              8            011              3
              8            100              2
              8            101              3
              8            110              6
              8            111              2
