Eaten part = 0.310851
Start state = 2
Significant inputs: 0 2 6
Moves: 2 1 0 0 1 0 0 1 1
          state         inputs     next state
              0            000              5
              0            001              5
              0            010              5
              0            011              5
              0            100              5
              0            101              6
              0            110              6
              0            111              2
              1            000              0
              1            001              3
              1            010              4
              1            011              1
              1            100              4
              1            101              2
              1            110              3
              1            111              0
              2            000              3
              2            001              2
              2            010              7
              2            011              4
              2            100              2
              2            101              0
              2            110              5
              2            111              4
              3            000              3
              3            001              5
              3            010              4
              3            011              6
              3            100              0
              3            101              5
              3            110              0
              3            111              7
              4            000              2
              4            001              3
              4            010              0
              4            011              6
              4            100              3
              4            101              3
              4            110              5
              4            111              8
              5            000              5
              5            001              5
              5            010              7
              5            011              7
              5            100              0
              5            101              2
              5            110              7
              5            111              7
              6            000              0
              6            001              7
              6            010              4
              6            011              7
              6            100              5
              6            101              2
              6            110              6
              6            111              7
              7            000              5
              7            001              3
              7            010              5
              7            011              6
              7            100              6
              7            101              5
              7            110              5
              7            111              1
              8            000              7
              8            001              6
              8            010              5
              8            011              3
              8            100              8
              8            101              0
              8            110              6
              8            111              8
