Eaten part = 0.316716
Start state = 0
Significant inputs: 2 4 6
Moves: 2 1 0 0 0 0 0 0 0
          state         inputs     next state
              0            000              4
              0            001              7
              0            010              6
              0            011              6
              0            100              8
              0            101              4
              0            110              5
              0            111              7
              1            000              7
              1            001              2
              1            010              2
              1            011              3
              1            100              5
              1            101              5
              1            110              5
              1            111              7
              2            000              2
              2            001              1
              2            010              2
              2            011              7
              2            100              0
              2            101              0
              2            110              7
              2            111              0
              3            000              2
              3            001              0
              3            010              2
              3            011              2
              3            100              0
              3            101              2
              3            110              5
              3            111              0
              4            000              5
              4            001              5
              4            010              7
              4            011              4
              4            100              6
              4            101              1
              4            110              7
              4            111              1
              5            000              5
              5            001              1
              5            010              7
              5            011              2
              5            100              0
              5            101              0
              5            110              4
              5            111              6
              6            000              2
              6            001              7
              6            010              7
              6            011              1
              6            100              6
              6            101              8
              6            110              8
              6            111              5
              7            000              7
              7            001              1
              7            010              2
              7            011              4
              7            100              0
              7            101              1
              7            110              0
              7            111              6
              8            000              1
              8            001              1
              8            010              2
              8            011              8
              8            100              3
              8            101              6
              8            110              7
              8            111              8
