Eaten part = 0.246513
Start state = 4
Significant inputs: 1 4 6
Moves: ROTATERIGHT ROTATELEFT ROTATERIGHT ROTATELEFT MOVE MOVE MOVE ROTATELEFT MOVE ROTATERIGHT
          state         inputs     next state
              0           0000              4
              0           0001              4
              0           0010              3
              0           0011              4
              0           0100              8
              0           0101              2
              0           0110              1
              0           0111              3
              0           1000              6
              0           1001              3
              0           1010              6
              0           1011              5
              0           1100              9
              0           1101              6
              0           1110              4
              0           1111              7
              1           0000              9
              1           0001              4
              1           0010              5
              1           0011              6
              1           0100              4
              1           0101              7
              1           0110              3
              1           0111              4
              1           1000              1
              1           1001              6
              1           1010              4
              1           1011              6
              1           1100              0
              1           1101              0
              1           1110              4
              1           1111              6
              2           0000              9
              2           0001              8
              2           0010              0
              2           0011              4
              2           0100              9
              2           0101              5
              2           0110              1
              2           0111              1
              2           1000              6
              2           1001              1
              2           1010              3
              2           1011              8
              2           1100              7
              2           1101              9
              2           1110              8
              2           1111              9
              3           0000              6
              3           0001              8
              3           0010              8
              3           0011              8
              3           0100              7
              3           0101              1
              3           0110              8
              3           0111              0
              3           1000              1
              3           1001              3
              3           1010              6
              3           1011              9
              3           1100              3
              3           1101              1
              3           1110              7
              3           1111              2
              4           0000              6
              4           0001              0
              4           0010              6
              4           0011              5
              4           0100              0
              4           0101              5
              4           0110              7
              4           0111              1
              4           1000              1
              4           1001              4
              4           1010              6
              4           1011              5
              4           1100              7
              4           1101              9
              4           1110              6
              4           1111              7
              5           0000              6
              5           0001              4
              5           0010              6
              5           0011              3
              5           0100              7
              5           0101              9
              5           0110              6
              5           0111              8
              5           1000              3
              5           1001              3
              5           1010              6
              5           1011              9
              5           1100              0
              5           1101              0
              5           1110              3
              5           1111              7
              6           0000              4
              6           0001              6
              6           0010              6
              6           0011              6
              6           0100              7
              6           0101              5
              6           0110              4
              6           0111              6
              6           1000              8
              6           1001              9
              6           1010              7
              6           1011              1
              6           1100              5
              6           1101              4
              6           1110              9
              6           1111              8
              7           0000              2
              7           0001              6
              7           0010              9
              7           0011              1
              7           0100              4
              7           0101              8
              7           0110              8
              7           0111              5
              7           1000              3
              7           1001              3
              7           1010              6
              7           1011              3
              7           1100              6
              7           1101              7
              7           1110              3
              7           1111              3
              8           0000              6
              8           0001              9
              8           0010              4
              8           0011              4
              8           0100              4
              8           0101              6
              8           0110              3
              8           0111              5
              8           1000              9
              8           1001              9
              8           1010              5
              8           1011              3
              8           1100              7
              8           1101              9
              8           1110              6
              8           1111              9
              9           0000              5
              9           0001              4
              9           0010              9
              9           0011              1
              9           0100              4
              9           0101              4
              9           0110              3
              9           0111              7
              9           1000              9
              9           1001              3
              9           1010              3
              9           1011              1
              9           1100              8
              9           1101              8
              9           1110              4
              9           1111              4
