Eaten part = 0.239536
Start state = 4
Significant inputs: 1 2 7
Moves: 0 1 2 0 0 2 0 2 0
          state         inputs     next state
              0            000              0
              0            001              1
              0            010              6
              0            011              2
              0            100              3
              0            101              4
              0            110              3
              0            111              0
              1            000              4
              1            001              0
              1            010              5
              1            011              0
              1            100              0
              1            101              0
              1            110              7
              1            111              6
              2            000              6
              2            001              4
              2            010              6
              2            011              6
              2            100              5
              2            101              7
              2            110              7
              2            111              8
              3            000              3
              3            001              4
              3            010              1
              3            011              0
              3            100              3
              3            101              1
              3            110              1
              3            111              1
              4            000              3
              4            001              3
              4            010              1
              4            011              4
              4            100              0
              4            101              7
              4            110              5
              4            111              3
              5            000              6
              5            001              8
              5            010              3
              5            011              0
              5            100              4
              5            101              8
              5            110              6
              5            111              4
              6            000              7
              6            001              4
              6            010              8
              6            011              1
              6            100              0
              6            101              4
              6            110              3
              6            111              2
              7            000              4
              7            001              0
              7            010              4
              7            011              2
              7            100              1
              7            101              5
              7            110              1
              7            111              0
              8            000              3
              8            001              4
              8            010              3
              8            011              1
              8            100              2
              8            101              0
              8            110              6
              8            111              7
