Eaten part = 0.311107
Start state = 6
Significant inputs: 2 4 6
Moves: 0 0 0 2 0 1 0 0 0
          state         inputs     next state
              0            000              8
              0            001              6
              0            010              4
              0            011              0
              0            100              2
              0            101              5
              0            110              1
              0            111              2
              1            000              6
              1            001              5
              1            010              8
              1            011              0
              1            100              1
              1            101              6
              1            110              7
              1            111              5
              2            000              6
              2            001              7
              2            010              1
              2            011              6
              2            100              3
              2            101              8
              2            110              2
              2            111              6
              3            000              8
              3            001              1
              3            010              6
              3            011              6
              3            100              6
              3            101              2
              3            110              6
              3            111              4
              4            000              0
              4            001              5
              4            010              8
              4            011              1
              4            100              8
              4            101              4
              4            110              1
              4            111              4
              5            000              1
              5            001              6
              5            010              6
              5            011              4
              5            100              6
              5            101              0
              5            110              2
              5            111              1
              6            000              8
              6            001              5
              6            010              2
              6            011              6
              6            100              3
              6            101              5
              6            110              6
              6            111              3
              7            000              1
              7            001              6
              7            010              6
              7            011              7
              7            100              3
              7            101              5
              7            110              8
              7            111              5
              8            000              6
              8            001              5
              8            010              8
              8            011              2
              8            100              3
              8            101              3
              8            110              6
              8            111              3
