Eaten part = 0.264759
Start state = 3
Significant inputs: 0 2 6
Moves: 0 0 0 1 0 0 2 2 2
          state         inputs     next state
              0            000              0
              0            001              0
              0            010              3
              0            011              2
              0            100              6
              0            101              3
              0            110              7
              0            111              6
              1            000              0
              1            001              2
              1            010              1
              1            011              3
              1            100              7
              1            101              7
              1            110              7
              1            111              3
              2            000              5
              2            001              7
              2            010              0
              2            011              6
              2            100              1
              2            101              1
              2            110              3
              2            111              2
              3            000              0
              3            001              0
              3            010              5
              3            011              0
              3            100              1
              3            101              4
              3            110              2
              3            111              2
              4            000              0
              4            001              3
              4            010              6
              4            011              5
              4            100              6
              4            101              6
              4            110              5
              4            111              6
              5            000              1
              5            001              7
              5            010              3
              5            011              2
              5            100              5
              5            101              0
              5            110              3
              5            111              7
              6            000              1
              6            001              2
              6            010              3
              6            011              0
              6            100              1
              6            101              1
              6            110              0
              6            111              2
              7            000              1
              7            001              4
              7            010              0
              7            011              1
              7            100              5
              7            101              8
              7            110              0
              7            111              8
              8            000              1
              8            001              5
              8            010              6
              8            011              5
              8            100              3
              8            101              0
              8            110              4
              8            111              6
