Eaten part = 0.243816
Start state = 8
Significant inputs: 3 5 6
Moves: 2 2 0 0 0 0 1 0 0
          state         inputs     next state
              0            000              2
              0            001              5
              0            010              2
              0            011              8
              0            100              7
              0            101              5
              0            110              5
              0            111              7
              1            000              5
              1            001              6
              1            010              7
              1            011              7
              1            100              1
              1            101              8
              1            110              7
              1            111              0
              2            000              3
              2            001              7
              2            010              3
              2            011              4
              2            100              6
              2            101              0
              2            110              6
              2            111              0
              3            000              4
              3            001              4
              3            010              2
              3            011              4
              3            100              0
              3            101              2
              3            110              0
              3            111              0
              4            000              3
              4            001              5
              4            010              6
              4            011              7
              4            100              0
              4            101              2
              4            110              3
              4            111              4
              5            000              4
              5            001              6
              5            010              5
              5            011              2
              5            100              7
              5            101              3
              5            110              7
              5            111              7
              6            000              2
              6            001              5
              6            010              7
              6            011              7
              6            100              3
              6            101              3
              6            110              3
              6            111              4
              7            000              3
              7            001              5
              7            010              3
              7            011              4
              7            100              2
              7            101              7
              7            110              1
              7            111              4
              8            000              2
              8            001              3
              8            010              5
              8            011              6
              8            100              2
              8            101              2
              8            110              7
              8            111              7
