Eaten part = 0.257702
Start state = 4
Significant inputs: 2 3 6
Moves: 0 0 0 2 0 0 0 1 0
          state         inputs     next state
              0            000              8
              0            001              6
              0            010              4
              0            011              7
              0            100              8
              0            101              8
              0            110              8
              0            111              5
              1            000              8
              1            001              1
              1            010              8
              1            011              4
              1            100              3
              1            101              3
              1            110              8
              1            111              8
              2            000              4
              2            001              1
              2            010              2
              2            011              1
              2            100              1
              2            101              5
              2            110              6
              2            111              8
              3            000              5
              3            001              0
              3            010              1
              3            011              2
              3            100              5
              3            101              0
              3            110              5
              3            111              1
              4            000              8
              4            001              7
              4            010              2
              4            011              5
              4            100              0
              4            101              8
              4            110              6
              4            111              5
              5            000              8
              5            001              0
              5            010              8
              5            011              7
              5            100              4
              5            101              5
              5            110              5
              5            111              7
              6            000              7
              6            001              1
              6            010              4
              6            011              5
              6            100              0
              6            101              1
              6            110              5
              6            111              6
              7            000              6
              7            001              2
              7            010              3
              7            011              8
              7            100              0
              7            101              5
              7            110              3
              7            111              7
              8            000              1
              8            001              1
              8            010              1
              8            011              7
              8            100              3
              8            101              3
              8            110              2
              8            111              6
