Eaten part = 0.303611
Start state = 8
Significant inputs: 2 5 6
Moves: 1 1 0 0 0 2 1 0 0
          state         inputs     next state
              0            000              7
              0            001              3
              0            010              8
              0            011              0
              0            100              7
              0            101              3
              0            110              4
              0            111              3
              1            000              1
              1            001              4
              1            010              4
              1            011              6
              1            100              7
              1            101              6
              1            110              4
              1            111              2
              2            000              3
              2            001              3
              2            010              2
              2            011              1
              2            100              5
              2            101              3
              2            110              4
              2            111              8
              3            000              4
              3            001              0
              3            010              5
              3            011              0
              3            100              5
              3            101              5
              3            110              5
              3            111              0
              4            000              4
              4            001              0
              4            010              3
              4            011              8
              4            100              5
              4            101              1
              4            110              8
              4            111              0
              5            000              2
              5            001              1
              5            010              4
              5            011              7
              5            100              2
              5            101              8
              5            110              3
              5            111              7
              6            000              3
              6            001              4
              6            010              6
              6            011              0
              6            100              6
              6            101              6
              6            110              3
              6            111              4
              7            000              3
              7            001              2
              7            010              8
              7            011              8
              7            100              7
              7            101              5
              7            110              6
              7            111              0
              8            000              4
              8            001              1
              8            010              7
              8            011              5
              8            100              5
              8            101              4
              8            110              5
              8            111              0
