Eaten part = 0.256484
Start state = 8
Significant inputs: 2 3 4
Moves: 2 0 0 0 0 1 1 0 0
          state         inputs     next state
              0            000              4
              0            001              2
              0            010              4
              0            011              2
              0            100              4
              0            101              4
              0            110              7
              0            111              2
              1            000              3
              1            001              3
              1            010              0
              1            011              3
              1            100              3
              1            101              1
              1            110              3
              1            111              2
              2            000              4
              2            001              6
              2            010              2
              2            011              4
              2            100              1
              2            101              5
              2            110              7
              2            111              7
              3            000              7
              3            001              2
              3            010              4
              3            011              5
              3            100              3
              3            101              4
              3            110              4
              3            111              3
              4            000              4
              4            001              6
              4            010              0
              4            011              4
              4            100              3
              4            101              7
              4            110              7
              4            111              3
              5            000              2
              5            001              1
              5            010              4
              5            011              4
              5            100              4
              5            101              2
              5            110              8
              5            111              0
              6            000              3
              6            001              1
              6            010              6
              6            011              5
              6            100              0
              6            101              4
              6            110              7
              6            111              5
              7            000              8
              7            001              2
              7            010              2
              7            011              5
              7            100              7
              7            101              4
              7            110              8
              7            111              0
              8            000              3
              8            001              8
              8            010              2
              8            011              3
              8            100              1
              8            101              5
              8            110              4
              8            111              2
