Eaten part = 0.237568
Start state = 3
Significant inputs: 0 2 5
Moves: 0 1 0 2 1 0 0 0 2
          state         inputs     next state
              0            000              0
              0            001              3
              0            010              6
              0            011              8
              0            100              5
              0            101              5
              0            110              3
              0            111              7
              1            000              2
              1            001              7
              1            010              8
              1            011              1
              1            100              8
              1            101              8
              1            110              7
              1            111              0
              2            000              2
              2            001              0
              2            010              4
              2            011              4
              2            100              2
              2            101              7
              2            110              4
              2            111              4
              3            000              5
              3            001              1
              3            010              1
              3            011              1
              3            100              5
              3            101              2
              3            110              2
              3            111              7
              4            000              2
              4            001              5
              4            010              6
              4            011              2
              4            100              0
              4            101              7
              4            110              6
              4            111              3
              5            000              5
              5            001              5
              5            010              4
              5            011              4
              5            100              1
              5            101              7
              5            110              0
              5            111              4
              6            000              3
              6            001              6
              6            010              0
              6            011              1
              6            100              5
              6            101              1
              6            110              2
              6            111              8
              7            000              2
              7            001              7
              7            010              2
              7            011              4
              7            100              7
              7            101              0
              7            110              4
              7            111              3
              8            000              8
              8            001              4
              8            010              7
              8            011              1
              8            100              5
              8            101              2
              8            110              3
              8            111              8
