Eaten part = 0.280260
Start state = 2
Significant inputs: 2 3 6
Moves: 0 1 0 0 2 0 2 0 0
          state         inputs     next state
              0            000              0
              0            001              1
              0            010              0
              0            011              5
              0            100              4
              0            101              1
              0            110              5
              0            111              2
              1            000              0
              1            001              5
              1            010              6
              1            011              5
              1            100              8
              1            101              8
              1            110              6
              1            111              2
              2            000              8
              2            001              4
              2            010              7
              2            011              1
              2            100              4
              2            101              6
              2            110              0
              2            111              0
              3            000              6
              3            001              6
              3            010              5
              3            011              1
              3            100              4
              3            101              8
              3            110              0
              3            111              6
              4            000              2
              4            001              5
              4            010              2
              4            011              0
              4            100              3
              4            101              5
              4            110              7
              4            111              3
              5            000              0
              5            001              0
              5            010              7
              5            011              7
              5            100              4
              5            101              0
              5            110              4
              5            111              7
              6            000              5
              6            001              7
              6            010              0
              6            011              4
              6            100              4
              6            101              5
              6            110              3
              6            111              3
              7            000              5
              7            001              1
              7            010              5
              7            011              3
              7            100              6
              7            101              1
              7            110              7
              7            111              2
              8            000              3
              8            001              1
              8            010              7
              8            011              5
              8            100              6
              8            101              1
              8            110              4
              8            111              1
