Eaten part = 0.244347
Start state = 7
Significant inputs: 1 2 4
Moves: 0 0 2 0 0 0 0 0 1
          state         inputs     next state
              0            000              0
              0            001              8
              0            010              8
              0            011              5
              0            100              3
              0            101              2
              0            110              6
              0            111              8
              1            000              4
              1            001              6
              1            010              6
              1            011              2
              1            100              4
              1            101              3
              1            110              2
              1            111              0
              2            000              7
              2            001              6
              2            010              6
              2            011              2
              2            100              4
              2            101              6
              2            110              6
              2            111              4
              3            000              2
              3            001              6
              3            010              8
              3            011              3
              3            100              0
              3            101              1
              3            110              6
              3            111              6
              4            000              4
              4            001              3
              4            010              8
              4            011              4
              4            100              3
              4            101              6
              4            110              7
              4            111              8
              5            000              3
              5            001              4
              5            010              4
              5            011              2
              5            100              8
              5            101              3
              5            110              8
              5            111              3
              6            000              4
              6            001              1
              6            010              3
              6            011              8
              6            100              6
              6            101              4
              6            110              3
              6            111              6
              7            000              0
              7            001              8
              7            010              6
              7            011              6
              7            100              7
              7            101              3
              7            110              4
              7            111              8
              8            000              4
              8            001              4
              8            010              3
              8            011              4
              8            100              0
              8            101              0
              8            110              8
              8            111              1
