Eaten part = 0.267359
Start state = 8
Significant inputs: 1 2 4
Moves: 0 1 0 1 0 0 0 0 2
          state         inputs     next state
              0            000              8
              0            001              8
              0            010              1
              0            011              5
              0            100              4
              0            101              8
              0            110              5
              0            111              6
              1            000              1
              1            001              2
              1            010              3
              1            011              6
              1            100              6
              1            101              2
              1            110              8
              1            111              6
              2            000              5
              2            001              4
              2            010              7
              2            011              3
              2            100              0
              2            101              4
              2            110              5
              2            111              2
              3            000              5
              3            001              5
              3            010              5
              3            011              0
              3            100              0
              3            101              6
              3            110              4
              3            111              8
              4            000              7
              4            001              7
              4            010              1
              4            011              5
              4            100              0
              4            101              8
              4            110              6
              4            111              2
              5            000              0
              5            001              4
              5            010              3
              5            011              3
              5            100              7
              5            101              2
              5            110              3
              5            111              2
              6            000              8
              6            001              6
              6            010              0
              6            011              6
              6            100              7
              6            101              5
              6            110              6
              6            111              2
              7            000              7
              7            001              6
              7            010              1
              7            011              4
              7            100              5
              7            101              6
              7            110              2
              7            111              3
              8            000              4
              8            001              4
              8            010              4
              8            011              5
              8            100              4
              8            101              7
              8            110              0
              8            111              1
