Eaten part = 0.238666
Start state = 8
Significant inputs: 1 2 3
Moves: 0 0 1 0 0 0 2 1 0
          state         inputs     next state
              0            000              0
              0            001              2
              0            010              7
              0            011              1
              0            100              4
              0            101              8
              0            110              6
              0            111              1
              1            000              3
              1            001              2
              1            010              3
              1            011              5
              1            100              3
              1            101              4
              1            110              7
              1            111              0
              2            000              5
              2            001              5
              2            010              4
              2            011              1
              2            100              7
              2            101              4
              2            110              2
              2            111              4
              3            000              0
              3            001              3
              3            010              8
              3            011              3
              3            100              3
              3            101              6
              3            110              4
              3            111              8
              4            000              0
              4            001              5
              4            010              2
              4            011              8
              4            100              0
              4            101              4
              4            110              7
              4            111              5
              5            000              4
              5            001              8
              5            010              7
              5            011              7
              5            100              4
              5            101              5
              5            110              2
              5            111              6
              6            000              7
              6            001              8
              6            010              2
              6            011              4
              6            100              6
              6            101              4
              6            110              2
              6            111              2
              7            000              5
              7            001              1
              7            010              7
              7            011              8
              7            100              0
              7            101              0
              7            110              1
              7            111              6
              8            000              0
              8            001              3
              8            010              3
              8            011              1
              8            100              5
              8            101              5
              8            110              8
              8            111              6
