Eaten part = 0.221741
Start state = 2
Significant inputs: 0 2 7
Moves: 0 1 0 0 1 0 0 0 0
          state         inputs     next state
              0            000              0
              0            001              4
              0            010              3
              0            011              7
              0            100              3
              0            101              5
              0            110              0
              0            111              5
              1            000              3
              1            001              3
              1            010              6
              1            011              3
              1            100              0
              1            101              7
              1            110              3
              1            111              8
              2            000              6
              2            001              3
              2            010              1
              2            011              3
              2            100              8
              2            101              3
              2            110              7
              2            111              6
              3            000              3
              3            001              3
              3            010              1
              3            011              4
              3            100              6
              3            101              2
              3            110              2
              3            111              1
              4            000              2
              4            001              7
              4            010              6
              4            011              3
              4            100              0
              4            101              0
              4            110              5
              4            111              0
              5            000              8
              5            001              1
              5            010              3
              5            011              7
              5            100              2
              5            101              8
              5            110              7
              5            111              4
              6            000              3
              6            001              2
              6            010              8
              6            011              6
              6            100              0
              6            101              4
              6            110              2
              6            111              1
              7            000              5
              7            001              2
              7            010              3
              7            011              4
              7            100              5
              7            101              6
              7            110              2
              7            111              7
              8            000              8
              8            001              2
              8            010              2
              8            011              1
              8            100              8
              8            101              4
              8            110              5
              8            111              0
