Eaten part = 0.253945
Start state = 6
Significant inputs: 1 2 4
Moves: 2 0 0 1 0 1 0 0 1
          state         inputs     next state
              0            000              4
              0            001              8
              0            010              3
              0            011              1
              0            100              5
              0            101              2
              0            110              3
              0            111              4
              1            000              1
              1            001              4
              1            010              5
              1            011              4
              1            100              4
              1            101              1
              1            110              4
              1            111              8
              2            000              2
              2            001              7
              2            010              8
              2            011              2
              2            100              1
              2            101              6
              2            110              2
              2            111              6
              3            000              2
              3            001              6
              3            010              6
              3            011              8
              3            100              4
              3            101              4
              3            110              5
              3            111              7
              4            000              7
              4            001              4
              4            010              0
              4            011              5
              4            100              2
              4            101              4
              4            110              4
              4            111              6
              5            000              4
              5            001              7
              5            010              5
              5            011              7
              5            100              1
              5            101              2
              5            110              3
              5            111              1
              6            000              0
              6            001              2
              6            010              6
              6            011              2
              6            100              0
              6            101              3
              6            110              7
              6            111              8
              7            000              2
              7            001              7
              7            010              8
              7            011              0
              7            100              2
              7            101              6
              7            110              2
              7            111              3
              8            000              1
              8            001              1
              8            010              2
              8            011              7
              8            100              7
              8            101              1
              8            110              7
              8            111              4
