Eaten part = 0.271252
Start state = 5
Significant inputs: 2 3 6
Moves: 0 1 0 0 0 2 0 1 1
          state         inputs     next state
              0            000              6
              0            001              7
              0            010              3
              0            011              8
              0            100              6
              0            101              8
              0            110              5
              0            111              1
              1            000              3
              1            001              5
              1            010              2
              1            011              5
              1            100              0
              1            101              1
              1            110              7
              1            111              3
              2            000              5
              2            001              6
              2            010              3
              2            011              0
              2            100              1
              2            101              6
              2            110              8
              2            111              6
              3            000              4
              3            001              8
              3            010              6
              3            011              4
              3            100              3
              3            101              6
              3            110              7
              3            111              6
              4            000              4
              4            001              8
              4            010              0
              4            011              8
              4            100              5
              4            101              1
              4            110              5
              4            111              3
              5            000              6
              5            001              6
              5            010              6
              5            011              0
              5            100              3
              5            101              0
              5            110              4
              5            111              3
              6            000              4
              6            001              8
              6            010              4
              6            011              6
              6            100              6
              6            101              7
              6            110              3
              6            111              6
              7            000              2
              7            001              0
              7            010              7
              7            011              0
              7            100              5
              7            101              4
              7            110              1
              7            111              7
              8            000              2
              8            001              6
              8            010              5
              8            011              5
              8            100              6
              8            101              4
              8            110              0
              8            111              3
