Eaten part = 0.292413
Start state = 1
Significant inputs: 2 3 6
Moves: 0 0 1 2 1 0 0 0 0
          state         inputs     next state
              0            000              7
              0            001              4
              0            010              0
              0            011              4
              0            100              3
              0            101              2
              0            110              5
              0            111              7
              1            000              7
              1            001              7
              1            010              0
              1            011              2
              1            100              3
              1            101              1
              1            110              3
              1            111              1
              2            000              7
              2            001              1
              2            010              3
              2            011              7
              2            100              5
              2            101              0
              2            110              8
              2            111              5
              3            000              5
              3            001              8
              3            010              1
              3            011              6
              3            100              0
              3            101              0
              3            110              5
              3            111              6
              4            000              6
              4            001              1
              4            010              1
              4            011              8
              4            100              6
              4            101              1
              4            110              1
              4            111              1
              5            000              8
              5            001              4
              5            010              5
              5            011              2
              5            100              0
              5            101              2
              5            110              7
              5            111              5
              6            000              3
              6            001              1
              6            010              0
              6            011              1
              6            100              3
              6            101              3
              6            110              1
              6            111              7
              7            000              7
              7            001              4
              7            010              0
              7            011              8
              7            100              3
              7            101              2
              7            110              5
              7            111              1
              8            000              0
              8            001              4
              8            010              7
              8            011              3
              8            100              8
              8            101              0
              8            110              5
              8            111              1
