Eaten part = 0.263137
Start state = 1
Significant inputs: 1 2 4
Moves: 0 0 0 2 0 0 1 1 0
          state         inputs     next state
              0            000              1
              0            001              1
              0            010              6
              0            011              2
              0            100              4
              0            101              5
              0            110              1
              0            111              8
              1            000              1
              1            001              6
              1            010              7
              1            011              2
              1            100              5
              1            101              8
              1            110              8
              1            111              7
              2            000              2
              2            001              8
              2            010              6
              2            011              7
              2            100              8
              2            101              7
              2            110              4
              2            111              5
              3            000              1
              3            001              6
              3            010              8
              3            011              5
              3            100              2
              3            101              8
              3            110              8
              3            111              4
              4            000              8
              4            001              3
              4            010              7
              4            011              6
              4            100              2
              4            101              1
              4            110              2
              4            111              6
              5            000              3
              5            001              5
              5            010              0
              5            011              4
              5            100              2
              5            101              4
              5            110              7
              5            111              2
              6            000              7
              6            001              8
              6            010              1
              6            011              1
              6            100              6
              6            101              0
              6            110              5
              6            111              6
              7            000              0
              7            001              0
              7            010              0
              7            011              5
              7            100              7
              7            101              0
              7            110              0
              7            111              0
              8            000              8
              8            001              4
              8            010              7
              8            011              5
              8            100              1
              8            101              5
              8            110              4
              8            111              8
