Eaten part = 0.239015
Start state = 1
Significant inputs: 1 2 7
Moves: 0 0 2 0 0 1 0 1 2
          state         inputs     next state
              0            000              7
              0            001              1
              0            010              2
              0            011              0
              0            100              3
              0            101              4
              0            110              6
              0            111              7
              1            000              1
              1            001              3
              1            010              7
              1            011              5
              1            100              1
              1            101              0
              1            110              1
              1            111              4
              2            000              4
              2            001              5
              2            010              4
              2            011              1
              2            100              1
              2            101              1
              2            110              1
              2            111              3
              3            000              4
              3            001              4
              3            010              7
              3            011              3
              3            100              6
              3            101              1
              3            110              7
              3            111              7
              4            000              8
              4            001              1
              4            010              4
              4            011              7
              4            100              4
              4            101              4
              4            110              3
              4            111              8
              5            000              1
              5            001              6
              5            010              4
              5            011              6
              5            100              1
              5            101              4
              5            110              5
              5            111              5
              6            000              2
              6            001              2
              6            010              2
              6            011              4
              6            100              8
              6            101              5
              6            110              1
              6            111              1
              7            000              8
              7            001              1
              7            010              4
              7            011              6
              7            100              7
              7            101              3
              7            110              0
              7            111              4
              8            000              5
              8            001              6
              8            010              1
              8            011              4
              8            100              3
              8            101              2
              8            110              6
              8            111              8
