Eaten part = 0.239136
Start state = 3
Significant inputs: 2 3 5
Moves: 1 0 2 0 0 1 0 1 0
          state         inputs     next state
              0            000              4
              0            001              7
              0            010              1
              0            011              4
              0            100              6
              0            101              3
              0            110              5
              0            111              4
              1            000              3
              1            001              4
              1            010              6
              1            011              3
              1            100              2
              1            101              2
              1            110              6
              1            111              0
              2            000              7
              2            001              6
              2            010              7
              2            011              0
              2            100              6
              2            101              6
              2            110              6
              2            111              2
              3            000              3
              3            001              8
              3            010              2
              3            011              7
              3            100              5
              3            101              0
              3            110              6
              3            111              1
              4            000              2
              4            001              8
              4            010              2
              4            011              6
              4            100              4
              4            101              0
              4            110              2
              4            111              6
              5            000              6
              5            001              3
              5            010              8
              5            011              7
              5            100              2
              5            101              5
              5            110              0
              5            111              7
              6            000              6
              6            001              7
              6            010              6
              6            011              7
              6            100              8
              6            101              0
              6            110              4
              6            111              4
              7            000              6
              7            001              4
              7            010              3
              7            011              4
              7            100              8
              7            101              1
              7            110              0
              7            111              7
              8            000              6
              8            001              1
              8            010              6
              8            011              0
              8            100              8
              8            101              7
              8            110              1
              8            111              0
