Eaten part = 0.232917
Start state = 3
Significant inputs: 2 3 7
Moves: 1 1 0 0 0 0 0 0 0
          state         inputs     next state
              0            000              2
              0            001              4
              0            010              7
              0            011              8
              0            100              3
              0            101              7
              0            110              7
              0            111              0
              1            000              6
              1            001              4
              1            010              3
              1            011              1
              1            100              4
              1            101              2
              1            110              7
              1            111              6
              2            000              8
              2            001              1
              2            010              3
              2            011              1
              2            100              8
              2            101              0
              2            110              2
              2            111              4
              3            000              2
              3            001              7
              3            010              8
              3            011              4
              3            100              2
              3            101              6
              3            110              2
              3            111              0
              4            000              4
              4            001              8
              4            010              5
              4            011              8
              4            100              2
              4            101              4
              4            110              7
              4            111              6
              5            000              7
              5            001              1
              5            010              4
              5            011              2
              5            100              7
              5            101              7
              5            110              4
              5            111              4
              6            000              4
              6            001              1
              6            010              6
              6            011              4
              6            100              6
              6            101              3
              6            110              8
              6            111              5
              7            000              6
              7            001              4
              7            010              2
              7            011              7
              7            100              5
              7            101              5
              7            110              8
              7            111              0
              8            000              8
              8            001              0
              8            010              2
              8            011              1
              8            100              2
              8            101              0
              8            110              8
              8            111              8
