Eaten part = 0.235786
Start state = 4
Significant inputs: 1 2 3
Moves: 0 0 0 1 0 0 0 1 0
          state         inputs     next state
              0            000              8
              0            001              6
              0            010              2
              0            011              4
              0            100              1
              0            101              0
              0            110              0
              0            111              2
              1            000              2
              1            001              5
              1            010              7
              1            011              1
              1            100              0
              1            101              3
              1            110              4
              1            111              7
              2            000              5
              2            001              1
              2            010              3
              2            011              5
              2            100              2
              2            101              7
              2            110              7
              2            111              8
              3            000              0
              3            001              1
              3            010              5
              3            011              5
              3            100              5
              3            101              1
              3            110              2
              3            111              5
              4            000              5
              4            001              5
              4            010              8
              4            011              2
              4            100              6
              4            101              0
              4            110              3
              4            111              4
              5            000              1
              5            001              2
              5            010              7
              5            011              7
              5            100              5
              5            101              3
              5            110              3
              5            111              4
              6            000              0
              6            001              5
              6            010              7
              6            011              2
              6            100              5
              6            101              1
              6            110              5
              6            111              5
              7            000              0
              7            001              4
              7            010              4
              7            011              4
              7            100              0
              7            101              0
              7            110              6
              7            111              8
              8            000              2
              8            001              5
              8            010              4
              8            011              2
              8            100              8
              8            101              5
              8            110              8
              8            111              7
