Eaten part = 0.251814
Start state = 1
Significant inputs: 0 2 4
Moves: 0 0 2 0 0 0 1 0 0
          state         inputs     next state
              0            000              5
              0            001              8
              0            010              6
              0            011              5
              0            100              4
              0            101              1
              0            110              0
              0            111              0
              1            000              5
              1            001              2
              1            010              2
              1            011              2
              1            100              7
              1            101              8
              1            110              3
              1            111              7
              2            000              5
              2            001              3
              2            010              3
              2            011              5
              2            100              1
              2            101              4
              2            110              5
              2            111              1
              3            000              2
              3            001              1
              3            010              5
              3            011              0
              3            100              4
              3            101              8
              3            110              2
              3            111              6
              4            000              4
              4            001              3
              4            010              6
              4            011              3
              4            100              1
              4            101              4
              4            110              4
              4            111              4
              5            000              5
              5            001              0
              5            010              6
              5            011              6
              5            100              5
              5            101              5
              5            110              7
              5            111              7
              6            000              5
              6            001              1
              6            010              4
              6            011              8
              6            100              8
              6            101              4
              6            110              3
              6            111              7
              7            000              4
              7            001              2
              7            010              0
              7            011              3
              7            100              5
              7            101              0
              7            110              2
              7            111              6
              8            000              7
              8            001              2
              8            010              3
              8            011              0
              8            100              8
              8            101              5
              8            110              1
              8            111              6
