Eaten part = 0.302544
Start state = 6
Significant inputs: 2 5 6
Moves: 1 0 0 0 0 0 1 0 2
          state         inputs     next state
              0            000              1
              0            001              1
              0            010              5
              0            011              1
              0            100              7
              0            101              4
              0            110              7
              0            111              4
              1            000              7
              1            001              0
              1            010              1
              1            011              1
              1            100              8
              1            101              8
              1            110              7
              1            111              4
              2            000              0
              2            001              8
              2            010              7
              2            011              0
              2            100              4
              2            101              4
              2            110              4
              2            111              4
              3            000              1
              3            001              1
              3            010              7
              3            011              5
              3            100              1
              3            101              8
              3            110              8
              3            111              0
              4            000              1
              4            001              0
              4            010              8
              4            011              6
              4            100              1
              4            101              3
              4            110              4
              4            111              5
              5            000              2
              5            001              3
              5            010              5
              5            011              5
              5            100              2
              5            101              8
              5            110              6
              5            111              6
              6            000              2
              6            001              8
              6            010              2
              6            011              4
              6            100              8
              6            101              0
              6            110              3
              6            111              1
              7            000              1
              7            001              0
              7            010              3
              7            011              6
              7            100              8
              7            101              8
              7            110              7
              7            111              7
              8            000              7
              8            001              4
              8            010              1
              8            011              1
              8            100              4
              8            101              7
              8            110              4
              8            111              1
