Eaten part = 0.297753
Start state = 4
Significant inputs: 0 2 6
Moves: 0 0 0 0 0 1 0 2 0
          state         inputs     next state
              0            000              3
              0            001              2
              0            010              5
              0            011              4
              0            100              7
              0            101              8
              0            110              5
              0            111              8
              1            000              6
              1            001              2
              1            010              2
              1            011              4
              1            100              7
              1            101              0
              1            110              7
              1            111              7
              2            000              2
              2            001              8
              2            010              5
              2            011              5
              2            100              7
              2            101              7
              2            110              2
              2            111              3
              3            000              2
              3            001              8
              3            010              5
              3            011              7
              3            100              7
              3            101              0
              3            110              5
              3            111              1
              4            000              2
              4            001              0
              4            010              4
              4            011              7
              4            100              4
              4            101              0
              4            110              3
              4            111              6
              5            000              3
              5            001              0
              5            010              2
              5            011              1
              5            100              8
              5            101              0
              5            110              2
              5            111              2
              6            000              4
              6            001              4
              6            010              5
              6            011              8
              6            100              7
              6            101              4
              6            110              4
              6            111              5
              7            000              4
              7            001              1
              7            010              2
              7            011              8
              7            100              2
              7            101              2
              7            110              2
              7            111              8
              8            000              2
              8            001              2
              8            010              5
              8            011              5
              8            100              0
              8            101              0
              8            110              1
              8            111              6
