Eaten part = 0.260893
Start state = 1
Significant inputs: 5 6 7
Moves: 2 0 2 0 1 0 1 0 2
          state         inputs     next state
              0            000              6
              0            001              5
              0            010              0
              0            011              5
              0            100              5
              0            101              1
              0            110              1
              0            111              3
              1            000              7
              1            001              1
              1            010              5
              1            011              6
              1            100              6
              1            101              2
              1            110              6
              1            111              4
              2            000              4
              2            001              0
              2            010              6
              2            011              3
              2            100              5
              2            101              5
              2            110              3
              2            111              1
              3            000              3
              3            001              3
              3            010              0
              3            011              1
              3            100              3
              3            101              8
              3            110              0
              3            111              4
              4            000              3
              4            001              0
              4            010              0
              4            011              0
              4            100              3
              4            101              6
              4            110              7
              4            111              7
              5            000              6
              5            001              3
              5            010              0
              5            011              0
              5            100              6
              5            101              6
              5            110              8
              5            111              2
              6            000              3
              6            001              7
              6            010              3
              6            011              1
              6            100              7
              6            101              4
              6            110              3
              6            111              1
              7            000              3
              7            001              0
              7            010              1
              7            011              2
              7            100              3
              7            101              5
              7            110              0
              7            111              6
              8            000              7
              8            001              8
              8            010              4
              8            011              2
              8            100              3
              8            101              8
              8            110              8
              8            111              8
