Eaten part = 0.289402
Start state = 6
Significant inputs: 2 3 6
Moves: 1 2 1 0 1 0 1 2 0
          state         inputs     next state
              0            000              3
              0            001              3
              0            010              8
              0            011              3
              0            100              8
              0            101              5
              0            110              6
              0            111              3
              1            000              4
              1            001              5
              1            010              4
              1            011              6
              1            100              7
              1            101              5
              1            110              8
              1            111              4
              2            000              7
              2            001              3
              2            010              4
              2            011              0
              2            100              6
              2            101              7
              2            110              2
              2            111              1
              3            000              3
              3            001              4
              3            010              5
              3            011              0
              3            100              5
              3            101              4
              3            110              7
              3            111              7
              4            000              3
              4            001              3
              4            010              8
              4            011              3
              4            100              5
              4            101              5
              4            110              5
              4            111              1
              5            000              5
              5            001              4
              5            010              3
              5            011              0
              5            100              7
              5            101              4
              5            110              3
              5            111              7
              6            000              4
              6            001              1
              6            010              7
              6            011              5
              6            100              1
              6            101              4
              6            110              0
              6            111              1
              7            000              3
              7            001              3
              7            010              8
              7            011              3
              7            100              3
              7            101              1
              7            110              3
              7            111              4
              8            000              5
              8            001              5
              8            010              3
              8            011              4
              8            100              4
              8            101              1
              8            110              4
              8            111              8
