Eaten part = 0.257458
Start state = 2
Significant inputs: 3 5 6
Moves: 0 1 1 2 1 0 0 0 0
          state         inputs     next state
              0            000              0
              0            001              1
              0            010              2
              0            011              2
              0            100              3
              0            101              8
              0            110              7
              0            111              4
              1            000              5
              1            001              7
              1            010              8
              1            011              2
              1            100              7
              1            101              0
              1            110              7
              1            111              2
              2            000              5
              2            001              3
              2            010              5
              2            011              7
              2            100              1
              2            101              5
              2            110              8
              2            111              5
              3            000              0
              3            001              6
              3            010              8
              3            011              1
              3            100              4
              3            101              4
              3            110              6
              3            111              6
              4            000              8
              4            001              3
              4            010              5
              4            011              3
              4            100              5
              4            101              6
              4            110              7
              4            111              6
              5            000              5
              5            001              5
              5            010              6
              5            011              8
              5            100              3
              5            101              3
              5            110              6
              5            111              0
              6            000              3
              6            001              1
              6            010              3
              6            011              0
              6            100              1
              6            101              8
              6            110              6
              6            111              4
              7            000              5
              7            001              5
              7            010              5
              7            011              5
              7            100              7
              7            101              3
              7            110              3
              7            111              2
              8            000              0
              8            001              8
              8            010              7
              8            011              5
              8            100              3
              8            101              4
              8            110              2
              8            111              3
