Eaten part = 0.319445
Start state = 3
Significant inputs: 2 4 6
Moves: 0 1 0 0 0 0 0 0 2
          state         inputs     next state
              0            000              6
              0            001              7
              0            010              1
              0            011              7
              0            100              4
              0            101              1
              0            110              7
              0            111              2
              1            000              5
              1            001              3
              1            010              7
              1            011              6
              1            100              6
              1            101              6
              1            110              3
              1            111              7
              2            000              6
              2            001              6
              2            010              7
              2            011              3
              2            100              8
              2            101              6
              2            110              8
              2            111              8
              3            000              5
              3            001              1
              3            010              3
              3            011              2
              3            100              8
              3            101              3
              3            110              5
              3            111              0
              4            000              5
              4            001              1
              4            010              6
              4            011              2
              4            100              3
              4            101              7
              4            110              7
              4            111              8
              5            000              5
              5            001              1
              5            010              5
              5            011              3
              5            100              8
              5            101              1
              5            110              3
              5            111              3
              6            000              3
              6            001              5
              6            010              5
              6            011              8
              6            100              8
              6            101              8
              6            110              0
              6            111              4
              7            000              3
              7            001              6
              7            010              7
              7            011              2
              7            100              6
              7            101              3
              7            110              4
              7            111              6
              8            000              5
              8            001              5
              8            010              6
              8            011              0
              8            100              4
              8            101              1
              8            110              4
              8            111              2
