Eaten part = 0.307387
Start state = 3
Significant inputs: 2 5 6
Moves: 1 0 0 0 0 0 1 2 2
          state         inputs     next state
              0            000              4
              0            001              1
              0            010              1
              0            011              3
              0            100              7
              0            101              4
              0            110              5
              0            111              6
              1            000              1
              1            001              6
              1            010              2
              1            011              5
              1            100              7
              1            101              7
              1            110              7
              1            111              8
              2            000              1
              2            001              6
              2            010              5
              2            011              5
              2            100              2
              2            101              5
              2            110              2
              2            111              8
              3            000              1
              3            001              6
              3            010              3
              3            011              2
              3            100              8
              3            101              4
              3            110              6
              3            111              6
              4            000              1
              4            001              1
              4            010              4
              4            011              6
              4            100              8
              4            101              0
              4            110              8
              4            111              1
              5            000              2
              5            001              7
              5            010              0
              5            011              4
              5            100              8
              5            101              8
              5            110              4
              5            111              1
              6            000              4
              6            001              5
              6            010              5
              6            011              1
              6            100              4
              6            101              1
              6            110              7
              6            111              0
              7            000              0
              7            001              0
              7            010              2
              7            011              4
              7            100              4
              7            101              2
              7            110              2
              7            111              3
              8            000              2
              8            001              3
              8            010              4
              8            011              1
              8            100              8
              8            101              4
              8            110              1
              8            111              1
