Eaten part = 0.261184
Start state = 6
Significant inputs: 4 5 6
Moves: 0 0 0 0 1 2 0 2 0
          state         inputs     next state
              0            000              6
              0            001              1
              0            010              6
              0            011              3
              0            100              7
              0            101              8
              0            110              6
              0            111              7
              1            000              4
              1            001              3
              1            010              6
              1            011              2
              1            100              6
              1            101              3
              1            110              2
              1            111              4
              2            000              6
              2            001              2
              2            010              6
              2            011              8
              2            100              7
              2            101              2
              2            110              6
              2            111              8
              3            000              8
              3            001              6
              3            010              3
              3            011              6
              3            100              7
              3            101              3
              3            110              2
              3            111              8
              4            000              8
              4            001              8
              4            010              3
              4            011              0
              4            100              2
              4            101              3
              4            110              7
              4            111              0
              5            000              6
              5            001              1
              5            010              1
              5            011              1
              5            100              5
              5            101              6
              5            110              2
              5            111              6
              6            000              3
              6            001              2
              6            010              8
              6            011              3
              6            100              5
              6            101              0
              6            110              8
              6            111              5
              7            000              4
              7            001              7
              7            010              6
              7            011              3
              7            100              2
              7            101              4
              7            110              1
              7            111              8
              8            000              8
              8            001              1
              8            010              3
              8            011              1
              8            100              7
              8            101              3
              8            110              3
              8            111              8
