Eaten part = 0.304527
Start state = 8
Significant inputs: 2 5 6
Moves: 0 0 1 0 1 0 2 0 0
          state         inputs     next state
              0            000              6
              0            001              1
              0            010              2
              0            011              6
              0            100              0
              0            101              4
              0            110              1
              0            111              3
              1            000              3
              1            001              2
              1            010              3
              1            011              6
              1            100              6
              1            101              6
              1            110              1
              1            111              8
              2            000              1
              2            001              1
              2            010              0
              2            011              4
              2            100              6
              2            101              7
              2            110              3
              2            111              1
              3            000              5
              3            001              3
              3            010              6
              3            011              4
              3            100              5
              3            101              8
              3            110              6
              3            111              4
              4            000              3
              4            001              5
              4            010              5
              4            011              2
              4            100              1
              4            101              7
              4            110              5
              4            111              3
              5            000              5
              5            001              4
              5            010              7
              5            011              2
              5            100              6
              5            101              6
              5            110              8
              5            111              4
              6            000              7
              6            001              5
              6            010              8
              6            011              1
              6            100              0
              6            101              1
              6            110              5
              6            111              7
              7            000              5
              7            001              4
              7            010              1
              7            011              2
              7            100              6
              7            101              6
              7            110              7
              7            111              3
              8            000              5
              8            001              1
              8            010              5
              8            011              6
              8            100              1
              8            101              2
              8            110              4
              8            111              5
