Eaten part = 0.305065
Start state = 1
Significant inputs: 2 5 6
Moves: 2 2 1 0 1 0 0 1 0
          state         inputs     next state
              0            000              5
              0            001              6
              0            010              0
              0            011              7
              0            100              3
              0            101              2
              0            110              3
              0            111              3
              1            000              3
              1            001              7
              1            010              8
              1            011              8
              1            100              3
              1            101              3
              1            110              3
              1            111              5
              2            000              7
              2            001              1
              2            010              3
              2            011              5
              2            100              2
              2            101              5
              2            110              7
              2            111              8
              3            000              3
              3            001              7
              3            010              8
              3            011              7
              3            100              1
              3            101              1
              3            110              1
              3            111              4
              4            000              8
              4            001              0
              4            010              5
              4            011              6
              4            100              5
              4            101              6
              4            110              8
              4            111              8
              5            000              0
              5            001              7
              5            010              6
              5            011              8
              5            100              5
              5            101              1
              5            110              1
              5            111              3
              6            000              8
              6            001              7
              6            010              6
              6            011              3
              6            100              8
              6            101              4
              6            110              3
              6            111              7
              7            000              3
              7            001              8
              7            010              4
              7            011              8
              7            100              3
              7            101              3
              7            110              2
              7            111              8
              8            000              3
              8            001              4
              8            010              1
              8            011              6
              8            100              1
              8            101              1
              8            110              1
              8            111              5
