Eaten part = 0.239251
Start state = 7
Significant inputs: 1 6 7
Moves: 0 2 0 1 0 0 2 0 1
          state         inputs     next state
              0            000              7
              0            001              3
              0            010              5
              0            011              4
              0            100              8
              0            101              7
              0            110              4
              0            111              1
              1            000              7
              1            001              5
              1            010              0
              1            011              7
              1            100              4
              1            101              2
              1            110              8
              1            111              5
              2            000              2
              2            001              7
              2            010              1
              2            011              6
              2            100              7
              2            101              4
              2            110              6
              2            111              7
              3            000              5
              3            001              7
              3            010              7
              3            011              8
              3            100              0
              3            101              2
              3            110              0
              3            111              2
              4            000              5
              4            001              5
              4            010              6
              4            011              8
              4            100              8
              4            101              4
              4            110              7
              4            111              4
              5            000              8
              5            001              2
              5            010              4
              5            011              6
              5            100              4
              5            101              0
              5            110              1
              5            111              2
              6            000              5
              6            001              0
              6            010              2
              6            011              5
              6            100              7
              6            101              7
              6            110              2
              6            111              5
              7            000              7
              7            001              7
              7            010              6
              7            011              4
              7            100              5
              7            101              4
              7            110              0
              7            111              0
              8            000              2
              8            001              7
              8            010              7
              8            011              0
              8            100              6
              8            101              0
              8            110              0
              8            111              5
