Eaten part = 0.183414
Start state = 3
Significant inputs: 4 5 7
Moves: 0 0 0 0 0 0 0 0 1
          state         inputs     next state
              0            000              5
              0            001              7
              0            010              7
              0            011              6
              0            100              7
              0            101              0
              0            110              3
              0            111              6
              1            000              1
              1            001              1
              1            010              6
              1            011              5
              1            100              2
              1            101              2
              1            110              0
              1            111              0
              2            000              2
              2            001              4
              2            010              7
              2            011              1
              2            100              0
              2            101              5
              2            110              4
              2            111              1
              3            000              8
              3            001              0
              3            010              5
              3            011              0
              3            100              5
              3            101              7
              3            110              2
              3            111              6
              4            000              4
              4            001              5
              4            010              1
              4            011              3
              4            100              2
              4            101              5
              4            110              0
              4            111              2
              5            000              8
              5            001              3
              5            010              5
              5            011              4
              5            100              6
              5            101              0
              5            110              5
              5            111              6
              6            000              0
              6            001              7
              6            010              3
              6            011              1
              6            100              8
              6            101              7
              6            110              6
              6            111              0
              7            000              3
              7            001              1
              7            010              7
              7            011              5
              7            100              6
              7            101              7
              7            110              2
              7            111              3
              8            000              1
              8            001              3
              8            010              1
              8            011              5
              8            100              7
              8            101              8
              8            110              2
              8            111              8
