Eaten part = 0.276285
Start state = 1
Significant inputs: 4 5 6
Moves: 0 0 1 0 0 1 2 0 0
          state         inputs     next state
              0            000              3
              0            001              8
              0            010              8
              0            011              7
              0            100              0
              0            101              3
              0            110              6
              0            111              6
              1            000              4
              1            001              7
              1            010              3
              1            011              7
              1            100              3
              1            101              7
              1            110              8
              1            111              3
              2            000              5
              2            001              8
              2            010              8
              2            011              6
              2            100              6
              2            101              3
              2            110              5
              2            111              0
              3            000              4
              3            001              3
              3            010              8
              3            011              4
              3            100              6
              3            101              7
              3            110              6
              3            111              3
              4            000              5
              4            001              0
              4            010              6
              4            011              4
              4            100              6
              4            101              3
              4            110              6
              4            111              8
              5            000              8
              5            001              7
              5            010              5
              5            011              3
              5            100              8
              5            101              7
              5            110              0
              5            111              1
              6            000              8
              6            001              0
              6            010              1
              6            011              8
              6            100              3
              6            101              3
              6            110              4
              6            111              8
              7            000              8
              7            001              3
              7            010              0
              7            011              0
              7            100              4
              7            101              6
              7            110              4
              7            111              4
              8            000              8
              8            001              3
              8            010              0
              8            011              5
              8            100              6
              8            101              0
              8            110              7
              8            111              6
