Eaten part = 0.245423
Start state = 7
Significant inputs: 1 3 6
Moves: 1 2 0 0 2 1 0 0 0
          state         inputs     next state
              0            000              7
              0            001              7
              0            010              0
              0            011              8
              0            100              2
              0            101              7
              0            110              5
              0            111              1
              1            000              2
              1            001              2
              1            010              2
              1            011              0
              1            100              8
              1            101              3
              1            110              2
              1            111              4
              2            000              6
              2            001              8
              2            010              7
              2            011              2
              2            100              1
              2            101              1
              2            110              4
              2            111              7
              3            000              8
              3            001              8
              3            010              0
              3            011              6
              3            100              6
              3            101              6
              3            110              6
              3            111              0
              4            000              3
              4            001              3
              4            010              5
              4            011              1
              4            100              3
              4            101              8
              4            110              3
              4            111              0
              5            000              7
              5            001              6
              5            010              4
              5            011              2
              5            100              7
              5            101              1
              5            110              3
              5            111              1
              6            000              6
              6            001              7
              6            010              6
              6            011              6
              6            100              1
              6            101              4
              6            110              7
              6            111              4
              7            000              2
              7            001              7
              7            010              5
              7            011              6
              7            100              1
              7            101              7
              7            110              5
              7            111              2
              8            000              6
              8            001              5
              8            010              6
              8            011              6
              8            100              8
              8            101              1
              8            110              4
              8            111              6
