Eaten part = 0.304344
Start state = 5
Significant inputs: 2 5 6
Moves: 1 1 2 0 0 0 2 0 0
          state         inputs     next state
              0            000              2
              0            001              5
              0            010              8
              0            011              4
              0            100              3
              0            101              7
              0            110              5
              0            111              8
              1            000              8
              1            001              4
              1            010              4
              1            011              3
              1            100              7
              1            101              5
              1            110              7
              1            111              0
              2            000              2
              2            001              5
              2            010              7
              2            011              8
              2            100              5
              2            101              1
              2            110              3
              2            111              8
              3            000              8
              3            001              6
              3            010              5
              3            011              6
              3            100              0
              3            101              1
              3            110              3
              3            111              4
              4            000              4
              4            001              1
              4            010              6
              4            011              8
              4            100              6
              4            101              6
              4            110              6
              4            111              0
              5            000              4
              5            001              4
              5            010              5
              5            011              1
              5            100              5
              5            101              6
              5            110              6
              5            111              1
              6            000              2
              6            001              1
              6            010              4
              6            011              8
              6            100              4
              6            101              8
              6            110              4
              6            111              8
              7            000              8
              7            001              8
              7            010              4
              7            011              8
              7            100              8
              7            101              5
              7            110              7
              7            111              7
              8            000              4
              8            001              1
              8            010              5
              8            011              1
              8            100              6
              8            101              2
              8            110              4
              8            111              1
