Eaten part = 0.266239
Start state = 3
Significant inputs: 0 2 6
Moves: 0 0 2 0 2 0 1 0 1
          state         inputs     next state
              0            000              5
              0            001              1
              0            010              8
              0            011              7
              0            100              0
              0            101              4
              0            110              6
              0            111              6
              1            000              5
              1            001              5
              1            010              1
              1            011              8
              1            100              2
              1            101              5
              1            110              1
              1            111              8
              2            000              1
              2            001              5
              2            010              6
              2            011              4
              2            100              1
              2            101              2
              2            110              5
              2            111              7
              3            000              0
              3            001              7
              3            010              2
              3            011              2
              3            100              0
              3            101              3
              3            110              2
              3            111              7
              4            000              3
              4            001              1
              4            010              0
              4            011              2
              4            100              0
              4            101              5
              4            110              4
              4            111              7
              5            000              0
              5            001              1
              5            010              6
              5            011              8
              5            100              2
              5            101              2
              5            110              1
              5            111              6
              6            000              5
              6            001              1
              6            010              1
              6            011              0
              6            100              5
              6            101              3
              6            110              5
              6            111              0
              7            000              5
              7            001              6
              7            010              0
              7            011              1
              7            100              8
              7            101              6
              7            110              6
              7            111              7
              8            000              1
              8            001              1
              8            010              1
              8            011              5
              8            100              5
              8            101              7
              8            110              5
              8            111              7
