Eaten part = 0.283334
Start state = 0
Significant inputs: 0 2 6
Moves: 0 0 0 1 2 1 0 0 0
          state         inputs     next state
              0            000              6
              0            001              1
              0            010              3
              0            011              6
              0            100              6
              0            101              6
              0            110              3
              0            111              3
              1            000              8
              1            001              3
              1            010              0
              1            011              3
              1            100              2
              1            101              2
              1            110              6
              1            111              8
              2            000              0
              2            001              1
              2            010              8
              2            011              1
              2            100              4
              2            101              4
              2            110              3
              2            111              3
              3            000              0
              3            001              8
              3            010              8
              3            011              8
              3            100              6
              3            101              1
              3            110              0
              3            111              0
              4            000              2
              4            001              6
              4            010              6
              4            011              4
              4            100              0
              4            101              8
              4            110              2
              4            111              0
              5            000              1
              5            001              1
              5            010              0
              5            011              8
              5            100              1
              5            101              7
              5            110              2
              5            111              1
              6            000              6
              6            001              0
              6            010              5
              6            011              3
              6            100              4
              6            101              4
              6            110              3
              6            111              1
              7            000              2
              7            001              7
              7            010              6
              7            011              6
              7            100              7
              7            101              7
              7            110              5
              7            111              2
              8            000              6
              8            001              1
              8            010              6
              8            011              8
              8            100              4
              8            101              6
              8            110              3
              8            111              1
