Eaten part = 0.293737
Start state = 4
Significant inputs: 2 6 7
Moves: 1 0 1 1 0 2 0 0 1
          state         inputs     next state
              0            000              4
              0            001              4
              0            010              1
              0            011              7
              0            100              5
              0            101              0
              0            110              1
              0            111              0
              1            000              1
              1            001              1
              1            010              5
              1            011              0
              1            100              4
              1            101              4
              1            110              1
              1            111              5
              2            000              6
              2            001              1
              2            010              7
              2            011              6
              2            100              5
              2            101              4
              2            110              7
              2            111              3
              3            000              6
              3            001              7
              3            010              6
              3            011              1
              3            100              6
              3            101              6
              3            110              0
              3            111              1
              4            000              7
              4            001              2
              4            010              4
              4            011              6
              4            100              7
              4            101              0
              4            110              4
              4            111              3
              5            000              4
              5            001              1
              5            010              7
              5            011              1
              5            100              4
              5            101              6
              5            110              6
              5            111              1
              6            000              7
              6            001              7
              6            010              1
              6            011              6
              6            100              7
              6            101              4
              6            110              1
              6            111              5
              7            000              7
              7            001              3
              7            010              5
              7            011              5
              7            100              4
              7            101              2
              7            110              5
              7            111              0
              8            000              5
              8            001              1
              8            010              3
              8            011              3
              8            100              1
              8            101              7
              8            110              6
              8            111              5
