Eaten part = 0.251241
Start state = 7
Significant inputs: 1 2 3
Moves: 0 0 0 0 0 2 1 0 0
          state         inputs     next state
              0            000              3
              0            001              1
              0            010              5
              0            011              2
              0            100              0
              0            101              1
              0            110              2
              0            111              5
              1            000              1
              1            001              8
              1            010              6
              1            011              7
              1            100              1
              1            101              5
              1            110              6
              1            111              0
              2            000              4
              2            001              3
              2            010              6
              2            011              3
              2            100              1
              2            101              3
              2            110              2
              2            111              5
              3            000              4
              3            001              6
              3            010              7
              3            011              0
              3            100              7
              3            101              5
              3            110              1
              3            111              3
              4            000              1
              4            001              2
              4            010              8
              4            011              0
              4            100              4
              4            101              4
              4            110              8
              4            111              7
              5            000              1
              5            001              3
              5            010              3
              5            011              8
              5            100              0
              5            101              7
              5            110              0
              5            111              8
              6            000              2
              6            001              4
              6            010              8
              6            011              2
              6            100              0
              6            101              5
              6            110              3
              6            111              8
              7            000              4
              7            001              5
              7            010              5
              7            011              8
              7            100              2
              7            101              6
              7            110              5
              7            111              1
              8            000              7
              8            001              2
              8            010              4
              8            011              7
              8            100              5
              8            101              2
              8            110              1
              8            111              8
