Eaten part = 0.303499
Start state = 2
Significant inputs: 1 2 6
Moves: 0 0 0 0 0 1 1 2 0
          state         inputs     next state
              0            000              3
              0            001              7
              0            010              0
              0            011              4
              0            100              7
              0            101              5
              0            110              6
              0            111              8
              1            000              3
              1            001              5
              1            010              2
              1            011              6
              1            100              7
              1            101              3
              1            110              2
              1            111              6
              2            000              8
              2            001              8
              2            010              6
              2            011              0
              2            100              7
              2            101              0
              2            110              5
              2            111              2
              3            000              8
              3            001              2
              3            010              6
              3            011              6
              3            100              3
              3            101              0
              3            110              5
              3            111              1
              4            000              3
              4            001              3
              4            010              6
              4            011              5
              4            100              7
              4            101              2
              4            110              0
              4            111              4
              5            000              0
              5            001              3
              5            010              4
              5            011              2
              5            100              7
              5            101              4
              5            110              3
              5            111              7
              6            000              5
              6            001              2
              6            010              6
              6            011              2
              6            100              7
              6            101              8
              6            110              8
              6            111              3
              7            000              4
              7            001              4
              7            010              3
              7            011              8
              7            100              4
              7            101              3
              7            110              3
              7            111              6
              8            000              2
              8            001              4
              8            010              6
              8            011              8
              8            100              7
              8            101              7
              8            110              7
              8            111              7
