Eaten part = 0.216025
Start state = 0
Significant inputs: 0 2 4
Moves: 0 0 0 2 1 2 1 0 0
          state         inputs     next state
              0            000              2
              0            001              2
              0            010              6
              0            011              3
              0            100              1
              0            101              8
              0            110              2
              0            111              1
              1            000              3
              1            001              3
              1            010              6
              1            011              2
              1            100              0
              1            101              0
              1            110              8
              1            111              3
              2            000              7
              2            001              1
              2            010              6
              2            011              7
              2            100              0
              2            101              1
              2            110              0
              2            111              6
              3            000              2
              3            001              8
              3            010              7
              3            011              7
              3            100              4
              3            101              6
              3            110              8
              3            111              8
              4            000              2
              4            001              0
              4            010              1
              4            011              8
              4            100              8
              4            101              4
              4            110              8
              4            111              3
              5            000              4
              5            001              2
              5            010              8
              5            011              0
              5            100              8
              5            101              3
              5            110              5
              5            111              4
              6            000              7
              6            001              0
              6            010              5
              6            011              7
              6            100              1
              6            101              4
              6            110              4
              6            111              6
              7            000              2
              7            001              6
              7            010              8
              7            011              6
              7            100              0
              7            101              2
              7            110              8
              7            111              1
              8            000              8
              8            001              3
              8            010              4
              8            011              2
              8            100              0
              8            101              4
              8            110              0
              8            111              0
