Eaten part = 0.252484
Start state = 7
Significant inputs: 1 3 6
Moves: 1 0 0 0 0 2 1 0 2
          state         inputs     next state
              0            000              1
              0            001              4
              0            010              5
              0            011              2
              0            100              1
              0            101              7
              0            110              7
              0            111              2
              1            000              4
              1            001              2
              1            010              0
              1            011              4
              1            100              5
              1            101              6
              1            110              2
              1            111              6
              2            000              0
              2            001              1
              2            010              1
              2            011              1
              2            100              8
              2            101              6
              2            110              7
              2            111              1
              3            000              3
              3            001              1
              3            010              0
              3            011              5
              3            100              7
              3            101              0
              3            110              7
              3            111              8
              4            000              4
              4            001              1
              4            010              7
              4            011              2
              4            100              5
              4            101              5
              4            110              5
              4            111              7
              5            000              2
              5            001              7
              5            010              2
              5            011              6
              5            100              1
              5            101              1
              5            110              2
              5            111              6
              6            000              4
              6            001              3
              6            010              1
              6            011              4
              6            100              6
              6            101              3
              6            110              8
              6            111              2
              7            000              2
              7            001              1
              7            010              4
              7            011              2
              7            100              0
              7            101              6
              7            110              1
              7            111              3
              8            000              7
              8            001              1
              8            010              0
              8            011              1
              8            100              3
              8            101              6
              8            110              7
              8            111              6
