Eaten part = 0.235825
Start state = 7
Significant inputs: 1 2 5
Moves: 0 0 1 0 0 1 0 2 2
          state         inputs     next state
              0            000              0
              0            001              1
              0            010              2
              0            011              4
              0            100              4
              0            101              0
              0            110              2
              0            111              2
              1            000              6
              1            001              7
              1            010              0
              1            011              6
              1            100              0
              1            101              1
              1            110              3
              1            111              2
              2            000              7
              2            001              0
              2            010              1
              2            011              6
              2            100              4
              2            101              0
              2            110              7
              2            111              1
              3            000              8
              3            001              3
              3            010              1
              3            011              5
              3            100              0
              3            101              0
              3            110              4
              3            111              2
              4            000              1
              4            001              0
              4            010              1
              4            011              8
              4            100              1
              4            101              7
              4            110              1
              4            111              1
              5            000              2
              5            001              3
              5            010              4
              5            011              7
              5            100              1
              5            101              7
              5            110              4
              5            111              5
              6            000              7
              6            001              4
              6            010              2
              6            011              5
              6            100              3
              6            101              3
              6            110              3
              6            111              2
              7            000              0
              7            001              4
              7            010              0
              7            011              5
              7            100              0
              7            101              0
              7            110              0
              7            111              1
              8            000              0
              8            001              1
              8            010              1
              8            011              4
              8            100              1
              8            101              3
              8            110              3
              8            111              5
