Eaten part = 0.297617
Start state = 8
Significant inputs: 2 6 7
Moves: 1 1 0 0 0 0 2 0 0
          state         inputs     next state
              0            000              3
              0            001              4
              0            010              4
              0            011              4
              0            100              7
              0            101              2
              0            110              2
              0            111              1
              1            000              2
              1            001              5
              1            010              3
              1            011              1
              1            100              3
              1            101              8
              1            110              5
              1            111              7
              2            000              2
              2            001              4
              2            010              6
              2            011              2
              2            100              5
              2            101              7
              2            110              2
              2            111              8
              3            000              5
              3            001              0
              3            010              6
              3            011              0
              3            100              4
              3            101              2
              3            110              1
              3            111              6
              4            000              5
              4            001              0
              4            010              6
              4            011              6
              4            100              5
              4            101              0
              4            110              5
              4            111              7
              5            000              4
              5            001              0
              5            010              6
              5            011              1
              5            100              3
              5            101              0
              5            110              6
              5            111              6
              6            000              5
              6            001              8
              6            010              5
              6            011              5
              6            100              5
              6            101              3
              6            110              7
              6            111              8
              7            000              2
              7            001              1
              7            010              6
              7            011              7
              7            100              4
              7            101              4
              7            110              8
              7            111              4
              8            000              5
              8            001              8
              8            010              8
              8            011              5
              8            100              3
              8            101              7
              8            110              5
              8            111              3
