Eaten part = 0.205683
Start state = 8
Significant inputs: 0 3 4
Moves: 0 1 0 0 0 1 0 2 0
          state         inputs     next state
              0            000              4
              0            001              0
              0            010              4
              0            011              8
              0            100              4
              0            101              4
              0            110              6
              0            111              0
              1            000              3
              1            001              3
              1            010              7
              1            011              3
              1            100              1
              1            101              4
              1            110              6
              1            111              0
              2            000              6
              2            001              0
              2            010              7
              2            011              0
              2            100              2
              2            101              2
              2            110              2
              2            111              6
              3            000              2
              3            001              5
              3            010              6
              3            011              7
              3            100              3
              3            101              0
              3            110              0
              3            111              1
              4            000              5
              4            001              5
              4            010              5
              4            011              5
              4            100              0
              4            101              2
              4            110              0
              4            111              4
              5            000              8
              5            001              2
              5            010              1
              5            011              6
              5            100              7
              5            101              2
              5            110              4
              5            111              2
              6            000              0
              6            001              1
              6            010              7
              6            011              5
              6            100              0
              6            101              1
              6            110              0
              6            111              4
              7            000              0
              7            001              8
              7            010              4
              7            011              4
              7            100              5
              7            101              7
              7            110              0
              7            111              1
              8            000              7
              8            001              7
              8            010              3
              8            011              2
              8            100              2
              8            101              7
              8            110              0
              8            111              8
