Eaten part = 0.216359
Start state = 1
Significant inputs: 3 4 7
Moves: 2 0 0 1 2 0 0 1 0
          state         inputs     next state
              0            000              2
              0            001              8
              0            010              3
              0            011              4
              0            100              8
              0            101              6
              0            110              8
              0            111              2
              1            000              5
              1            001              7
              1            010              8
              1            011              2
              1            100              3
              1            101              4
              1            110              2
              1            111              8
              2            000              7
              2            001              3
              2            010              1
              2            011              1
              2            100              3
              2            101              0
              2            110              2
              2            111              5
              3            000              6
              3            001              8
              3            010              0
              3            011              7
              3            100              1
              3            101              8
              3            110              4
              3            111              8
              4            000              0
              4            001              2
              4            010              3
              4            011              0
              4            100              1
              4            101              2
              4            110              4
              4            111              0
              5            000              0
              5            001              1
              5            010              2
              5            011              1
              5            100              3
              5            101              2
              5            110              1
              5            111              0
              6            000              6
              6            001              8
              6            010              8
              6            011              1
              6            100              4
              6            101              6
              6            110              2
              6            111              5
              7            000              5
              7            001              2
              7            010              0
              7            011              6
              7            100              1
              7            101              1
              7            110              6
              7            111              1
              8            000              5
              8            001              8
              8            010              8
              8            011              6
              8            100              5
              8            101              8
              8            110              6
              8            111              5
