Eaten part = 0.229254
Start state = 5
Significant inputs: 3 6 7
Moves: 0 0 1 0 0 0 0 2 1
          state         inputs     next state
              0            000              3
              0            001              5
              0            010              8
              0            011              3
              0            100              1
              0            101              2
              0            110              5
              0            111              2
              1            000              4
              1            001              5
              1            010              5
              1            011              0
              1            100              8
              1            101              8
              1            110              0
              1            111              8
              2            000              6
              2            001              4
              2            010              1
              2            011              0
              2            100              5
              2            101              4
              2            110              3
              2            111              2
              3            000              8
              3            001              0
              3            010              5
              3            011              2
              3            100              2
              3            101              2
              3            110              2
              3            111              7
              4            000              4
              4            001              5
              4            010              7
              4            011              1
              4            100              2
              4            101              3
              4            110              7
              4            111              4
              5            000              5
              5            001              5
              5            010              7
              5            011              4
              5            100              1
              5            101              5
              5            110              1
              5            111              3
              6            000              4
              6            001              5
              6            010              5
              6            011              7
              6            100              3
              6            101              1
              6            110              6
              6            111              2
              7            000              4
              7            001              1
              7            010              0
              7            011              3
              7            100              1
              7            101              0
              7            110              3
              7            111              4
              8            000              5
              8            001              1
              8            010              5
              8            011              3
              8            100              1
              8            101              1
              8            110              8
              8            111              4
