Eaten part = 0.242277
Start state = 2
Significant inputs: 1 4 6
Moves: 2 0 2 0 0 0 0 1 0
          state         inputs     next state
              0            000              3
              0            001              1
              0            010              7
              0            011              5
              0            100              5
              0            101              5
              0            110              0
              0            111              0
              1            000              1
              1            001              8
              1            010              3
              1            011              1
              1            100              2
              1            101              2
              1            110              7
              1            111              2
              2            000              5
              2            001              4
              2            010              3
              2            011              6
              2            100              1
              2            101              4
              2            110              5
              2            111              4
              3            000              6
              3            001              6
              3            010              5
              3            011              8
              3            100              0
              3            101              6
              3            110              1
              3            111              3
              4            000              4
              4            001              4
              4            010              5
              4            011              0
              4            100              2
              4            101              8
              4            110              1
              4            111              5
              5            000              6
              5            001              5
              5            010              8
              5            011              5
              5            100              2
              5            101              1
              5            110              6
              5            111              8
              6            000              7
              6            001              1
              6            010              3
              6            011              5
              6            100              7
              6            101              7
              6            110              3
              6            111              5
              7            000              1
              7            001              1
              7            010              2
              7            011              7
              7            100              4
              7            101              1
              7            110              2
              7            111              2
              8            000              5
              8            001              8
              8            010              4
              8            011              8
              8            100              0
              8            101              6
              8            110              4
              8            111              5
