Eaten part = 0.260020
Start state = 8
Significant inputs: 4 5 6
Moves: 2 1 0 0 0 1 0 0 0
          state         inputs     next state
              0            000              4
              0            001              2
              0            010              6
              0            011              2
              0            100              8
              0            101              6
              0            110              2
              0            111              1
              1            000              6
              1            001              3
              1            010              4
              1            011              1
              1            100              7
              1            101              5
              1            110              7
              1            111              1
              2            000              1
              2            001              6
              2            010              4
              2            011              7
              2            100              8
              2            101              0
              2            110              2
              2            111              6
              3            000              1
              3            001              8
              3            010              1
              3            011              6
              3            100              7
              3            101              6
              3            110              8
              3            111              5
              4            000              6
              4            001              6
              4            010              3
              4            011              6
              4            100              4
              4            101              8
              4            110              0
              4            111              6
              5            000              4
              5            001              0
              5            010              8
              5            011              0
              5            100              2
              5            101              3
              5            110              4
              5            111              4
              6            000              6
              6            001              6
              6            010              7
              6            011              1
              6            100              0
              6            101              2
              6            110              8
              6            111              5
              7            000              4
              7            001              5
              7            010              6
              7            011              2
              7            100              5
              7            101              7
              7            110              3
              7            111              7
              8            000              4
              8            001              4
              8            010              1
              8            011              5
              8            100              2
              8            101              3
              8            110              5
              8            111              5
