Eaten part = 0.247892
Start state = 6
Significant inputs: 2 4 6
Moves: 2 2 0 0 0 0 0 0 0
          state         inputs     next state
              0            000              7
              0            001              4
              0            010              6
              0            011              4
              0            100              2
              0            101              2
              0            110              6
              0            111              3
              1            000              8
              1            001              4
              1            010              5
              1            011              5
              1            100              6
              1            101              4
              1            110              0
              1            111              3
              2            000              1
              2            001              2
              2            010              8
              2            011              3
              2            100              6
              2            101              1
              2            110              6
              2            111              6
              3            000              8
              3            001              6
              3            010              6
              3            011              6
              3            100              5
              3            101              8
              3            110              3
              3            111              5
              4            000              6
              4            001              6
              4            010              8
              4            011              7
              4            100              4
              4            101              1
              4            110              3
              4            111              3
              5            000              5
              5            001              3
              5            010              4
              5            011              7
              5            100              0
              5            101              5
              5            110              1
              5            111              3
              6            000              8
              6            001              6
              6            010              6
              6            011              5
              6            100              1
              6            101              3
              6            110              4
              6            111              4
              7            000              4
              7            001              1
              7            010              8
              7            011              2
              7            100              4
              7            101              2
              7            110              3
              7            111              6
              8            000              4
              8            001              2
              8            010              6
              8            011              6
              8            100              0
              8            101              1
              8            110              7
              8            111              4
