Eaten part = 0.210053
Start state = 3
Significant inputs: 3 6 7
Moves: 0 2 0 0 0 1 0 0 2
          state         inputs     next state
              0            000              2
              0            001              0
              0            010              1
              0            011              6
              0            100              7
              0            101              8
              0            110              7
              0            111              7
              1            000              7
              1            001              6
              1            010              0
              1            011              2
              1            100              6
              1            101              0
              1            110              7
              1            111              4
              2            000              3
              2            001              6
              2            010              1
              2            011              3
              2            100              3
              2            101              8
              2            110              1
              2            111              0
              3            000              4
              3            001              0
              3            010              7
              3            011              6
              3            100              7
              3            101              4
              3            110              1
              3            111              0
              4            000              5
              4            001              8
              4            010              0
              4            011              0
              4            100              6
              4            101              7
              4            110              6
              4            111              3
              5            000              0
              5            001              1
              5            010              6
              5            011              1
              5            100              3
              5            101              8
              5            110              4
              5            111              3
              6            000              3
              6            001              5
              6            010              1
              6            011              2
              6            100              5
              6            101              7
              6            110              7
              6            111              2
              7            000              7
              7            001              6
              7            010              0
              7            011              8
              7            100              0
              7            101              1
              7            110              1
              7            111              8
              8            000              2
              8            001              1
              8            010              8
              8            011              4
              8            100              2
              8            101              0
              8            110              2
              8            111              4
