Eaten part = 0.189418
Start state = 0
Significant inputs: 4 5 7
Moves: 0 1 0 2 0 0 0 0 0
          state         inputs     next state
              0            000              4
              0            001              0
              0            010              0
              0            011              8
              0            100              1
              0            101              5
              0            110              3
              0            111              1
              1            000              5
              1            001              7
              1            010              0
              1            011              1
              1            100              8
              1            101              4
              1            110              7
              1            111              4
              2            000              3
              2            001              7
              2            010              4
              2            011              8
              2            100              5
              2            101              7
              2            110              8
              2            111              8
              3            000              4
              3            001              1
              3            010              2
              3            011              4
              3            100              5
              3            101              2
              3            110              0
              3            111              4
              4            000              4
              4            001              7
              4            010              7
              4            011              2
              4            100              6
              4            101              5
              4            110              6
              4            111              5
              5            000              2
              5            001              0
              5            010              7
              5            011              8
              5            100              2
              5            101              4
              5            110              1
              5            111              0
              6            000              5
              6            001              8
              6            010              4
              6            011              8
              6            100              7
              6            101              3
              6            110              3
              6            111              3
              7            000              6
              7            001              7
              7            010              7
              7            011              3
              7            100              8
              7            101              7
              7            110              6
              7            111              4
              8            000              1
              8            001              6
              8            010              3
              8            011              5
              8            100              6
              8            101              2
              8            110              0
              8            111              4
