Eaten part = 0.296295
Start state = 8
Significant inputs: 0 2 6
Moves: 1 2 0 0 0 0 1 0 0
          state         inputs     next state
              0            000              4
              0            001              3
              0            010              4
              0            011              5
              0            100              5
              0            101              7
              0            110              8
              0            111              5
              1            000              3
              1            001              4
              1            010              2
              1            011              7
              1            100              8
              1            101              8
              1            110              2
              1            111              2
              2            000              5
              2            001              2
              2            010              0
              2            011              2
              2            100              4
              2            101              3
              2            110              3
              2            111              4
              3            000              4
              3            001              8
              3            010              7
              3            011              0
              3            100              4
              3            101              5
              3            110              3
              3            111              2
              4            000              4
              4            001              4
              4            010              0
              4            011              0
              4            100              1
              4            101              7
              4            110              1
              4            111              5
              5            000              4
              5            001              3
              5            010              7
              5            011              0
              5            100              2
              5            101              5
              5            110              8
              5            111              3
              6            000              0
              6            001              6
              6            010              1
              6            011              3
              6            100              1
              6            101              8
              6            110              0
              6            111              0
              7            000              4
              7            001              4
              7            010              4
              7            011              7
              7            100              7
              7            101              4
              7            110              5
              7            111              7
              8            000              5
              8            001              1
              8            010              0
              8            011              0
              8            100              1
              8            101              7
              8            110              8
              8            111              1
