Eaten part = 0.222872
Start state = 2
Significant inputs: 1 3 6
Moves: 2 0 0 0 0 0 0 0 1
          state         inputs     next state
              0            000              4
              0            001              7
              0            010              4
              0            011              6
              0            100              6
              0            101              2
              0            110              2
              0            111              1
              1            000              3
              1            001              8
              1            010              8
              1            011              1
              1            100              2
              1            101              5
              1            110              1
              1            111              4
              2            000              2
              2            001              7
              2            010              1
              2            011              6
              2            100              0
              2            101              0
              2            110              8
              2            111              8
              3            000              6
              3            001              5
              3            010              8
              3            011              7
              3            100              0
              3            101              4
              3            110              4
              3            111              6
              4            000              8
              4            001              6
              4            010              6
              4            011              3
              4            100              0
              4            101              4
              4            110              0
              4            111              7
              5            000              7
              5            001              5
              5            010              1
              5            011              3
              5            100              3
              5            101              0
              5            110              0
              5            111              7
              6            000              3
              6            001              4
              6            010              8
              6            011              6
              6            100              2
              6            101              0
              6            110              8
              6            111              5
              7            000              5
              7            001              6
              7            010              5
              7            011              3
              7            100              7
              7            101              3
              7            110              2
              7            111              8
              8            000              5
              8            001              5
              8            010              1
              8            011              6
              8            100              0
              8            101              5
              8            110              1
              8            111              0
