Eaten part = 0.252610
Start state = 7
Significant inputs: 3 4 6
Moves: 0 0 0 0 0 0 0 1 2
          state         inputs     next state
              0            000              3
              0            001              4
              0            010              2
              0            011              5
              0            100              2
              0            101              8
              0            110              0
              0            111              0
              1            000              3
              1            001              1
              1            010              0
              1            011              1
              1            100              4
              1            101              1
              1            110              5
              1            111              0
              2            000              5
              2            001              7
              2            010              6
              2            011              6
              2            100              2
              2            101              3
              2            110              0
              2            111              4
              3            000              4
              3            001              0
              3            010              2
              3            011              0
              3            100              8
              3            101              8
              3            110              1
              3            111              3
              4            000              3
              4            001              0
              4            010              0
              4            011              1
              4            100              8
              4            101              1
              4            110              0
              4            111              1
              5            000              6
              5            001              4
              5            010              7
              5            011              0
              5            100              5
              5            101              4
              5            110              7
              5            111              2
              6            000              3
              6            001              7
              6            010              4
              6            011              5
              6            100              2
              6            101              6
              6            110              6
              6            111              2
              7            000              3
              7            001              0
              7            010              0
              7            011              7
              7            100              8
              7            101              4
              7            110              3
              7            111              2
              8            000              1
              8            001              1
              8            010              2
              8            011              2
              8            100              6
              8            101              8
              8            110              2
              8            111              1
