Eaten part = 0.249433
Start state = 4
Significant inputs: 0 2 4
Moves: 0 0 2 0 0 0 0 1 1
          state         inputs     next state
              0            000              1
              0            001              3
              0            010              8
              0            011              7
              0            100              3
              0            101              7
              0            110              4
              0            111              1
              1            000              2
              1            001              2
              1            010              1
              1            011              7
              1            100              1
              1            101              1
              1            110              2
              1            111              0
              2            000              4
              2            001              4
              2            010              7
              2            011              4
              2            100              4
              2            101              6
              2            110              1
              2            111              1
              3            000              3
              3            001              1
              3            010              5
              3            011              7
              3            100              3
              3            101              3
              3            110              1
              3            111              5
              4            000              4
              4            001              4
              4            010              7
              4            011              5
              4            100              4
              4            101              1
              4            110              7
              4            111              4
              5            000              2
              5            001              5
              5            010              8
              5            011              3
              5            100              0
              5            101              6
              5            110              4
              5            111              0
              6            000              7
              6            001              0
              6            010              7
              6            011              1
              6            100              4
              6            101              0
              6            110              5
              6            111              6
              7            000              4
              7            001              0
              7            010              1
              7            011              4
              7            100              0
              7            101              2
              7            110              4
              7            111              3
              8            000              6
              8            001              1
              8            010              5
              8            011              4
              8            100              5
              8            101              2
              8            110              7
              8            111              5
