Eaten part = 0.289577
Start state = 7
Significant inputs: 2 5 6
Moves: 2 0 0 0 0 0 1 0 1
          state         inputs     next state
              0            000              4
              0            001              8
              0            010              7
              0            011              3
              0            100              0
              0            101              5
              0            110              4
              0            111              1
              1            000              7
              1            001              6
              1            010              5
              1            011              8
              1            100              0
              1            101              7
              1            110              5
              1            111              8
              2            000              0
              2            001              1
              2            010              5
              2            011              6
              2            100              0
              2            101              0
              2            110              2
              2            111              7
              3            000              7
              3            001              7
              3            010              5
              3            011              6
              3            100              6
              3            101              5
              3            110              6
              3            111              1
              4            000              0
              4            001              8
              4            010              3
              4            011              6
              4            100              1
              4            101              4
              4            110              3
              4            111              2
              5            000              1
              5            001              8
              5            010              1
              5            011              7
              5            100              7
              5            101              4
              5            110              0
              5            111              7
              6            000              7
              6            001              5
              6            010              4
              6            011              1
              6            100              0
              6            101              3
              6            110              6
              6            111              6
              7            000              7
              7            001              8
              7            010              7
              7            011              7
              7            100              0
              7            101              5
              7            110              5
              7            111              7
              8            000              7
              8            001              2
              8            010              1
              8            011              8
              8            100              1
              8            101              1
              8            110              6
              8            111              8
