Eaten part = 0.185508
Start state = 2
Significant inputs: 0 1 3
Moves: 0 1 0 0 0 0 0 0 2
          state         inputs     next state
              0            000              3
              0            001              2
              0            010              6
              0            011              8
              0            100              7
              0            101              5
              0            110              8
              0            111              3
              1            000              2
              1            001              6
              1            010              2
              1            011              7
              1            100              8
              1            101              6
              1            110              8
              1            111              2
              2            000              2
              2            001              6
              2            010              7
              2            011              1
              2            100              2
              2            101              3
              2            110              8
              2            111              6
              3            000              1
              3            001              4
              3            010              7
              3            011              0
              3            100              3
              3            101              1
              3            110              5
              3            111              6
              4            000              5
              4            001              8
              4            010              0
              4            011              3
              4            100              0
              4            101              0
              4            110              1
              4            111              5
              5            000              7
              5            001              8
              5            010              6
              5            011              1
              5            100              8
              5            101              5
              5            110              4
              5            111              4
              6            000              6
              6            001              5
              6            010              3
              6            011              3
              6            100              5
              6            101              1
              6            110              1
              6            111              5
              7            000              3
              7            001              5
              7            010              2
              7            011              7
              7            100              7
              7            101              3
              7            110              5
              7            111              6
              8            000              4
              8            001              2
              8            010              0
              8            011              2
              8            100              5
              8            101              2
              8            110              4
              8            111              3
