Eaten part = 0.311299
Start state = 7
Significant inputs: 2 5 6
Moves: 0 0 2 0 0 1 0 0 1
          state         inputs     next state
              0            000              4
              0            001              4
              0            010              5
              0            011              3
              0            100              2
              0            101              8
              0            110              2
              0            111              7
              1            000              1
              1            001              8
              1            010              1
              1            011              2
              1            100              2
              1            101              2
              1            110              2
              1            111              2
              2            000              1
              2            001              0
              2            010              4
              2            011              4
              2            100              3
              2            101              3
              2            110              7
              2            111              7
              3            000              1
              3            001              4
              3            010              7
              3            011              4
              3            100              7
              3            101              5
              3            110              2
              3            111              3
              4            000              1
              4            001              0
              4            010              4
              4            011              4
              4            100              2
              4            101              4
              4            110              2
              4            111              8
              5            000              2
              5            001              6
              5            010              0
              5            011              7
              5            100              6
              5            101              5
              5            110              2
              5            111              4
              6            000              0
              6            001              0
              6            010              1
              6            011              6
              6            100              6
              6            101              2
              6            110              3
              6            111              1
              7            000              3
              7            001              8
              7            010              7
              7            011              5
              7            100              2
              7            101              4
              7            110              8
              7            111              8
              8            000              4
              8            001              4
              8            010              1
              8            011              7
              8            100              3
              8            101              7
              8            110              7
              8            111              5
