Eaten part = 0.298354
Start state = 8
Significant inputs: 2 5 6
Moves: 0 2 0 0 0 2 1 1 0
          state         inputs     next state
              0            000              6
              0            001              6
              0            010              5
              0            011              5
              0            100              7
              0            101              1
              0            110              5
              0            111              3
              1            000              4
              1            001              5
              1            010              6
              1            011              3
              1            100              1
              1            101              7
              1            110              3
              1            111              4
              2            000              3
              2            001              3
              2            010              3
              2            011              0
              2            100              5
              2            101              6
              2            110              1
              2            111              3
              3            000              3
              3            001              7
              3            010              3
              3            011              2
              3            100              5
              3            101              2
              3            110              5
              3            111              5
              4            000              0
              4            001              7
              4            010              2
              4            011              4
              4            100              3
              4            101              3
              4            110              8
              4            111              2
              5            000              2
              5            001              0
              5            010              3
              5            011              0
              5            100              3
              5            101              5
              5            110              4
              5            111              3
              6            000              3
              6            001              5
              6            010              8
              6            011              4
              6            100              5
              6            101              8
              6            110              3
              6            111              2
              7            000              3
              7            001              3
              7            010              7
              7            011              7
              7            100              2
              7            101              2
              7            110              4
              7            111              2
              8            000              3
              8            001              3
              8            010              4
              8            011              4
              8            100              5
              8            101              2
              8            110              5
              8            111              1
