Eaten part = 0.299416
Start state = 2
Significant inputs: 2 3 6
Moves: 0 0 0 0 0 2 0 2 1
          state         inputs     next state
              0            000              7
              0            001              0
              0            010              3
              0            011              8
              0            100              5
              0            101              3
              0            110              3
              0            111              0
              1            000              2
              1            001              1
              1            010              5
              1            011              3
              1            100              8
              1            101              7
              1            110              4
              1            111              5
              2            000              3
              2            001              8
              2            010              7
              2            011              7
              2            100              4
              2            101              4
              2            110              5
              2            111              8
              3            000              3
              3            001              8
              3            010              3
              3            011              8
              3            100              5
              3            101              3
              3            110              3
              3            111              7
              4            000              5
              4            001              5
              4            010              3
              4            011              7
              4            100              1
              4            101              3
              4            110              1
              4            111              8
              5            000              0
              5            001              0
              5            010              3
              5            011              0
              5            100              3
              5            101              0
              5            110              4
              5            111              2
              6            000              2
              6            001              6
              6            010              0
              6            011              7
              6            100              7
              6            101              0
              6            110              4
              6            111              1
              7            000              3
              7            001              2
              7            010              8
              7            011              1
              7            100              8
              7            101              3
              7            110              3
              7            111              0
              8            000              0
              8            001              2
              8            010              3
              8            011              3
              8            100              3
              8            101              3
              8            110              1
              8            111              3
