Eaten part = 0.263445
Start state = 0
Significant inputs: 2 3 4
Moves: 2 1 0 0 0 0 0 0 0
          state         inputs     next state
              0            000              6
              0            001              3
              0            010              3
              0            011              4
              0            100              3
              0            101              4
              0            110              7
              0            111              0
              1            000              2
              1            001              4
              1            010              7
              1            011              7
              1            100              4
              1            101              7
              1            110              0
              1            111              2
              2            000              2
              2            001              7
              2            010              8
              2            011              1
              2            100              2
              2            101              1
              2            110              5
              2            111              2
              3            000              4
              3            001              1
              3            010              8
              3            011              1
              3            100              4
              3            101              8
              3            110              2
              3            111              4
              4            000              6
              4            001              1
              4            010              0
              4            011              1
              4            100              7
              4            101              4
              4            110              7
              4            111              2
              5            000              1
              5            001              0
              5            010              8
              5            011              3
              5            100              7
              5            101              7
              5            110              5
              5            111              7
              6            000              7
              6            001              1
              6            010              4
              6            011              6
              6            100              7
              6            101              5
              6            110              6
              6            111              0
              7            000              7
              7            001              1
              7            010              4
              7            011              1
              7            100              4
              7            101              3
              7            110              6
              7            111              7
              8            000              0
              8            001              1
              8            010              8
              8            011              8
              8            100              2
              8            101              3
              8            110              6
              8            111              6
