Eaten part = 0.312178
Start state = 4
Significant inputs: 1 2 6
Moves: 0 2 1 1 0 2 2 0 0
          state         inputs     next state
              0            000              8
              0            001              6
              0            010              4
              0            011              1
              0            100              1
              0            101              3
              0            110              7
              0            111              7
              1            000              4
              1            001              7
              1            010              8
              1            011              2
              1            100              7
              1            101              6
              1            110              8
              1            111              3
              2            000              8
              2            001              0
              2            010              4
              2            011              4
              2            100              8
              2            101              8
              2            110              7
              2            111              8
              3            000              7
              3            001              8
              3            010              2
              3            011              4
              3            100              7
              3            101              7
              3            110              2
              3            111              4
              4            000              7
              4            001              7
              4            010              2
              4            011              2
              4            100              1
              4            101              7
              4            110              8
              4            111              1
              5            000              8
              5            001              6
              5            010              8
              5            011              0
              5            100              2
              5            101              1
              5            110              0
              5            111              2
              6            000              5
              6            001              8
              6            010              7
              6            011              8
              6            100              8
              6            101              4
              6            110              1
              6            111              7
              7            000              7
              7            001              0
              7            010              2
              7            011              7
              7            100              1
              7            101              1
              7            110              6
              7            111              7
              8            000              8
              8            001              3
              8            010              2
              8            011              3
              8            100              1
              8            101              8
              8            110              3
              8            111              3
