Eaten part = 0.232820
Start state = 3
Significant inputs: 5 6 7
Moves: 0 0 0 2 0 0 1 1 0
          state         inputs     next state
              0            000              8
              0            001              4
              0            010              1
              0            011              8
              0            100              0
              0            101              6
              0            110              4
              0            111              3
              1            000              6
              1            001              4
              1            010              2
              1            011              0
              1            100              4
              1            101              4
              1            110              5
              1            111              1
              2            000              2
              2            001              2
              2            010              3
              2            011              6
              2            100              5
              2            101              6
              2            110              3
              2            111              7
              3            000              5
              3            001              8
              3            010              5
              3            011              8
              3            100              4
              3            101              4
              3            110              4
              3            111              0
              4            000              8
              4            001              2
              4            010              3
              4            011              3
              4            100              1
              4            101              3
              4            110              8
              4            111              8
              5            000              2
              5            001              4
              5            010              7
              5            011              2
              5            100              8
              5            101              0
              5            110              8
              5            111              2
              6            000              0
              6            001              3
              6            010              5
              6            011              8
              6            100              3
              6            101              8
              6            110              8
              6            111              5
              7            000              3
              7            001              6
              7            010              7
              7            011              2
              7            100              1
              7            101              0
              7            110              3
              7            111              8
              8            000              4
              8            001              8
              8            010              4
              8            011              2
              8            100              2
              8            101              4
              8            110              3
              8            111              6
