Eaten part = 0.295628
Start state = 8
Significant inputs: 2 3 6
Moves: 0 0 2 1 0 0 0 0 2
          state         inputs     next state
              0            000              1
              0            001              3
              0            010              5
              0            011              3
              0            100              8
              0            101              2
              0            110              7
              0            111              3
              1            000              1
              1            001              3
              1            010              1
              1            011              1
              1            100              2
              1            101              8
              1            110              2
              1            111              3
              2            000              0
              2            001              0
              2            010              7
              2            011              4
              2            100              7
              2            101              4
              2            110              0
              2            111              7
              3            000              7
              3            001              1
              3            010              7
              3            011              4
              3            100              5
              3            101              4
              3            110              2
              3            111              7
              4            000              0
              4            001              0
              4            010              5
              4            011              4
              4            100              2
              4            101              3
              4            110              5
              4            111              3
              5            000              1
              5            001              3
              5            010              7
              5            011              6
              5            100              7
              5            101              7
              5            110              8
              5            111              2
              6            000              3
              6            001              5
              6            010              3
              6            011              0
              6            100              7
              6            101              6
              6            110              4
              6            111              7
              7            000              1
              7            001              3
              7            010              1
              7            011              3
              7            100              0
              7            101              1
              7            110              0
              7            111              5
              8            000              5
              8            001              5
              8            010              7
              8            011              2
              8            100              4
              8            101              5
              8            110              0
              8            111              2
