Eaten part = 0.300313
Start state = 1
Significant inputs: 1 2 6
Moves: 0 0 0 1 0 2 2 0 0
          state         inputs     next state
              0            000              8
              0            001              7
              0            010              7
              0            011              2
              0            100              5
              0            101              6
              0            110              6
              0            111              5
              1            000              2
              1            001              2
              1            010              3
              1            011              8
              1            100              0
              1            101              2
              1            110              8
              1            111              3
              2            000              4
              2            001              1
              2            010              0
              2            011              3
              2            100              6
              2            101              1
              2            110              6
              2            111              4
              3            000              8
              3            001              8
              3            010              5
              3            011              2
              3            100              7
              3            101              7
              3            110              6
              3            111              8
              4            000              4
              4            001              2
              4            010              3
              4            011              0
              4            100              6
              4            101              8
              4            110              6
              4            111              4
              5            000              0
              5            001              4
              5            010              5
              5            011              6
              5            100              4
              5            101              7
              5            110              6
              5            111              1
              6            000              4
              6            001              4
              6            010              2
              6            011              8
              6            100              4
              6            101              2
              6            110              7
              6            111              4
              7            000              4
              7            001              7
              7            010              4
              7            011              1
              7            100              5
              7            101              5
              7            110              3
              7            111              4
              8            000              4
              8            001              4
              8            010              3
              8            011              1
              8            100              4
              8            101              8
              8            110              5
              8            111              0
