Eaten part = 0.268572
Start state = 5
Significant inputs: 3 4 6
Moves: 1 0 0 0 2 0 0 0 2
          state         inputs     next state
              0            000              7
              0            001              1
              0            010              5
              0            011              2
              0            100              5
              0            101              2
              0            110              5
              0            111              6
              1            000              3
              1            001              0
              1            010              3
              1            011              1
              1            100              3
              1            101              6
              1            110              0
              1            111              5
              2            000              5
              2            001              2
              2            010              6
              2            011              6
              2            100              4
              2            101              6
              2            110              7
              2            111              4
              3            000              5
              3            001              3
              3            010              1
              3            011              3
              3            100              8
              3            101              0
              3            110              1
              3            111              7
              4            000              2
              4            001              1
              4            010              2
              4            011              4
              4            100              2
              4            101              5
              4            110              1
              4            111              8
              5            000              2
              5            001              6
              5            010              7
              5            011              1
              5            100              4
              5            101              8
              5            110              7
              5            111              1
              6            000              2
              6            001              0
              6            010              3
              6            011              5
              6            100              5
              6            101              8
              6            110              1
              6            111              3
              7            000              5
              7            001              3
              7            010              7
              7            011              3
              7            100              5
              7            101              4
              7            110              1
              7            111              5
              8            000              6
              8            001              8
              8            010              2
              8            011              7
              8            100              3
              8            101              5
              8            110              6
              8            111              0
