Eaten part = 0.291675
Start state = 4
Significant inputs: 2 3 6
Moves: 0 2 0 0 0 2 0 1 0
          state         inputs     next state
              0            000              6
              0            001              7
              0            010              0
              0            011              0
              0            100              1
              0            101              1
              0            110              6
              0            111              6
              1            000              0
              1            001              6
              1            010              4
              1            011              8
              1            100              8
              1            101              8
              1            110              3
              1            111              8
              2            000              4
              2            001              3
              2            010              0
              2            011              3
              2            100              6
              2            101              7
              2            110              3
              2            111              4
              3            000              8
              3            001              3
              3            010              6
              3            011              6
              3            100              0
              3            101              4
              3            110              0
              3            111              7
              4            000              0
              4            001              4
              4            010              2
              4            011              7
              4            100              1
              4            101              4
              4            110              1
              4            111              2
              5            000              8
              5            001              0
              5            010              4
              5            011              8
              5            100              4
              5            101              6
              5            110              3
              5            111              7
              6            000              6
              6            001              7
              6            010              0
              6            011              4
              6            100              5
              6            101              1
              6            110              4
              6            111              2
              7            000              2
              7            001              4
              7            010              8
              7            011              6
              7            100              6
              7            101              2
              7            110              2
              7            111              4
              8            000              6
              8            001              6
              8            010              0
              8            011              7
              8            100              4
              8            101              0
              8            110              6
              8            111              0
