Eaten part = 0.245114
Start state = 1
Significant inputs: 1 4 6
Moves: 0 0 0 0 0 0 0 2 2
          state         inputs     next state
              0            000              4
              0            001              3
              0            010              2
              0            011              3
              0            100              0
              0            101              4
              0            110              5
              0            111              4
              1            000              6
              1            001              6
              1            010              0
              1            011              2
              1            100              6
              1            101              8
              1            110              1
              1            111              7
              2            000              6
              2            001              6
              2            010              6
              2            011              2
              2            100              7
              2            101              7
              2            110              0
              2            111              2
              3            000              7
              3            001              3
              3            010              3
              3            011              2
              3            100              6
              3            101              7
              3            110              4
              3            111              2
              4            000              2
              4            001              6
              4            010              4
              4            011              0
              4            100              6
              4            101              7
              4            110              1
              4            111              5
              5            000              2
              5            001              1
              5            010              4
              5            011              6
              5            100              7
              5            101              5
              5            110              7
              5            111              3
              6            000              2
              6            001              2
              6            010              2
              6            011              4
              6            100              7
              6            101              7
              6            110              4
              6            111              8
              7            000              1
              7            001              0
              7            010              4
              7            011              1
              7            100              0
              7            101              4
              7            110              1
              7            111              3
              8            000              6
              8            001              3
              8            010              8
              8            011              0
              8            100              6
              8            101              2
              8            110              3
              8            111              6
