Eaten part = 0.253680
Start state = 1
Significant inputs: 2 4 5
Moves: 0 0 0 1 0 2 1 0 0
          state         inputs     next state
              0            000              7
              0            001              6
              0            010              0
              0            011              7
              0            100              4
              0            101              3
              0            110              1
              0            111              5
              1            000              0
              1            001              1
              1            010              0
              1            011              5
              1            100              3
              1            101              6
              1            110              4
              1            111              2
              2            000              2
              2            001              6
              2            010              4
              2            011              0
              2            100              0
              2            101              6
              2            110              4
              2            111              4
              3            000              2
              3            001              2
              3            010              0
              3            011              2
              3            100              0
              3            101              7
              3            110              4
              3            111              2
              4            000              5
              4            001              3
              4            010              1
              4            011              0
              4            100              2
              4            101              1
              4            110              1
              4            111              4
              5            000              0
              5            001              2
              5            010              2
              5            011              8
              5            100              4
              5            101              2
              5            110              4
              5            111              7
              6            000              2
              6            001              4
              6            010              0
              6            011              0
              6            100              7
              6            101              4
              6            110              0
              6            111              6
              7            000              2
              7            001              0
              7            010              2
              7            011              2
              7            100              6
              7            101              4
              7            110              8
              7            111              0
              8            000              0
              8            001              8
              8            010              8
              8            011              4
              8            100              2
              8            101              1
              8            110              2
              8            111              7
