Eaten part = 0.293740
Start state = 4
Significant inputs: 2 4 6
Moves: 0 0 1 2 0 0 0 0 0
          state         inputs     next state
              0            000              8
              0            001              0
              0            010              0
              0            011              7
              0            100              7
              0            101              1
              0            110              6
              0            111              4
              1            000              1
              1            001              5
              1            010              4
              1            011              7
              1            100              3
              1            101              3
              1            110              5
              1            111              4
              2            000              1
              2            001              1
              2            010              6
              2            011              4
              2            100              6
              2            101              1
              2            110              8
              2            111              5
              3            000              0
              3            001              0
              3            010              5
              3            011              0
              3            100              7
              3            101              5
              3            110              4
              3            111              2
              4            000              1
              4            001              2
              4            010              3
              4            011              6
              4            100              3
              4            101              1
              4            110              7
              4            111              7
              5            000              8
              5            001              2
              5            010              7
              5            011              5
              5            100              3
              5            101              7
              5            110              8
              5            111              3
              6            000              8
              6            001              1
              6            010              4
              6            011              8
              6            100              0
              6            101              0
              6            110              8
              6            111              7
              7            000              1
              7            001              2
              7            010              1
              7            011              6
              7            100              5
              7            101              3
              7            110              0
              7            111              2
              8            000              5
              8            001              2
              8            010              5
              8            011              7
              8            100              1
              8            101              8
              8            110              0
              8            111              2
