Eaten part = 0.201910
Start state = 8
Significant inputs: 0 4 5
Moves: 2 0 0 0 0 0 1 0 0
          state         inputs     next state
              0            000              4
              0            001              8
              0            010              1
              0            011              6
              0            100              5
              0            101              7
              0            110              7
              0            111              7
              1            000              6
              1            001              6
              1            010              8
              1            011              4
              1            100              3
              1            101              4
              1            110              4
              1            111              7
              2            000              3
              2            001              0
              2            010              8
              2            011              7
              2            100              6
              2            101              5
              2            110              5
              2            111              2
              3            000              5
              3            001              8
              3            010              7
              3            011              3
              3            100              5
              3            101              1
              3            110              4
              3            111              1
              4            000              1
              4            001              4
              4            010              1
              4            011              8
              4            100              2
              4            101              3
              4            110              5
              4            111              2
              5            000              0
              5            001              6
              5            010              8
              5            011              8
              5            100              7
              5            101              4
              5            110              2
              5            111              6
              6            000              5
              6            001              5
              6            010              0
              6            011              4
              6            100              7
              6            101              1
              6            110              3
              6            111              1
              7            000              8
              7            001              6
              7            010              2
              7            011              7
              7            100              0
              7            101              2
              7            110              1
              7            111              5
              8            000              4
              8            001              1
              8            010              8
              8            011              3
              8            100              7
              8            101              2
              8            110              3
              8            111              5
