Eaten part = 0.245571
Start state = 6
Significant inputs: 1 2 5
Moves: 0 0 1 0 0 1 0 0 1
          state         inputs     next state
              0            000              1
              0            001              4
              0            010              4
              0            011              2
              0            100              1
              0            101              8
              0            110              8
              0            111              1
              1            000              4
              1            001              2
              1            010              8
              1            011              5
              1            100              4
              1            101              8
              1            110              8
              1            111              2
              2            000              1
              2            001              0
              2            010              7
              2            011              3
              2            100              8
              2            101              7
              2            110              4
              2            111              8
              3            000              4
              3            001              2
              3            010              2
              3            011              2
              3            100              6
              3            101              8
              3            110              7
              3            111              1
              4            000              4
              4            001              3
              4            010              8
              4            011              7
              4            100              1
              4            101              4
              4            110              8
              4            111              5
              5            000              5
              5            001              6
              5            010              1
              5            011              4
              5            100              6
              5            101              4
              5            110              0
              5            111              4
              6            000              4
              6            001              6
              6            010              0
              6            011              5
              6            100              5
              6            101              4
              6            110              1
              6            111              3
              7            000              7
              7            001              1
              7            010              4
              7            011              0
              7            100              6
              7            101              3
              7            110              4
              7            111              6
              8            000              2
              8            001              7
              8            010              0
              8            011              4
              8            100              2
              8            101              4
              8            110              5
              8            111              4
