Eaten part = 0.220097
Start state = 2
Significant inputs: 2 4 7
Moves: 0 0 0 1 0 0 0 0 1
          state         inputs     next state
              0            000              6
              0            001              2
              0            010              6
              0            011              4
              0            100              1
              0            101              8
              0            110              8
              0            111              3
              1            000              7
              1            001              4
              1            010              5
              1            011              3
              1            100              2
              1            101              3
              1            110              4
              1            111              7
              2            000              6
              2            001              3
              2            010              5
              2            011              7
              2            100              4
              2            101              4
              2            110              2
              2            111              4
              3            000              5
              3            001              2
              3            010              6
              3            011              2
              3            100              1
              3            101              2
              3            110              6
              3            111              1
              4            000              6
              4            001              5
              4            010              6
              4            011              6
              4            100              3
              4            101              3
              4            110              5
              4            111              6
              5            000              7
              5            001              3
              5            010              0
              5            011              2
              5            100              4
              5            101              3
              5            110              0
              5            111              8
              6            000              2
              6            001              5
              6            010              2
              6            011              2
              6            100              4
              6            101              3
              6            110              0
              6            111              6
              7            000              7
              7            001              2
              7            010              7
              7            011              0
              7            100              8
              7            101              1
              7            110              4
              7            111              5
              8            000              7
              8            001              1
              8            010              2
              8            011              6
              8            100              4
              8            101              1
              8            110              4
              8            111              8
