Eaten part = 0.243635
Start state = 8
Significant inputs: 1 5 6
Moves: 2 1 1 1 2 1 0 2 0
          state         inputs     next state
              0            000              1
              0            001              0
              0            010              8
              0            011              8
              0            100              4
              0            101              6
              0            110              6
              0            111              6
              1            000              5
              1            001              4
              1            010              2
              1            011              5
              1            100              6
              1            101              2
              1            110              2
              1            111              5
              2            000              7
              2            001              5
              2            010              5
              2            011              3
              2            100              8
              2            101              2
              2            110              6
              2            111              6
              3            000              2
              3            001              6
              3            010              3
              3            011              2
              3            100              7
              3            101              5
              3            110              5
              3            111              8
              4            000              6
              4            001              3
              4            010              8
              4            011              2
              4            100              6
              4            101              4
              4            110              6
              4            111              6
              5            000              2
              5            001              8
              5            010              2
              5            011              6
              5            100              0
              5            101              8
              5            110              3
              5            111              8
              6            000              5
              6            001              5
              6            010              7
              6            011              4
              6            100              0
              6            101              3
              6            110              7
              6            111              5
              7            000              8
              7            001              4
              7            010              6
              7            011              8
              7            100              2
              7            101              4
              7            110              3
              7            111              0
              8            000              8
              8            001              8
              8            010              8
              8            011              7
              8            100              0
              8            101              4
              8            110              1
              8            111              4
