Eaten part = 0.203455
Start state = 2
Significant inputs: 0 4 7
Moves: 1 0 1 0 0 2 0 0 0
          state         inputs     next state
              0            000              8
              0            001              6
              0            010              6
              0            011              6
              0            100              3
              0            101              4
              0            110              2
              0            111              8
              1            000              2
              1            001              3
              1            010              1
              1            011              3
              1            100              6
              1            101              3
              1            110              4
              1            111              0
              2            000              0
              2            001              3
              2            010              7
              2            011              3
              2            100              4
              2            101              8
              2            110              0
              2            111              1
              3            000              4
              3            001              6
              3            010              7
              3            011              8
              3            100              4
              3            101              3
              3            110              3
              3            111              2
              4            000              4
              4            001              5
              4            010              3
              4            011              4
              4            100              7
              4            101              2
              4            110              8
              4            111              7
              5            000              3
              5            001              2
              5            010              2
              5            011              3
              5            100              4
              5            101              4
              5            110              0
              5            111              3
              6            000              6
              6            001              5
              6            010              3
              6            011              1
              6            100              8
              6            101              5
              6            110              8
              6            111              0
              7            000              0
              7            001              4
              7            010              6
              7            011              8
              7            100              3
              7            101              4
              7            110              7
              7            111              7
              8            000              5
              8            001              5
              8            010              8
              8            011              6
              8            100              4
              8            101              3
              8            110              1
              8            111              6
