Eaten part = 0.213994
Start state = 4
Significant inputs: 2 5 6
Moves: 0 1 2 2 2 0 0 0 0
          state         inputs     next state
              0            000              0
              0            001              8
              0            010              8
              0            011              2
              0            100              3
              0            101              3
              0            110              3
              0            111              8
              1            000              1
              1            001              6
              1            010              7
              1            011              3
              1            100              5
              1            101              2
              1            110              2
              1            111              1
              2            000              8
              2            001              0
              2            010              7
              2            011              8
              2            100              1
              2            101              3
              2            110              7
              2            111              5
              3            000              6
              3            001              1
              3            010              8
              3            011              8
              3            100              2
              3            101              4
              3            110              5
              3            111              1
              4            000              8
              4            001              5
              4            010              7
              4            011              7
              4            100              5
              4            101              8
              4            110              8
              4            111              0
              5            000              7
              5            001              3
              5            010              4
              5            011              4
              5            100              7
              5            101              6
              5            110              0
              5            111              2
              6            000              2
              6            001              8
              6            010              4
              6            011              8
              6            100              5
              6            101              7
              6            110              2
              6            111              3
              7            000              2
              7            001              8
              7            010              8
              7            011              6
              7            100              7
              7            101              6
              7            110              4
              7            111              4
              8            000              0
              8            001              6
              8            010              5
              8            011              0
              8            100              4
              8            101              2
              8            110              5
              8            111              3
