Eaten part = 0.235990
Start state = 0
Significant inputs: 5 6 7
Moves: 0 0 0 0 0 2 0 0 1
          state         inputs     next state
              0            000              4
              0            001              1
              0            010              3
              0            011              0
              0            100              3
              0            101              8
              0            110              8
              0            111              5
              1            000              6
              1            001              7
              1            010              0
              1            011              5
              1            100              5
              1            101              7
              1            110              0
              1            111              1
              2            000              4
              2            001              8
              2            010              2
              2            011              2
              2            100              2
              2            101              1
              2            110              7
              2            111              6
              3            000              0
              3            001              2
              3            010              5
              3            011              2
              3            100              6
              3            101              3
              3            110              7
              3            111              1
              4            000              4
              4            001              7
              4            010              5
              4            011              2
              4            100              4
              4            101              2
              4            110              5
              4            111              0
              5            000              1
              5            001              7
              5            010              4
              5            011              2
              5            100              7
              5            101              3
              5            110              5
              5            111              3
              6            000              2
              6            001              1
              6            010              1
              6            011              1
              6            100              5
              6            101              4
              6            110              6
              6            111              5
              7            000              2
              7            001              4
              7            010              6
              7            011              7
              7            100              3
              7            101              1
              7            110              3
              7            111              5
              8            000              3
              8            001              0
              8            010              2
              8            011              8
              8            100              8
              8            101              6
              8            110              3
              8            111              8
