Eaten part = 0.187782
Start state = 4
Significant inputs: 3 4 5
Moves: 1 0 0 1 2 0 0 1 0
          state         inputs     next state
              0            000              7
              0            001              3
              0            010              4
              0            011              4
              0            100              0
              0            101              7
              0            110              0
              0            111              7
              1            000              1
              1            001              4
              1            010              1
              1            011              6
              1            100              3
              1            101              1
              1            110              1
              1            111              3
              2            000              1
              2            001              1
              2            010              1
              2            011              6
              2            100              5
              2            101              6
              2            110              8
              2            111              3
              3            000              2
              3            001              6
              3            010              4
              3            011              0
              3            100              5
              3            101              7
              3            110              0
              3            111              8
              4            000              5
              4            001              8
              4            010              2
              4            011              2
              4            100              2
              4            101              5
              4            110              2
              4            111              5
              5            000              7
              5            001              6
              5            010              2
              5            011              5
              5            100              5
              5            101              7
              5            110              7
              5            111              4
              6            000              5
              6            001              2
              6            010              6
              6            011              2
              6            100              8
              6            101              5
              6            110              1
              6            111              0
              7            000              1
              7            001              6
              7            010              2
              7            011              2
              7            100              1
              7            101              7
              7            110              7
              7            111              3
              8            000              7
              8            001              4
              8            010              8
              8            011              6
              8            100              5
              8            101              5
              8            110              6
              8            111              5
