Eaten part = 0.235584
Start state = 6
Significant inputs: 0 2 7
Moves: 2 1 0 0 0 0 0 0 1
          state         inputs     next state
              0            000              2
              0            001              2
              0            010              4
              0            011              3
              0            100              3
              0            101              5
              0            110              1
              0            111              5
              1            000              3
              1            001              2
              1            010              2
              1            011              4
              1            100              3
              1            101              4
              1            110              3
              1            111              4
              2            000              2
              2            001              3
              2            010              8
              2            011              4
              2            100              6
              2            101              1
              2            110              4
              2            111              0
              3            000              5
              3            001              1
              3            010              2
              3            011              8
              3            100              5
              3            101              5
              3            110              3
              3            111              1
              4            000              6
              4            001              5
              4            010              5
              4            011              2
              4            100              0
              4            101              2
              4            110              8
              4            111              5
              5            000              5
              5            001              5
              5            010              1
              5            011              4
              5            100              5
              5            101              8
              5            110              1
              5            111              8
              6            000              3
              6            001              7
              6            010              4
              6            011              4
              6            100              7
              6            101              3
              6            110              1
              6            111              0
              7            000              6
              7            001              0
              7            010              4
              7            011              6
              7            100              1
              7            101              0
              7            110              8
              7            111              5
              8            000              6
              8            001              4
              8            010              5
              8            011              7
              8            100              5
              8            101              7
              8            110              2
              8            111              5
