Eaten part = 0.309593
Start state = 0
Significant inputs: 2 4 6
Moves: 1 0 2 0 0 0 0 0 1
          state         inputs     next state
              0            000              1
              0            001              1
              0            010              6
              0            011              8
              0            100              4
              0            101              5
              0            110              1
              0            111              5
              1            000              1
              1            001              8
              1            010              7
              1            011              6
              1            100              7
              1            101              8
              1            110              1
              1            111              2
              2            000              1
              2            001              1
              2            010              1
              2            011              8
              2            100              3
              2            101              7
              2            110              1
              2            111              6
              3            000              0
              3            001              0
              3            010              2
              3            011              1
              3            100              2
              3            101              7
              3            110              5
              3            111              2
              4            000              5
              4            001              3
              4            010              1
              4            011              7
              4            100              1
              4            101              0
              4            110              5
              4            111              7
              5            000              7
              5            001              5
              5            010              1
              5            011              6
              5            100              2
              5            101              8
              5            110              7
              5            111              2
              6            000              5
              6            001              8
              6            010              5
              6            011              3
              6            100              5
              6            101              2
              6            110              3
              6            111              1
              7            000              7
              7            001              8
              7            010              7
              7            011              1
              7            100              2
              7            101              4
              7            110              2
              7            111              5
              8            000              7
              8            001              7
              8            010              1
              8            011              7
              8            100              4
              8            101              7
              8            110              7
              8            111              6
