Eaten part = 0.251496
Start state = 3
Significant inputs: 0 5 6
Moves: 0 0 0 0 1 2 2 1 0
          state         inputs     next state
              0            000              7
              0            001              8
              0            010              7
              0            011              6
              0            100              7
              0            101              1
              0            110              5
              0            111              7
              1            000              2
              1            001              7
              1            010              2
              1            011              7
              1            100              7
              1            101              3
              1            110              8
              1            111              1
              2            000              1
              2            001              3
              2            010              5
              2            011              7
              2            100              5
              2            101              2
              2            110              0
              2            111              8
              3            000              3
              3            001              7
              3            010              3
              3            011              2
              3            100              5
              3            101              5
              3            110              6
              3            111              0
              4            000              8
              4            001              5
              4            010              7
              4            011              1
              4            100              2
              4            101              7
              4            110              8
              4            111              2
              5            000              5
              5            001              8
              5            010              3
              5            011              8
              5            100              3
              5            101              4
              5            110              0
              5            111              0
              6            000              0
              6            001              1
              6            010              3
              6            011              3
              6            100              7
              6            101              2
              6            110              7
              6            111              4
              7            000              3
              7            001              3
              7            010              6
              7            011              6
              7            100              3
              7            101              3
              7            110              5
              7            111              8
              8            000              3
              8            001              1
              8            010              7
              8            011              4
              8            100              3
              8            101              7
              8            110              0
              8            111              0
