Eaten part = 0.246749
Start state = 5
Significant inputs: 1 4 6
Moves: 0 0 0 2 0 0 0 0 2
          state         inputs     next state
              0            000              5
              0            001              4
              0            010              4
              0            011              5
              0            100              7
              0            101              0
              0            110              0
              0            111              4
              1            000              5
              1            001              7
              1            010              1
              1            011              6
              1            100              4
              1            101              7
              1            110              7
              1            111              5
              2            000              5
              2            001              3
              2            010              4
              2            011              7
              2            100              2
              2            101              1
              2            110              0
              2            111              5
              3            000              1
              3            001              6
              3            010              2
              3            011              1
              3            100              5
              3            101              1
              3            110              1
              3            111              1
              4            000              5
              4            001              7
              4            010              0
              4            011              0
              4            100              4
              4            101              8
              4            110              4
              4            111              5
              5            000              5
              5            001              5
              5            010              1
              5            011              5
              5            100              3
              5            101              3
              5            110              2
              5            111              2
              6            000              0
              6            001              1
              6            010              0
              6            011              5
              6            100              6
              6            101              2
              6            110              1
              6            111              0
              7            000              2
              7            001              4
              7            010              0
              7            011              2
              7            100              8
              7            101              5
              7            110              0
              7            111              8
              8            000              5
              8            001              1
              8            010              2
              8            011              4
              8            100              0
              8            101              3
              8            110              2
              8            111              4
