Eaten part = 0.293884
Start state = 6
Significant inputs: 1 2 6
Moves: 0 0 2 1 0 0 0 1 0
          state         inputs     next state
              0            000              1
              0            001              4
              0            010              6
              0            011              4
              0            100              4
              0            101              5
              0            110              7
              0            111              1
              1            000              4
              1            001              4
              1            010              6
              1            011              6
              1            100              6
              1            101              4
              1            110              3
              1            111              5
              2            000              5
              2            001              6
              2            010              1
              2            011              6
              2            100              0
              2            101              8
              2            110              4
              2            111              6
              3            000              5
              3            001              8
              3            010              0
              3            011              8
              3            100              4
              3            101              1
              3            110              1
              3            111              4
              4            000              5
              4            001              4
              4            010              7
              4            011              3
              4            100              8
              4            101              2
              4            110              3
              4            111              1
              5            000              8
              5            001              8
              5            010              4
              5            011              3
              5            100              8
              5            101              6
              5            110              5
              5            111              7
              6            000              8
              6            001              4
              6            010              7
              6            011              4
              6            100              2
              6            101              5
              6            110              3
              6            111              2
              7            000              0
              7            001              8
              7            010              8
              7            011              6
              7            100              6
              7            101              6
              7            110              3
              7            111              1
              8            000              8
              8            001              7
              8            010              3
              8            011              2
              8            100              2
              8            101              8
              8            110              3
              8            111              4
