Eaten part = 0.237737
Start state = 1
Significant inputs: 1 2 3
Moves: 2 1 0 0 0 0 0 0 2
          state         inputs     next state
              0            000              6
              0            001              7
              0            010              3
              0            011              0
              0            100              1
              0            101              7
              0            110              0
              0            111              0
              1            000              8
              1            001              6
              1            010              6
              1            011              6
              1            100              2
              1            101              4
              1            110              1
              1            111              5
              2            000              5
              2            001              2
              2            010              1
              2            011              1
              2            100              8
              2            101              6
              2            110              6
              2            111              4
              3            000              3
              3            001              6
              3            010              1
              3            011              0
              3            100              2
              3            101              3
              3            110              5
              3            111              2
              4            000              6
              4            001              5
              4            010              6
              4            011              4
              4            100              0
              4            101              0
              4            110              6
              4            111              6
              5            000              7
              5            001              5
              5            010              1
              5            011              7
              5            100              7
              5            101              7
              5            110              1
              5            111              2
              6            000              2
              6            001              6
              6            010              1
              6            011              2
              6            100              5
              6            101              2
              6            110              0
              6            111              4
              7            000              6
              7            001              3
              7            010              4
              7            011              5
              7            100              7
              7            101              5
              7            110              1
              7            111              7
              8            000              5
              8            001              3
              8            010              4
              8            011              7
              8            100              4
              8            101              7
              8            110              7
              8            111              2
