Eaten part = 0.252495
Start state = 8
Significant inputs: 0 2 5
Moves: 0 0 2 0 0 0 1 2 1
          state         inputs     next state
              0            000              1
              0            001              6
              0            010              5
              0            011              4
              0            100              0
              0            101              0
              0            110              4
              0            111              3
              1            000              2
              1            001              4
              1            010              7
              1            011              7
              1            100              7
              1            101              2
              1            110              8
              1            111              7
              2            000              3
              2            001              2
              2            010              8
              2            011              8
              2            100              5
              2            101              5
              2            110              0
              2            111              8
              3            000              5
              3            001              3
              3            010              8
              3            011              6
              3            100              3
              3            101              1
              3            110              1
              3            111              1
              4            000              5
              4            001              3
              4            010              2
              4            011              7
              4            100              7
              4            101              8
              4            110              6
              4            111              6
              5            000              3
              5            001              5
              5            010              8
              5            011              3
              5            100              3
              5            101              1
              5            110              8
              5            111              8
              6            000              5
              6            001              4
              6            010              5
              6            011              5
              6            100              4
              6            101              3
              6            110              5
              6            111              5
              7            000              4
              7            001              7
              7            010              3
              7            011              3
              7            100              3
              7            101              1
              7            110              4
              7            111              5
              8            000              3
              8            001              0
              8            010              1
              8            011              1
              8            100              4
              8            101              0
              8            110              1
              8            111              2
