Eaten part = 0.224745
Start state = 6
Significant inputs: 1 5 6
Moves: 0 0 0 0 0 2 0 1 1
          state         inputs     next state
              0            000              6
              0            001              1
              0            010              3
              0            011              5
              0            100              5
              0            101              8
              0            110              1
              0            111              3
              1            000              0
              1            001              6
              1            010              4
              1            011              0
              1            100              4
              1            101              5
              1            110              6
              1            111              2
              2            000              7
              2            001              5
              2            010              5
              2            011              1
              2            100              8
              2            101              3
              2            110              5
              2            111              5
              3            000              6
              3            001              0
              3            010              6
              3            011              8
              3            100              6
              3            101              1
              3            110              5
              3            111              5
              4            000              1
              4            001              8
              4            010              8
              4            011              4
              4            100              1
              4            101              1
              4            110              4
              4            111              2
              5            000              7
              5            001              7
              5            010              6
              5            011              0
              5            100              3
              5            101              8
              5            110              4
              5            111              7
              6            000              0
              6            001              6
              6            010              0
              6            011              8
              6            100              6
              6            101              3
              6            110              5
              6            111              5
              7            000              6
              7            001              1
              7            010              6
              7            011              1
              7            100              7
              7            101              8
              7            110              4
              7            111              1
              8            000              0
              8            001              0
              8            010              4
              8            011              6
              8            100              3
              8            101              2
              8            110              2
              8            111              3
