Eaten part = 0.236549
Start state = 8
Significant inputs: 0 3 6
Moves: 2 2 1 0 0 0 0 0 0
          state         inputs     next state
              0            000              8
              0            001              8
              0            010              3
              0            011              4
              0            100              4
              0            101              7
              0            110              3
              0            111              7
              1            000              3
              1            001              4
              1            010              8
              1            011              6
              1            100              3
              1            101              7
              1            110              4
              1            111              8
              2            000              7
              2            001              3
              2            010              1
              2            011              6
              2            100              6
              2            101              3
              2            110              0
              2            111              1
              3            000              6
              3            001              5
              3            010              4
              3            011              5
              3            100              6
              3            101              3
              3            110              0
              3            111              5
              4            000              7
              4            001              4
              4            010              6
              4            011              6
              4            100              0
              4            101              8
              4            110              8
              4            111              3
              5            000              5
              5            001              4
              5            010              5
              5            011              3
              5            100              0
              5            101              1
              5            110              6
              5            111              2
              6            000              8
              6            001              5
              6            010              4
              6            011              2
              6            100              4
              6            101              3
              6            110              0
              6            111              6
              7            000              7
              7            001              5
              7            010              8
              7            011              4
              7            100              0
              7            101              8
              7            110              1
              7            111              1
              8            000              2
              8            001              3
              8            010              7
              8            011              7
              8            100              1
              8            101              7
              8            110              4
              8            111              6
