Eaten part = 0.299870
Start state = 7
Significant inputs: 2 6 7
Moves: 2 0 1 0 0 1 0 0 2
          state         inputs     next state
              0            000              7
              0            001              7
              0            010              3
              0            011              7
              0            100              4
              0            101              7
              0            110              7
              0            111              6
              1            000              5
              1            001              0
              1            010              0
              1            011              5
              1            100              7
              1            101              1
              1            110              6
              1            111              1
              2            000              4
              2            001              8
              2            010              3
              2            011              4
              2            100              3
              2            101              1
              2            110              6
              2            111              1
              3            000              6
              3            001              5
              3            010              4
              3            011              5
              3            100              7
              3            101              1
              3            110              4
              3            111              4
              4            000              7
              4            001              5
              4            010              3
              4            011              5
              4            100              4
              4            101              2
              4            110              3
              4            111              7
              5            000              7
              5            001              1
              5            010              7
              5            011              3
              5            100              4
              5            101              7
              5            110              7
              5            111              6
              6            000              8
              6            001              1
              6            010              0
              6            011              0
              6            100              0
              6            101              8
              6            110              6
              6            111              5
              7            000              7
              7            001              5
              7            010              0
              7            011              0
              7            100              7
              7            101              5
              7            110              7
              7            111              0
              8            000              0
              8            001              5
              8            010              6
              8            011              4
              8            100              6
              8            101              7
              8            110              5
              8            111              8
