Eaten part = 0.241077
Start state = 6
Significant inputs: 5 6 7
Moves: 2 0 0 0 0 0 1 0 2
          state         inputs     next state
              0            000              5
              0            001              0
              0            010              5
              0            011              5
              0            100              6
              0            101              1
              0            110              6
              0            111              0
              1            000              7
              1            001              2
              1            010              4
              1            011              3
              1            100              4
              1            101              2
              1            110              3
              1            111              6
              2            000              4
              2            001              3
              2            010              8
              2            011              5
              2            100              7
              2            101              4
              2            110              8
              2            111              3
              3            000              1
              3            001              3
              3            010              5
              3            011              8
              3            100              0
              3            101              5
              3            110              7
              3            111              3
              4            000              5
              4            001              7
              4            010              8
              4            011              2
              4            100              5
              4            101              4
              4            110              8
              4            111              1
              5            000              4
              5            001              1
              5            010              8
              5            011              7
              5            100              2
              5            101              5
              5            110              2
              5            111              0
              6            000              3
              6            001              4
              6            010              5
              6            011              1
              6            100              6
              6            101              7
              6            110              2
              6            111              4
              7            000              4
              7            001              8
              7            010              8
              7            011              3
              7            100              8
              7            101              0
              7            110              4
              7            111              6
              8            000              2
              8            001              2
              8            010              4
              8            011              5
              8            100              1
              8            101              3
              8            110              5
              8            111              1
