Eaten part = 0.265603
Start state = 4
Significant inputs: 3 4 6
Moves: 0 0 0 2 0 0 2 0 1
          state         inputs     next state
              0            000              1
              0            001              4
              0            010              5
              0            011              0
              0            100              1
              0            101              0
              0            110              4
              0            111              3
              1            000              1
              1            001              4
              1            010              5
              1            011              5
              1            100              3
              1            101              3
              1            110              0
              1            111              5
              2            000              8
              2            001              1
              2            010              5
              2            011              2
              2            100              6
              2            101              6
              2            110              1
              2            111              4
              3            000              4
              3            001              4
              3            010              0
              3            011              2
              3            100              0
              3            101              0
              3            110              4
              3            111              4
              4            000              4
              4            001              2
              4            010              2
              4            011              4
              4            100              3
              4            101              0
              4            110              2
              4            111              4
              5            000              2
              5            001              8
              5            010              1
              5            011              5
              5            100              1
              5            101              6
              5            110              4
              5            111              5
              6            000              4
              6            001              2
              6            010              1
              6            011              1
              6            100              7
              6            101              7
              6            110              7
              6            111              4
              7            000              4
              7            001              8
              7            010              2
              7            011              1
              7            100              4
              7            101              3
              7            110              3
              7            111              8
              8            000              0
              8            001              4
              8            010              6
              8            011              0
              8            100              2
              8            101              0
              8            110              4
              8            111              6
