Eaten part = 0.242542
Start state = 2
Significant inputs: 3 4 6
Moves: 0 2 0 1 0 0 2 0 2
          state         inputs     next state
              0            000              0
              0            001              5
              0            010              4
              0            011              2
              0            100              1
              0            101              2
              0            110              4
              0            111              5
              1            000              4
              1            001              1
              1            010              0
              1            011              8
              1            100              4
              1            101              8
              1            110              0
              1            111              1
              2            000              0
              2            001              1
              2            010              3
              2            011              6
              2            100              1
              2            101              6
              2            110              8
              2            111              5
              3            000              7
              3            001              5
              3            010              6
              3            011              4
              3            100              0
              3            101              7
              3            110              5
              3            111              2
              4            000              5
              4            001              0
              4            010              0
              4            011              0
              4            100              2
              4            101              3
              4            110              2
              4            111              6
              5            000              7
              5            001              8
              5            010              0
              5            011              3
              5            100              2
              5            101              4
              5            110              7
              5            111              7
              6            000              5
              6            001              4
              6            010              0
              6            011              4
              6            100              2
              6            101              8
              6            110              5
              6            111              8
              7            000              0
              7            001              5
              7            010              4
              7            011              2
              7            100              1
              7            101              8
              7            110              6
              7            111              8
              8            000              0
              8            001              8
              8            010              1
              8            011              7
              8            100              2
              8            101              1
              8            110              2
              8            111              3
