Eaten part = 0.263255
Start state = 3
Significant inputs: 0 2 4
Moves: 0 0 1 0 2 1 1 0 0
          state         inputs     next state
              0            000              4
              0            001              7
              0            010              5
              0            011              1
              0            100              3
              0            101              1
              0            110              0
              0            111              4
              1            000              3
              1            001              2
              1            010              2
              1            011              6
              1            100              3
              1            101              1
              1            110              8
              1            111              8
              2            000              0
              2            001              0
              2            010              3
              2            011              0
              2            100              4
              2            101              3
              2            110              8
              2            111              8
              3            000              3
              3            001              3
              3            010              5
              3            011              2
              3            100              0
              3            101              1
              3            110              3
              3            111              8
              4            000              3
              4            001              7
              4            010              1
              4            011              1
              4            100              6
              4            101              2
              4            110              2
              4            111              1
              5            000              0
              5            001              8
              5            010              8
              5            011              0
              5            100              8
              5            101              8
              5            110              0
              5            111              1
              6            000              8
              6            001              8
              6            010              7
              6            011              3
              6            100              1
              6            101              0
              6            110              1
              6            111              7
              7            000              0
              7            001              0
              7            010              2
              7            011              7
              7            100              0
              7            101              7
              7            110              2
              7            111              2
              8            000              0
              8            001              2
              8            010              4
              8            011              2
              8            100              0
              8            101              6
              8            110              7
              8            111              6
