Eaten part = 0.234284
Start state = 8
Significant inputs: 1 2 5
Moves: 1 0 0 0 0 1 0 1 1
          state         inputs     next state
              0            000              3
              0            001              3
              0            010              4
              0            011              3
              0            100              4
              0            101              2
              0            110              0
              0            111              6
              1            000              2
              1            001              1
              1            010              0
              1            011              5
              1            100              2
              1            101              1
              1            110              0
              1            111              1
              2            000              6
              2            001              0
              2            010              7
              2            011              1
              2            100              7
              2            101              1
              2            110              3
              2            111              1
              3            000              4
              3            001              6
              3            010              6
              3            011              1
              3            100              6
              3            101              7
              3            110              2
              3            111              7
              4            000              6
              4            001              2
              4            010              0
              4            011              5
              4            100              4
              4            101              2
              4            110              1
              4            111              5
              5            000              6
              5            001              1
              5            010              4
              5            011              0
              5            100              7
              5            101              0
              5            110              7
              5            111              3
              6            000              1
              6            001              4
              6            010              7
              6            011              0
              6            100              4
              6            101              1
              6            110              7
              6            111              0
              7            000              5
              7            001              3
              7            010              5
              7            011              6
              7            100              8
              7            101              6
              7            110              4
              7            111              2
              8            000              0
              8            001              1
              8            010              3
              8            011              0
              8            100              0
              8            101              7
              8            110              8
              8            111              5
