Eaten part = 0.235528
Start state = 7
Significant inputs: 0 6 7
Moves: 0 0 2 2 0 1 1 0 0
          state         inputs     next state
              0            000              8
              0            001              0
              0            010              2
              0            011              0
              0            100              5
              0            101              5
              0            110              2
              0            111              7
              1            000              0
              1            001              1
              1            010              3
              1            011              6
              1            100              5
              1            101              4
              1            110              7
              1            111              2
              2            000              8
              2            001              0
              2            010              5
              2            011              1
              2            100              0
              2            101              0
              2            110              1
              2            111              4
              3            000              1
              3            001              3
              3            010              8
              3            011              3
              3            100              8
              3            101              8
              3            110              0
              3            111              5
              4            000              8
              4            001              4
              4            010              0
              4            011              5
              4            100              4
              4            101              6
              4            110              2
              4            111              3
              5            000              0
              5            001              4
              5            010              1
              5            011              4
              5            100              4
              5            101              7
              5            110              1
              5            111              7
              6            000              4
              6            001              6
              6            010              8
              6            011              5
              6            100              7
              6            101              1
              6            110              2
              6            111              6
              7            000              0
              7            001              0
              7            010              4
              7            011              2
              7            100              1
              7            101              4
              7            110              7
              7            111              2
              8            000              0
              8            001              7
              8            010              2
              8            011              2
              8            100              4
              8            101              5
              8            110              8
              8            111              1
