Eaten part = 0.262895
Start state = 7
Significant inputs: 2 4 7
Moves: 0 0 0 2 0 1 0 0 0
          state         inputs     next state
              0            000              6
              0            001              5
              0            010              4
              0            011              4
              0            100              5
              0            101              8
              0            110              1
              0            111              1
              1            000              3
              1            001              8
              1            010              8
              1            011              8
              1            100              8
              1            101              2
              1            110              6
              1            111              4
              2            000              4
              2            001              8
              2            010              8
              2            011              6
              2            100              0
              2            101              8
              2            110              5
              2            111              6
              3            000              4
              3            001              4
              3            010              5
              3            011              7
              3            100              6
              3            101              7
              3            110              2
              3            111              8
              4            000              4
              4            001              5
              4            010              6
              4            011              2
              4            100              7
              4            101              5
              4            110              7
              4            111              2
              5            000              6
              5            001              1
              5            010              3
              5            011              4
              5            100              1
              5            101              1
              5            110              1
              5            111              3
              6            000              8
              6            001              5
              6            010              7
              6            011              8
              6            100              7
              6            101              5
              6            110              8
              6            111              0
              7            000              4
              7            001              6
              7            010              7
              7            011              8
              7            100              0
              7            101              5
              7            110              4
              7            111              2
              8            000              3
              8            001              5
              8            010              6
              8            011              8
              8            100              7
              8            101              5
              8            110              2
              8            111              8
