Eaten part = 0.261351
Start state = 6
Significant inputs: 1 4 6
Moves: 1 0 0 0 0 0 0 0 2
          state         inputs     next state
              0            000              1
              0            001              5
              0            010              7
              0            011              6
              0            100              2
              0            101              2
              0            110              1
              0            111              7
              1            000              1
              1            001              1
              1            010              7
              1            011              5
              1            100              8
              1            101              8
              1            110              6
              1            111              4
              2            000              1
              2            001              0
              2            010              5
              2            011              5
              2            100              8
              2            101              6
              2            110              1
              2            111              3
              3            000              0
              3            001              3
              3            010              1
              3            011              5
              3            100              8
              3            101              0
              3            110              8
              3            111              1
              4            000              1
              4            001              5
              4            010              4
              4            011              3
              4            100              2
              4            101              3
              4            110              5
              4            111              2
              5            000              7
              5            001              0
              5            010              6
              5            011              1
              5            100              8
              5            101              2
              5            110              2
              5            111              6
              6            000              3
              6            001              0
              6            010              6
              6            011              4
              6            100              7
              6            101              7
              6            110              1
              6            111              7
              7            000              3
              7            001              4
              7            010              7
              7            011              1
              7            100              8
              7            101              8
              7            110              1
              7            111              2
              8            000              7
              8            001              7
              8            010              7
              8            011              4
              8            100              3
              8            101              4
              8            110              5
              8            111              3
