Eaten part = 0.250656
Start state = 6
Significant inputs: 1 2 3
Moves: 0 0 1 1 0 2 0 2 0
          state         inputs     next state
              0            000              4
              0            001              1
              0            010              8
              0            011              4
              0            100              7
              0            101              8
              0            110              1
              0            111              0
              1            000              1
              1            001              4
              1            010              3
              1            011              4
              1            100              8
              1            101              7
              1            110              3
              1            111              6
              2            000              1
              2            001              0
              2            010              2
              2            011              4
              2            100              6
              2            101              1
              2            110              8
              2            111              4
              3            000              7
              3            001              6
              3            010              6
              3            011              0
              3            100              3
              3            101              4
              3            110              5
              3            111              4
              4            000              1
              4            001              4
              4            010              7
              4            011              3
              4            100              5
              4            101              5
              4            110              3
              4            111              7
              5            000              8
              5            001              5
              5            010              6
              5            011              7
              5            100              0
              5            101              8
              5            110              4
              5            111              5
              6            000              5
              6            001              6
              6            010              4
              6            011              4
              6            100              1
              6            101              2
              6            110              3
              6            111              2
              7            000              8
              7            001              1
              7            010              7
              7            011              2
              7            100              0
              7            101              1
              7            110              6
              7            111              3
              8            000              1
              8            001              2
              8            010              3
              8            011              7
              8            100              1
              8            101              2
              8            110              0
              8            111              8
