Eaten part = 0.201219
Start state = 8
Significant inputs: 1 3 4
Moves: 0 2 0 0 1 0 0 0 0
          state         inputs     next state
              0            000              4
              0            001              0
              0            010              8
              0            011              8
              0            100              0
              0            101              5
              0            110              5
              0            111              8
              1            000              0
              1            001              0
              1            010              3
              1            011              1
              1            100              3
              1            101              8
              1            110              1
              1            111              1
              2            000              0
              2            001              0
              2            010              3
              2            011              1
              2            100              7
              2            101              7
              2            110              3
              2            111              0
              3            000              7
              3            001              1
              3            010              1
              3            011              2
              3            100              6
              3            101              2
              3            110              3
              3            111              0
              4            000              7
              4            001              0
              4            010              3
              4            011              4
              4            100              1
              4            101              8
              4            110              4
              4            111              2
              5            000              5
              5            001              8
              5            010              5
              5            011              0
              5            100              3
              5            101              3
              5            110              6
              5            111              4
              6            000              1
              6            001              5
              6            010              4
              6            011              6
              6            100              5
              6            101              2
              6            110              8
              6            111              0
              7            000              5
              7            001              7
              7            010              0
              7            011              1
              7            100              8
              7            101              3
              7            110              0
              7            111              6
              8            000              2
              8            001              0
              8            010              0
              8            011              6
              8            100              3
              8            101              3
              8            110              5
              8            111              3
