Eaten part = 0.256767
Start state = 0
Significant inputs: 1 2 4
Moves: 0 0 0 2 0 1 2 2 1
          state         inputs     next state
              0            000              2
              0            001              2
              0            010              5
              0            011              6
              0            100              7
              0            101              0
              0            110              4
              0            111              4
              1            000              4
              1            001              2
              1            010              0
              1            011              3
              1            100              4
              1            101              6
              1            110              5
              1            111              6
              2            000              2
              2            001              7
              2            010              8
              2            011              4
              2            100              2
              2            101              2
              2            110              2
              2            111              5
              3            000              3
              3            001              7
              3            010              6
              3            011              5
              3            100              1
              3            101              8
              3            110              2
              3            111              4
              4            000              2
              4            001              6
              4            010              5
              4            011              8
              4            100              1
              4            101              2
              4            110              1
              4            111              0
              5            000              4
              5            001              4
              5            010              5
              5            011              2
              5            100              4
              5            101              7
              5            110              6
              5            111              7
              6            000              0
              6            001              0
              6            010              2
              6            011              5
              6            100              1
              6            101              5
              6            110              6
              6            111              5
              7            000              4
              7            001              7
              7            010              1
              7            011              7
              7            100              2
              7            101              3
              7            110              2
              7            111              0
              8            000              5
              8            001              2
              8            010              3
              8            011              2
              8            100              1
              8            101              1
              8            110              4
              8            111              7
