Eaten part = 0.266619
Start state = 6
Significant inputs: 2 3 4
Moves: 0 1 0 0 1 0 0 2 0
          state         inputs     next state
              0            000              1
              0            001              4
              0            010              2
              0            011              1
              0            100              3
              0            101              7
              0            110              6
              0            111              6
              1            000              2
              1            001              2
              1            010              6
              1            011              4
              1            100              3
              1            101              5
              1            110              3
              1            111              5
              2            000              8
              2            001              1
              2            010              6
              2            011              4
              2            100              8
              2            101              0
              2            110              5
              2            111              1
              3            000              6
              3            001              4
              3            010              7
              3            011              2
              3            100              2
              3            101              0
              3            110              0
              3            111              8
              4            000              2
              4            001              8
              4            010              1
              4            011              1
              4            100              5
              4            101              7
              4            110              3
              4            111              7
              5            000              2
              5            001              7
              5            010              8
              5            011              4
              5            100              2
              5            101              1
              5            110              5
              5            111              0
              6            000              8
              6            001              1
              6            010              2
              6            011              4
              6            100              8
              6            101              0
              6            110              5
              6            111              2
              7            000              6
              7            001              6
              7            010              3
              7            011              8
              7            100              2
              7            101              8
              7            110              5
              7            111              0
              8            000              8
              8            001              4
              8            010              7
              8            011              8
              8            100              8
              8            101              8
              8            110              5
              8            111              2
