Eaten part = 0.213181
Start state = 7
Significant inputs: 4 6 7
Moves: 0 0 0 0 2 0 1 0 0
          state         inputs     next state
              0            000              2
              0            001              7
              0            010              2
              0            011              0
              0            100              3
              0            101              5
              0            110              4
              0            111              2
              1            000              3
              1            001              7
              1            010              2
              1            011              7
              1            100              4
              1            101              2
              1            110              5
              1            111              3
              2            000              8
              2            001              8
              2            010              4
              2            011              2
              2            100              5
              2            101              1
              2            110              2
              2            111              5
              3            000              2
              3            001              8
              3            010              7
              3            011              1
              3            100              7
              3            101              1
              3            110              2
              3            111              1
              4            000              8
              4            001              7
              4            010              2
              4            011              8
              4            100              1
              4            101              7
              4            110              0
              4            111              7
              5            000              4
              5            001              8
              5            010              3
              5            011              2
              5            100              1
              5            101              8
              5            110              1
              5            111              1
              6            000              3
              6            001              8
              6            010              6
              6            011              0
              6            100              7
              6            101              3
              6            110              1
              6            111              2
              7            000              3
              7            001              2
              7            010              2
              7            011              7
              7            100              5
              7            101              7
              7            110              4
              7            111              4
              8            000              0
              8            001              1
              8            010              6
              8            011              1
              8            100              8
              8            101              1
              8            110              3
              8            111              6
