Eaten part = 0.309765
Start state = 8
Significant inputs: 1 2 6
Moves: 0 2 1 0 2 0 0 0 0
          state         inputs     next state
              0            000              0
              0            001              4
              0            010              2
              0            011              2
              0            100              4
              0            101              5
              0            110              1
              0            111              6
              1            000              2
              1            001              5
              1            010              7
              1            011              0
              1            100              7
              1            101              0
              1            110              2
              1            111              7
              2            000              1
              2            001              6
              2            010              7
              2            011              5
              2            100              3
              2            101              7
              2            110              0
              2            111              5
              3            000              8
              3            001              0
              3            010              0
              3            011              8
              3            100              0
              3            101              4
              3            110              4
              3            111              5
              4            000              3
              4            001              4
              4            010              6
              4            011              0
              4            100              0
              4            101              1
              4            110              0
              4            111              0
              5            000              0
              5            001              7
              5            010              2
              5            011              4
              5            100              4
              5            101              8
              5            110              2
              5            111              1
              6            000              0
              6            001              0
              6            010              2
              6            011              3
              6            100              5
              6            101              4
              6            110              2
              6            111              6
              7            000              5
              7            001              3
              7            010              0
              7            011              5
              7            100              0
              7            101              3
              7            110              0
              7            111              6
              8            000              6
              8            001              3
              8            010              2
              8            011              2
              8            100              0
              8            101              5
              8            110              2
              8            111              7
