Eaten part = 0.247873
Start state = 4
Significant inputs: 1 2 4
Moves: 1 0 0 1 0 0 0 0 0
          state         inputs     next state
              0            000              2
              0            001              2
              0            010              8
              0            011              4
              0            100              2
              0            101              4
              0            110              7
              0            111              3
              1            000              8
              1            001              2
              1            010              0
              1            011              6
              1            100              2
              1            101              6
              1            110              5
              1            111              1
              2            000              4
              2            001              3
              2            010              0
              2            011              5
              2            100              8
              2            101              0
              2            110              1
              2            111              6
              3            000              4
              3            001              1
              3            010              7
              3            011              5
              3            100              0
              3            101              6
              3            110              7
              3            111              3
              4            000              7
              4            001              2
              4            010              5
              4            011              7
              4            100              6
              4            101              3
              4            110              7
              4            111              0
              5            000              6
              5            001              5
              5            010              6
              5            011              3
              5            100              7
              5            101              6
              5            110              6
              5            111              3
              6            000              6
              6            001              1
              6            010              0
              6            011              3
              6            100              8
              6            101              1
              6            110              5
              6            111              8
              7            000              1
              7            001              6
              7            010              1
              7            011              4
              7            100              7
              7            101              5
              7            110              4
              7            111              7
              8            000              8
              8            001              4
              8            010              0
              8            011              8
              8            100              1
              8            101              4
              8            110              7
              8            111              4
