Eaten part = 0.235837
Start state = 5
Significant inputs: 1 4 6
Moves: 0 0 2 0 1 0 0 2 0
          state         inputs     next state
              0            000              1
              0            001              7
              0            010              6
              0            011              2
              0            100              2
              0            101              0
              0            110              5
              0            111              4
              1            000              6
              1            001              1
              1            010              1
              1            011              5
              1            100              7
              1            101              7
              1            110              6
              1            111              3
              2            000              6
              2            001              6
              2            010              4
              2            011              6
              2            100              6
              2            101              0
              2            110              2
              2            111              5
              3            000              6
              3            001              2
              3            010              0
              3            011              0
              3            100              5
              3            101              2
              3            110              0
              3            111              3
              4            000              3
              4            001              3
              4            010              0
              4            011              8
              4            100              0
              4            101              5
              4            110              4
              4            111              2
              5            000              0
              5            001              6
              5            010              0
              5            011              3
              5            100              4
              5            101              5
              5            110              1
              5            111              4
              6            000              6
              6            001              3
              6            010              6
              6            011              8
              6            100              2
              6            101              1
              6            110              6
              6            111              4
              7            000              0
              7            001              3
              7            010              3
              7            011              7
              7            100              0
              7            101              0
              7            110              5
              7            111              8
              8            000              5
              8            001              4
              8            010              5
              8            011              8
              8            100              1
              8            101              6
              8            110              6
              8            111              8
