Eaten part = 0.262231
Start state = 5
Significant inputs: 1 2 4
Moves: 1 0 2 0 0 0 0 1 0
          state         inputs     next state
              0            000              7
              0            001              3
              0            010              0
              0            011              1
              0            100              6
              0            101              1
              0            110              5
              0            111              4
              1            000              4
              1            001              4
              1            010              7
              1            011              7
              1            100              8
              1            101              3
              1            110              4
              1            111              7
              2            000              3
              2            001              8
              2            010              8
              2            011              8
              2            100              1
              2            101              8
              2            110              5
              2            111              2
              3            000              8
              3            001              3
              3            010              7
              3            011              3
              3            100              4
              3            101              3
              3            110              6
              3            111              8
              4            000              2
              4            001              5
              4            010              2
              4            011              1
              4            100              4
              4            101              4
              4            110              6
              4            111              0
              5            000              8
              5            001              5
              5            010              0
              5            011              2
              5            100              1
              5            101              1
              5            110              0
              5            111              1
              6            000              2
              6            001              6
              6            010              7
              6            011              3
              6            100              5
              6            101              1
              6            110              4
              6            111              6
              7            000              1
              7            001              5
              7            010              6
              7            011              3
              7            100              2
              7            101              3
              7            110              7
              7            111              7
              8            000              8
              8            001              3
              8            010              0
              8            011              4
              8            100              3
              8            101              6
              8            110              6
              8            111              4
