Eaten part = 0.236775
Start state = 8
Significant inputs: 0 5 6
Moves: 0 1 0 0 2 0 1 2 0
          state         inputs     next state
              0            000              5
              0            001              0
              0            010              5
              0            011              6
              0            100              0
              0            101              4
              0            110              3
              0            111              5
              1            000              2
              1            001              8
              1            010              4
              1            011              6
              1            100              2
              1            101              5
              1            110              3
              1            111              6
              2            000              3
              2            001              4
              2            010              6
              2            011              2
              2            100              0
              2            101              8
              2            110              6
              2            111              1
              3            000              3
              3            001              5
              3            010              8
              3            011              5
              3            100              4
              3            101              4
              3            110              2
              3            111              2
              4            000              1
              4            001              3
              4            010              3
              4            011              5
              4            100              0
              4            101              8
              4            110              8
              4            111              8
              5            000              3
              5            001              1
              5            010              5
              5            011              0
              5            100              7
              5            101              8
              5            110              5
              5            111              5
              6            000              5
              6            001              2
              6            010              2
              6            011              0
              6            100              0
              6            101              6
              6            110              7
              6            111              1
              7            000              8
              7            001              5
              7            010              2
              7            011              7
              7            100              0
              7            101              5
              7            110              0
              7            111              0
              8            000              0
              8            001              3
              8            010              2
              8            011              2
              8            100              0
              8            101              6
              8            110              4
              8            111              7
