Eaten part = 0.316529
Start state = 2
Significant inputs: 2 4 6
Moves: 0 0 0 2 1 0 0 0 0
          state         inputs     next state
              0            000              0
              0            001              4
              0            010              0
              0            011              8
              0            100              3
              0            101              3
              0            110              0
              0            111              5
              1            000              5
              1            001              4
              1            010              8
              1            011              2
              1            100              8
              1            101              2
              1            110              5
              1            111              7
              2            000              0
              2            001              4
              2            010              1
              2            011              7
              2            100              6
              2            101              2
              2            110              7
              2            111              1
              3            000              6
              3            001              6
              3            010              2
              3            011              0
              3            100              8
              3            101              0
              3            110              7
              3            111              0
              4            000              0
              4            001              7
              4            010              0
              4            011              0
              4            100              7
              4            101              0
              4            110              1
              4            111              2
              5            000              0
              5            001              1
              5            010              5
              5            011              6
              5            100              1
              5            101              2
              5            110              0
              5            111              4
              6            000              0
              6            001              2
              6            010              2
              6            011              1
              6            100              7
              6            101              1
              6            110              5
              6            111              7
              7            000              2
              7            001              6
              7            010              8
              7            011              1
              7            100              0
              7            101              4
              7            110              7
              7            111              7
              8            000              1
              8            001              4
              8            010              2
              8            011              1
              8            100              4
              8            101              1
              8            110              6
              8            111              7
