Eaten part = 0.250343
Start state = 1
Significant inputs: 1 4 6
Moves: 2 0 2 0 0 0 0 0 0
          state         inputs     next state
              0            000              3
              0            001              1
              0            010              6
              0            011              5
              0            100              7
              0            101              1
              0            110              1
              0            111              4
              1            000              8
              1            001              3
              1            010              6
              1            011              6
              1            100              8
              1            101              8
              1            110              4
              1            111              5
              2            000              1
              2            001              6
              2            010              7
              2            011              5
              2            100              3
              2            101              4
              2            110              3
              2            111              3
              3            000              8
              3            001              6
              3            010              7
              3            011              8
              3            100              2
              3            101              3
              3            110              1
              3            111              2
              4            000              5
              4            001              2
              4            010              8
              4            011              7
              4            100              6
              4            101              2
              4            110              3
              4            111              7
              5            000              5
              5            001              1
              5            010              1
              5            011              1
              5            100              0
              5            101              4
              5            110              3
              5            111              1
              6            000              8
              6            001              8
              6            010              7
              6            011              3
              6            100              1
              6            101              0
              6            110              4
              6            111              7
              7            000              8
              7            001              0
              7            010              3
              7            011              6
              7            100              4
              7            101              4
              7            110              8
              7            111              5
              8            000              8
              8            001              4
              8            010              3
              8            011              5
              8            100              2
              8            101              0
              8            110              3
              8            111              8
