Eaten part = 0.299429
Start state = 5
Significant inputs: 2 5 6
Moves: 1 0 0 2 0 0 0 0 0
          state         inputs     next state
              0            000              6
              0            001              6
              0            010              2
              0            011              4
              0            100              6
              0            101              6
              0            110              6
              0            111              2
              1            000              2
              1            001              1
              1            010              6
              1            011              2
              1            100              4
              1            101              2
              1            110              2
              1            111              6
              2            000              2
              2            001              0
              2            010              6
              2            011              4
              2            100              3
              2            101              0
              2            110              3
              2            111              7
              3            000              2
              3            001              8
              3            010              2
              3            011              8
              3            100              6
              3            101              4
              3            110              8
              3            111              4
              4            000              3
              4            001              6
              4            010              0
              4            011              0
              4            100              1
              4            101              0
              4            110              7
              4            111              0
              5            000              6
              5            001              5
              5            010              8
              5            011              0
              5            100              8
              5            101              0
              5            110              6
              5            111              2
              6            000              2
              6            001              8
              6            010              6
              6            011              6
              6            100              3
              6            101              3
              6            110              6
              6            111              1
              7            000              6
              7            001              3
              7            010              3
              7            011              3
              7            100              6
              7            101              7
              7            110              5
              7            111              5
              8            000              6
              8            001              0
              8            010              8
              8            011              0
              8            100              1
              8            101              1
              8            110              5
              8            111              6
