Eaten part = 0.253403
Start state = 1
Significant inputs: 1 2 4
Moves: 0 0 2 0 0 0 0 0 1
          state         inputs     next state
              0            000              6
              0            001              4
              0            010              5
              0            011              6
              0            100              1
              0            101              1
              0            110              8
              0            111              5
              1            000              2
              1            001              0
              1            010              3
              1            011              8
              1            100              2
              1            101              0
              1            110              1
              1            111              3
              2            000              5
              2            001              1
              2            010              4
              2            011              6
              2            100              6
              2            101              8
              2            110              7
              2            111              3
              3            000              6
              3            001              5
              3            010              6
              3            011              3
              3            100              4
              3            101              3
              3            110              4
              3            111              1
              4            000              0
              4            001              2
              4            010              3
              4            011              8
              4            100              3
              4            101              3
              4            110              4
              4            111              0
              5            000              3
              5            001              7
              5            010              4
              5            011              2
              5            100              6
              5            101              1
              5            110              3
              5            111              6
              6            000              6
              6            001              4
              6            010              8
              6            011              7
              6            100              6
              6            101              8
              6            110              4
              6            111              4
              7            000              4
              7            001              1
              7            010              2
              7            011              3
              7            100              3
              7            101              0
              7            110              5
              7            111              2
              8            000              3
              8            001              3
              8            010              3
              8            011              7
              8            100              3
              8            101              5
              8            110              8
              8            111              1
