Eaten part = 0.241682
Start state = 6
Significant inputs: 1 2 3
Moves: 0 0 0 1 0 2 0 2 0
          state         inputs     next state
              0            000              8
              0            001              4
              0            010              2
              0            011              8
              0            100              6
              0            101              0
              0            110              1
              0            111              1
              1            000              0
              1            001              7
              1            010              4
              1            011              4
              1            100              1
              1            101              2
              1            110              6
              1            111              3
              2            000              1
              2            001              0
              2            010              3
              2            011              1
              2            100              6
              2            101              2
              2            110              0
              2            111              0
              3            000              8
              3            001              0
              3            010              4
              3            011              8
              3            100              5
              3            101              8
              3            110              7
              3            111              1
              4            000              2
              4            001              8
              4            010              1
              4            011              7
              4            100              2
              4            101              6
              4            110              2
              4            111              8
              5            000              3
              5            001              7
              5            010              4
              5            011              8
              5            100              4
              5            101              3
              5            110              2
              5            111              3
              6            000              2
              6            001              2
              6            010              8
              6            011              8
              6            100              8
              6            101              5
              6            110              0
              6            111              3
              7            000              8
              7            001              6
              7            010              0
              7            011              5
              7            100              5
              7            101              8
              7            110              2
              7            111              7
              8            000              8
              8            001              8
              8            010              3
              8            011              1
              8            100              8
              8            101              8
              8            110              3
              8            111              1
