Eaten part = 0.303155
Start state = 8
Significant inputs: 2 6 7
Moves: 0 2 1 0 0 0 0 0 2
          state         inputs     next state
              0            000              5
              0            001              2
              0            010              6
              0            011              6
              0            100              5
              0            101              1
              0            110              6
              0            111              1
              1            000              4
              1            001              2
              1            010              3
              1            011              8
              1            100              5
              1            101              4
              1            110              6
              1            111              4
              2            000              0
              2            001              5
              2            010              4
              2            011              8
              2            100              5
              2            101              7
              2            110              4
              2            111              4
              3            000              5
              3            001              2
              3            010              1
              3            011              3
              3            100              1
              3            101              0
              3            110              7
              3            111              2
              4            000              5
              4            001              3
              4            010              8
              4            011              5
              4            100              5
              4            101              6
              4            110              3
              4            111              5
              5            000              5
              5            001              2
              5            010              8
              5            011              8
              5            100              5
              5            101              2
              5            110              8
              5            111              2
              6            000              5
              6            001              7
              6            010              1
              6            011              6
              6            100              4
              6            101              3
              6            110              5
              6            111              5
              7            000              5
              7            001              4
              7            010              8
              7            011              7
              7            100              6
              7            101              8
              7            110              0
              7            111              3
              8            000              6
              8            001              7
              8            010              3
              8            011              0
              8            100              0
              8            101              3
              8            110              5
              8            111              4
