Eaten part = 0.305031
Start state = 1
Significant inputs: 2 5 6
Moves: 2 0 0 0 0 2 1 0 0
          state         inputs     next state
              0            000              6
              0            001              8
              0            010              7
              0            011              1
              0            100              7
              0            101              4
              0            110              1
              0            111              1
              1            000              1
              1            001              6
              1            010              8
              1            011              8
              1            100              0
              1            101              0
              1            110              0
              1            111              1
              2            000              6
              2            001              7
              2            010              6
              2            011              4
              2            100              6
              2            101              6
              2            110              7
              2            111              8
              3            000              6
              3            001              3
              3            010              1
              3            011              8
              3            100              4
              3            101              3
              3            110              3
              3            111              5
              4            000              1
              4            001              0
              4            010              8
              4            011              6
              4            100              3
              4            101              0
              4            110              2
              4            111              6
              5            000              1
              5            001              2
              5            010              7
              5            011              7
              5            100              1
              5            101              2
              5            110              7
              5            111              5
              6            000              8
              6            001              1
              6            010              2
              6            011              5
              6            100              7
              6            101              8
              6            110              2
              6            111              1
              7            000              1
              7            001              4
              7            010              7
              7            011              4
              7            100              3
              7            101              0
              7            110              6
              7            111              3
              8            000              1
              8            001              6
              8            010              1
              8            011              8
              8            100              3
              8            101              1
              8            110              5
              8            111              2
