Eaten part = 0.234156
Start state = 8
Significant inputs: 0 1 2
Moves: 1 0 0 1 2 2 0 2 0
          state         inputs     next state
              0            000              3
              0            001              5
              0            010              2
              0            011              6
              0            100              3
              0            101              3
              0            110              1
              0            111              1
              1            000              1
              1            001              8
              1            010              0
              1            011              4
              1            100              0
              1            101              0
              1            110              8
              1            111              0
              2            000              6
              2            001              8
              2            010              5
              2            011              1
              2            100              2
              2            101              8
              2            110              0
              2            111              6
              3            000              6
              3            001              8
              3            010              5
              3            011              0
              3            100              2
              3            101              2
              3            110              1
              3            111              3
              4            000              3
              4            001              1
              4            010              2
              4            011              4
              4            100              2
              4            101              5
              4            110              2
              4            111              6
              5            000              8
              5            001              0
              5            010              7
              5            011              0
              5            100              1
              5            101              4
              5            110              8
              5            111              7
              6            000              8
              6            001              6
              6            010              4
              6            011              4
              6            100              2
              6            101              1
              6            110              2
              6            111              1
              7            000              3
              7            001              2
              7            010              4
              7            011              1
              7            100              3
              7            101              1
              7            110              7
              7            111              8
              8            000              1
              8            001              3
              8            010              1
              8            011              6
              8            100              0
              8            101              2
              8            110              7
              8            111              8
