Eaten part = 0.294447
Start state = 8
Significant inputs: 1 2 6
Moves: 2 0 0 0 2 0 0 1 0
          state         inputs     next state
              0            000              0
              0            001              7
              0            010              1
              0            011              0
              0            100              4
              0            101              1
              0            110              0
              0            111              1
              1            000              3
              1            001              8
              1            010              3
              1            011              5
              1            100              4
              1            101              8
              1            110              6
              1            111              2
              2            000              1
              2            001              8
              2            010              1
              2            011              2
              2            100              6
              2            101              5
              2            110              2
              2            111              7
              3            000              6
              3            001              3
              3            010              8
              3            011              2
              3            100              8
              3            101              1
              3            110              7
              3            111              4
              4            000              6
              4            001              6
              4            010              1
              4            011              3
              4            100              6
              4            101              1
              4            110              8
              4            111              2
              5            000              6
              5            001              2
              5            010              7
              5            011              5
              5            100              8
              5            101              3
              5            110              6
              5            111              4
              6            000              6
              6            001              7
              6            010              7
              6            011              7
              6            100              4
              6            101              1
              6            110              4
              6            111              6
              7            000              1
              7            001              8
              7            010              4
              7            011              2
              7            100              0
              7            101              8
              7            110              3
              7            111              2
              8            000              6
              8            001              5
              8            010              7
              8            011              2
              8            100              8
              8            101              6
              8            110              7
              8            111              4
