Eaten part = 0.234256
Start state = 7
Significant inputs: 2 5 7
Moves: 0 0 0 0 0 2 1 2 1
          state         inputs     next state
              0            000              3
              0            001              8
              0            010              0
              0            011              6
              0            100              3
              0            101              8
              0            110              2
              0            111              5
              1            000              3
              1            001              5
              1            010              8
              1            011              6
              1            100              8
              1            101              4
              1            110              2
              1            111              7
              2            000              2
              2            001              3
              2            010              3
              2            011              6
              2            100              0
              2            101              0
              2            110              6
              2            111              2
              3            000              3
              3            001              6
              3            010              2
              3            011              3
              3            100              4
              3            101              6
              3            110              5
              3            111              8
              4            000              0
              4            001              8
              4            010              0
              4            011              6
              4            100              2
              4            101              5
              4            110              4
              4            111              6
              5            000              0
              5            001              3
              5            010              0
              5            011              8
              5            100              2
              5            101              3
              5            110              3
              5            111              4
              6            000              0
              6            001              5
              6            010              4
              6            011              4
              6            100              0
              6            101              0
              6            110              0
              6            111              3
              7            000              3
              7            001              1
              7            010              7
              7            011              8
              7            100              1
              7            101              2
              7            110              6
              7            111              3
              8            000              4
              8            001              3
              8            010              0
              8            011              1
              8            100              8
              8            101              2
              8            110              0
              8            111              4
