Eaten part = 0.229100
Start state = 3
Significant inputs: 0 5 6
Moves: 0 1 0 0 2 0 0 2 2
          state         inputs     next state
              0            000              3
              0            001              2
              0            010              0
              0            011              0
              0            100              2
              0            101              8
              0            110              6
              0            111              2
              1            000              0
              1            001              3
              1            010              0
              1            011              0
              1            100              0
              1            101              7
              1            110              2
              1            111              5
              2            000              2
              2            001              6
              2            010              3
              2            011              4
              2            100              8
              2            101              7
              2            110              8
              2            111              2
              3            000              3
              3            001              3
              3            010              0
              3            011              1
              3            100              7
              3            101              6
              3            110              4
              3            111              8
              4            000              8
              4            001              2
              4            010              0
              4            011              1
              4            100              0
              4            101              8
              4            110              6
              4            111              1
              5            000              2
              5            001              8
              5            010              6
              5            011              5
              5            100              1
              5            101              4
              5            110              3
              5            111              4
              6            000              6
              6            001              6
              6            010              7
              6            011              3
              6            100              7
              6            101              2
              6            110              5
              6            111              3
              7            000              5
              7            001              7
              7            010              6
              7            011              3
              7            100              2
              7            101              8
              7            110              0
              7            111              3
              8            000              2
              8            001              4
              8            010              2
              8            011              1
              8            100              8
              8            101              7
              8            110              1
              8            111              6
