Eaten part = 0.298650
Start state = 3
Significant inputs: 2 5 6
Moves: 0 0 0 0 1 2 1 2 2
          state         inputs     next state
              0            000              1
              0            001              8
              0            010              1
              0            011              7
              0            100              6
              0            101              8
              0            110              5
              0            111              4
              1            000              1
              1            001              4
              1            010              1
              1            011              7
              1            100              5
              1            101              5
              1            110              0
              1            111              8
              2            000              0
              2            001              2
              2            010              1
              2            011              4
              2            100              2
              2            101              8
              2            110              3
              2            111              7
              3            000              1
              3            001              3
              3            010              1
              3            011              1
              3            100              3
              3            101              6
              3            110              2
              3            111              8
              4            000              1
              4            001              1
              4            010              3
              4            011              7
              4            100              1
              4            101              2
              4            110              1
              4            111              6
              5            000              6
              5            001              4
              5            010              1
              5            011              0
              5            100              5
              5            101              8
              5            110              1
              5            111              3
              6            000              7
              6            001              1
              6            010              8
              6            011              6
              6            100              0
              6            101              4
              6            110              4
              6            111              0
              7            000              6
              7            001              8
              7            010              2
              7            011              1
              7            100              4
              7            101              0
              7            110              1
              7            111              6
              8            000              5
              8            001              4
              8            010              3
              8            011              1
              8            100              8
              8            101              2
              8            110              5
              8            111              1
