Eaten part = 0.235543
Start state = 5
Significant inputs: 0 2 4
Moves: 1 0 0 0 1 0 0 0 0
          state         inputs     next state
              0            000              6
              0            001              6
              0            010              1
              0            011              1
              0            100              8
              0            101              5
              0            110              1
              0            111              4
              1            000              2
              1            001              6
              1            010              0
              1            011              5
              1            100              6
              1            101              2
              1            110              6
              1            111              1
              2            000              5
              2            001              8
              2            010              0
              2            011              2
              2            100              6
              2            101              3
              2            110              0
              2            111              6
              3            000              1
              3            001              1
              3            010              0
              3            011              0
              3            100              3
              3            101              1
              3            110              5
              3            111              1
              4            000              8
              4            001              8
              4            010              4
              4            011              8
              4            100              3
              4            101              2
              4            110              5
              4            111              4
              5            000              3
              5            001              5
              5            010              0
              5            011              1
              5            100              5
              5            101              7
              5            110              5
              5            111              3
              6            000              2
              6            001              1
              6            010              4
              6            011              6
              6            100              2
              6            101              6
              6            110              7
              6            111              2
              7            000              3
              7            001              7
              7            010              8
              7            011              1
              7            100              8
              7            101              8
              7            110              6
              7            111              7
              8            000              7
              8            001              3
              8            010              6
              8            011              6
              8            100              6
              8            101              1
              8            110              1
              8            111              4
