Eaten part = 0.235606
Start state = 2
Significant inputs: 0 1 2
Moves: 1 1 1 2 1 0 0 0 0
          state         inputs     next state
              0            000              8
              0            001              8
              0            010              1
              0            011              7
              0            100              6
              0            101              0
              0            110              8
              0            111              2
              1            000              1
              1            001              0
              1            010              8
              1            011              7
              1            100              8
              1            101              0
              1            110              8
              1            111              6
              2            000              8
              2            001              7
              2            010              4
              2            011              8
              2            100              2
              2            101              8
              2            110              5
              2            111              5
              3            000              7
              3            001              2
              3            010              7
              3            011              4
              3            100              0
              3            101              7
              3            110              1
              3            111              0
              4            000              2
              4            001              3
              4            010              5
              4            011              5
              4            100              1
              4            101              4
              4            110              8
              4            111              0
              5            000              7
              5            001              3
              5            010              8
              5            011              3
              5            100              8
              5            101              6
              5            110              4
              5            111              1
              6            000              8
              6            001              1
              6            010              3
              6            011              8
              6            100              3
              6            101              5
              6            110              3
              6            111              1
              7            000              7
              7            001              7
              7            010              8
              7            011              0
              7            100              4
              7            101              5
              7            110              3
              7            111              1
              8            000              5
              8            001              0
              8            010              5
              8            011              5
              8            100              1
              8            101              2
              8            110              1
              8            111              1
