Eaten part = 0.213303
Start state = 2
Significant inputs: 1 4 5
Moves: 2 1 0 0 0 0 1 0 0
          state         inputs     next state
              0            000              4
              0            001              1
              0            010              8
              0            011              8
              0            100              8
              0            101              8
              0            110              2
              0            111              1
              1            000              6
              1            001              6
              1            010              4
              1            011              3
              1            100              5
              1            101              5
              1            110              6
              1            111              7
              2            000              8
              2            001              5
              2            010              2
              2            011              0
              2            100              0
              2            101              6
              2            110              8
              2            111              7
              3            000              4
              3            001              7
              3            010              5
              3            011              4
              3            100              4
              3            101              3
              3            110              5
              3            111              3
              4            000              7
              4            001              0
              4            010              4
              4            011              4
              4            100              7
              4            101              2
              4            110              4
              4            111              6
              5            000              0
              5            001              0
              5            010              5
              5            011              4
              5            100              6
              5            101              0
              5            110              8
              5            111              6
              6            000              5
              6            001              5
              6            010              0
              6            011              4
              6            100              7
              6            101              2
              6            110              4
              6            111              8
              7            000              6
              7            001              6
              7            010              3
              7            011              3
              7            100              3
              7            101              3
              7            110              2
              7            111              4
              8            000              6
              8            001              1
              8            010              2
              8            011              6
              8            100              8
              8            101              7
              8            110              6
              8            111              7
