Eaten part = 0.243435
Start state = 7
Significant inputs: 1 3 6
Moves: 0 2 0 0 2 0 2 0 1
          state         inputs     next state
              0            000              1
              0            001              4
              0            010              5
              0            011              4
              0            100              3
              0            101              6
              0            110              3
              0            111              7
              1            000              4
              1            001              3
              1            010              8
              1            011              4
              1            100              4
              1            101              5
              1            110              1
              1            111              4
              2            000              3
              2            001              6
              2            010              2
              2            011              8
              2            100              8
              2            101              4
              2            110              7
              2            111              7
              3            000              3
              3            001              1
              3            010              3
              3            011              0
              3            100              4
              3            101              6
              3            110              4
              3            111              4
              4            000              5
              4            001              5
              4            010              5
              4            011              1
              4            100              7
              4            101              3
              4            110              3
              4            111              4
              5            000              3
              5            001              5
              5            010              5
              5            011              5
              5            100              4
              5            101              5
              5            110              4
              5            111              7
              6            000              7
              6            001              6
              6            010              2
              6            011              0
              6            100              7
              6            101              8
              6            110              2
              6            111              6
              7            000              3
              7            001              6
              7            010              8
              7            011              7
              7            100              1
              7            101              1
              7            110              4
              7            111              5
              8            000              2
              8            001              5
              8            010              2
              8            011              0
              8            100              5
              8            101              3
              8            110              0
              8            111              5
