Eaten part = 0.229797
Start state = 3
Significant inputs: 1 5 6
Moves: 2 0 0 0 0 0 2 0 2
          state         inputs     next state
              0            000              8
              0            001              7
              0            010              8
              0            011              4
              0            100              2
              0            101              8
              0            110              4
              0            111              7
              1            000              5
              1            001              0
              1            010              8
              1            011              5
              1            100              4
              1            101              8
              1            110              8
              1            111              0
              2            000              7
              2            001              7
              2            010              0
              2            011              6
              2            100              8
              2            101              6
              2            110              0
              2            111              4
              3            000              4
              3            001              1
              3            010              3
              3            011              5
              3            100              8
              3            101              8
              3            110              4
              3            111              1
              4            000              5
              4            001              4
              4            010              5
              4            011              7
              4            100              5
              4            101              1
              4            110              8
              4            111              0
              5            000              7
              5            001              5
              5            010              7
              5            011              6
              5            100              8
              5            101              6
              5            110              7
              5            111              6
              6            000              0
              6            001              3
              6            010              7
              6            011              4
              6            100              8
              6            101              3
              6            110              3
              6            111              1
              7            000              1
              7            001              4
              7            010              7
              7            011              7
              7            100              8
              7            101              6
              7            110              1
              7            111              4
              8            000              3
              8            001              5
              8            010              2
              8            011              3
              8            100              3
              8            101              6
              8            110              2
              8            111              3
