Eaten part = 0.252495
Start state = 7
Significant inputs: 1 4 6
Moves: 2 0 0 0 0 0 2 1 0
          state         inputs     next state
              0            000              3
              0            001              3
              0            010              1
              0            011              5
              0            100              1
              0            101              1
              0            110              2
              0            111              4
              1            000              7
              1            001              3
              1            010              5
              1            011              8
              1            100              3
              1            101              8
              1            110              6
              1            111              8
              2            000              7
              2            001              3
              2            010              8
              2            011              1
              2            100              3
              2            101              5
              2            110              1
              2            111              6
              3            000              3
              3            001              8
              3            010              3
              3            011              2
              3            100              0
              3            101              8
              3            110              2
              3            111              1
              4            000              3
              4            001              0
              4            010              8
              4            011              0
              4            100              1
              4            101              2
              4            110              0
              4            111              5
              5            000              7
              5            001              8
              5            010              8
              5            011              2
              5            100              5
              5            101              8
              5            110              3
              5            111              5
              6            000              1
              6            001              4
              6            010              2
              6            011              8
              6            100              0
              6            101              2
              6            110              6
              6            111              1
              7            000              3
              7            001              3
              7            010              4
              7            011              6
              7            100              1
              7            101              8
              7            110              2
              7            111              5
              8            000              5
              8            001              3
              8            010              5
              8            011              8
              8            100              0
              8            101              6
              8            110              4
              8            111              0
