Eaten part = 0.257857
Start state = 2
Significant inputs: 2 3 4
Moves: 2 1 0 0 0 1 1 0 0
          state         inputs     next state
              0            000              8
              0            001              2
              0            010              1
              0            011              1
              0            100              6
              0            101              4
              0            110              3
              0            111              6
              1            000              4
              1            001              8
              1            010              7
              1            011              1
              1            100              7
              1            101              8
              1            110              0
              1            111              3
              2            000              2
              2            001              6
              2            010              2
              2            011              7
              2            100              3
              2            101              2
              2            110              3
              2            111              0
              3            000              7
              3            001              1
              3            010              2
              3            011              1
              3            100              3
              3            101              1
              3            110              2
              3            111              2
              4            000              4
              4            001              6
              4            010              8
              4            011              6
              4            100              3
              4            101              3
              4            110              7
              4            111              8
              5            000              7
              5            001              6
              5            010              8
              5            011              4
              5            100              3
              5            101              2
              5            110              6
              5            111              5
              6            000              3
              6            001              2
              6            010              3
              6            011              8
              6            100              3
              6            101              7
              6            110              2
              6            111              5
              7            000              2
              7            001              3
              7            010              7
              7            011              1
              7            100              4
              7            101              4
              7            110              4
              7            111              2
              8            000              7
              8            001              3
              8            010              0
              8            011              8
              8            100              7
              8            101              0
              8            110              8
              8            111              8
