Eaten part = 0.225630
Start state = 2
Significant inputs: 1 6 7
Moves: 0 2 1 0 0 0 2 0 0
          state         inputs     next state
              0            000              1
              0            001              5
              0            010              2
              0            011              8
              0            100              6
              0            101              5
              0            110              7
              0            111              1
              1            000              7
              1            001              5
              1            010              2
              1            011              4
              1            100              4
              1            101              0
              1            110              5
              1            111              5
              2            000              6
              2            001              5
              2            010              5
              2            011              7
              2            100              3
              2            101              5
              2            110              0
              2            111              4
              3            000              2
              3            001              1
              3            010              7
              3            011              8
              3            100              1
              3            101              1
              3            110              8
              3            111              3
              4            000              5
              4            001              7
              4            010              0
              4            011              4
              4            100              5
              4            101              8
              4            110              1
              4            111              6
              5            000              7
              5            001              5
              5            010              6
              5            011              3
              5            100              7
              5            101              8
              5            110              3
              5            111              1
              6            000              4
              6            001              5
              6            010              3
              6            011              3
              6            100              4
              6            101              5
              6            110              5
              6            111              5
              7            000              5
              7            001              6
              7            010              6
              7            011              5
              7            100              4
              7            101              8
              7            110              5
              7            111              8
              8            000              4
              8            001              4
              8            010              4
              8            011              8
              8            100              1
              8            101              1
              8            110              1
              8            111              6
