Eaten part = 0.278936
Start state = 8
Significant inputs: 2 5 6
Moves: 0 0 0 1 2 0 2 0 0
          state         inputs     next state
              0            000              5
              0            001              5
              0            010              5
              0            011              5
              0            100              1
              0            101              2
              0            110              5
              0            111              8
              1            000              7
              1            001              3
              1            010              8
              1            011              0
              1            100              6
              1            101              6
              1            110              6
              1            111              0
              2            000              8
              2            001              3
              2            010              4
              2            011              3
              2            100              3
              2            101              7
              2            110              4
              2            111              6
              3            000              8
              3            001              2
              3            010              1
              3            011              7
              3            100              1
              3            101              7
              3            110              6
              3            111              4
              4            000              5
              4            001              5
              4            010              7
              4            011              2
              4            100              6
              4            101              8
              4            110              2
              4            111              5
              5            000              7
              5            001              5
              5            010              7
              5            011              2
              5            100              6
              5            101              8
              5            110              8
              5            111              2
              6            000              6
              6            001              1
              6            010              7
              6            011              0
              6            100              7
              6            101              4
              6            110              1
              6            111              1
              7            000              1
              7            001              3
              7            010              3
              7            011              6
              7            100              4
              7            101              5
              7            110              1
              7            111              6
              8            000              1
              8            001              8
              8            010              4
              8            011              5
              8            100              2
              8            101              5
              8            110              6
              8            111              7
