Eaten part = 0.294547
Start state = 3
Significant inputs: 2 3 6
Moves: 2 0 1 0 1 0 2 0 0
          state         inputs     next state
              0            000              1
              0            001              1
              0            010              5
              0            011              3
              0            100              7
              0            101              7
              0            110              4
              0            111              7
              1            000              5
              1            001              2
              1            010              5
              1            011              2
              1            100              2
              1            101              3
              1            110              3
              1            111              6
              2            000              3
              2            001              5
              2            010              1
              2            011              1
              2            100              3
              2            101              2
              2            110              0
              2            111              8
              3            000              3
              3            001              4
              3            010              3
              3            011              2
              3            100              0
              3            101              0
              3            110              0
              3            111              8
              4            000              3
              4            001              1
              4            010              1
              4            011              5
              4            100              7
              4            101              1
              4            110              7
              4            111              3
              5            000              3
              5            001              3
              5            010              5
              5            011              4
              5            100              5
              5            101              4
              5            110              0
              5            111              2
              6            000              3
              6            001              0
              6            010              6
              6            011              0
              6            100              7
              6            101              6
              6            110              8
              6            111              4
              7            000              3
              7            001              5
              7            010              7
              7            011              2
              7            100              6
              7            101              2
              7            110              1
              7            111              3
              8            000              7
              8            001              5
              8            010              6
              8            011              8
              8            100              3
              8            101              2
              8            110              4
              8            111              2
