Eaten part = 0.240545
Start state = 2
Significant inputs: 1 2 3
Moves: 2 0 0 1 0 0 0 0 0
          state         inputs     next state
              0            000              5
              0            001              3
              0            010              4
              0            011              3
              0            100              4
              0            101              5
              0            110              1
              0            111              1
              1            000              7
              1            001              6
              1            010              3
              1            011              2
              1            100              0
              1            101              1
              1            110              3
              1            111              5
              2            000              3
              2            001              8
              2            010              0
              2            011              1
              2            100              4
              2            101              6
              2            110              3
              2            111              1
              3            000              4
              3            001              7
              3            010              8
              3            011              1
              3            100              7
              3            101              5
              3            110              6
              3            111              3
              4            000              8
              4            001              8
              4            010              2
              4            011              2
              4            100              4
              4            101              6
              4            110              8
              4            111              7
              5            000              4
              5            001              7
              5            010              5
              5            011              5
              5            100              7
              5            101              3
              5            110              3
              5            111              3
              6            000              0
              6            001              0
              6            010              5
              6            011              0
              6            100              8
              6            101              5
              6            110              3
              6            111              8
              7            000              7
              7            001              0
              7            010              3
              7            011              6
              7            100              7
              7            101              3
              7            110              4
              7            111              8
              8            000              7
              8            001              0
              8            010              1
              8            011              4
              8            100              0
              8            101              5
              8            110              5
              8            111              5
