Eaten part = 0.304883
Start state = 0
Significant inputs: 0 2 6
Moves: 0 2 1 1 2 0 0 0 0
          state         inputs     next state
              0            000              0
              0            001              0
              0            010              2
              0            011              2
              0            100              4
              0            101              0
              0            110              4
              0            111              1
              1            000              0
              1            001              0
              1            010              5
              1            011              5
              1            100              2
              1            101              7
              1            110              7
              1            111              6
              2            000              0
              2            001              7
              2            010              0
              2            011              8
              2            100              1
              2            101              0
              2            110              0
              2            111              0
              3            000              4
              3            001              2
              3            010              6
              3            011              8
              3            100              8
              3            101              7
              3            110              7
              3            111              0
              4            000              0
              4            001              6
              4            010              7
              4            011              6
              4            100              0
              4            101              5
              4            110              0
              4            111              0
              5            000              0
              5            001              0
              5            010              5
              5            011              2
              5            100              4
              5            101              1
              5            110              0
              5            111              3
              6            000              8
              6            001              6
              6            010              3
              6            011              5
              6            100              6
              6            101              6
              6            110              7
              6            111              6
              7            000              5
              7            001              0
              7            010              0
              7            011              5
              7            100              8
              7            101              5
              7            110              1
              7            111              7
              8            000              5
              8            001              5
              8            010              3
              8            011              0
              8            100              0
              8            101              0
              8            110              8
              8            111              1
