Eaten part = 0.248760
Start state = 5
Significant inputs: 1 4 6
Moves: 1 0 0 0 0 1 0 0 2
          state         inputs     next state
              0            000              7
              0            001              6
              0            010              6
              0            011              6
              0            100              4
              0            101              6
              0            110              7
              0            111              8
              1            000              1
              1            001              7
              1            010              1
              1            011              2
              1            100              8
              1            101              0
              1            110              6
              1            111              3
              2            000              3
              2            001              2
              2            010              6
              2            011              2
              2            100              4
              2            101              2
              2            110              7
              2            111              8
              3            000              6
              3            001              4
              3            010              7
              3            011              7
              3            100              6
              3            101              7
              3            110              6
              3            111              2
              4            000              7
              4            001              1
              4            010              7
              4            011              8
              4            100              1
              4            101              3
              4            110              0
              4            111              2
              5            000              4
              5            001              4
              5            010              0
              5            011              7
              5            100              0
              5            101              1
              5            110              0
              5            111              1
              6            000              7
              6            001              5
              6            010              6
              6            011              2
              6            100              6
              6            101              6
              6            110              3
              6            111              6
              7            000              1
              7            001              1
              7            010              4
              7            011              8
              7            100              8
              7            101              8
              7            110              3
              7            111              2
              8            000              4
              8            001              4
              8            010              2
              8            011              3
              8            100              3
              8            101              4
              8            110              4
              8            111              6
