Eaten part = 0.221090
Start state = 3
Significant inputs: 2 3 5
Moves: 0 0 1 0 0 2 1 1 2
          state         inputs     next state
              0            000              3
              0            001              3
              0            010              8
              0            011              2
              0            100              7
              0            101              6
              0            110              0
              0            111              1
              1            000              3
              1            001              8
              1            010              6
              1            011              1
              1            100              0
              1            101              2
              1            110              7
              1            111              7
              2            000              3
              2            001              4
              2            010              4
              2            011              8
              2            100              3
              2            101              2
              2            110              0
              2            111              0
              3            000              4
              3            001              8
              3            010              3
              3            011              2
              3            100              3
              3            101              2
              3            110              6
              3            111              7
              4            000              4
              4            001              2
              4            010              4
              4            011              2
              4            100              3
              4            101              8
              4            110              3
              4            111              8
              5            000              1
              5            001              8
              5            010              8
              5            011              1
              5            100              1
              5            101              0
              5            110              7
              5            111              7
              6            000              2
              6            001              5
              6            010              0
              6            011              0
              6            100              6
              6            101              4
              6            110              4
              6            111              8
              7            000              3
              7            001              7
              7            010              7
              7            011              7
              7            100              8
              7            101              5
              7            110              0
              7            111              3
              8            000              4
              8            001              4
              8            010              0
              8            011              2
              8            100              0
              8            101              3
              8            110              1
              8            111              1
