Eaten part = 0.290236
Start state = 7
Significant inputs: 2 6 7
Moves: 0 0 1 0 0 1 2 0 0
          state         inputs     next state
              0            000              4
              0            001              5
              0            010              1
              0            011              7
              0            100              0
              0            101              3
              0            110              5
              0            111              0
              1            000              7
              1            001              4
              1            010              6
              1            011              6
              1            100              4
              1            101              8
              1            110              6
              1            111              3
              2            000              5
              2            001              7
              2            010              4
              2            011              2
              2            100              6
              2            101              7
              2            110              1
              2            111              1
              3            000              1
              3            001              2
              3            010              7
              3            011              4
              3            100              0
              3            101              1
              3            110              7
              3            111              0
              4            000              8
              4            001              5
              4            010              6
              4            011              3
              4            100              6
              4            101              0
              4            110              5
              4            111              5
              5            000              7
              5            001              1
              5            010              1
              5            011              1
              5            100              3
              5            101              1
              5            110              8
              5            111              3
              6            000              7
              6            001              0
              6            010              7
              6            011              7
              6            100              1
              6            101              0
              6            110              0
              6            111              1
              7            000              7
              7            001              5
              7            010              6
              7            011              6
              7            100              1
              7            101              1
              7            110              4
              7            111              1
              8            000              1
              8            001              4
              8            010              5
              8            011              5
              8            100              7
              8            101              2
              8            110              5
              8            111              1
