Eaten part = 0.274229
Start state = 7
Significant inputs: 4 5 6
Moves: 2 1 0 0 0 0 0 1 0
          state         inputs     next state
              0            000              3
              0            001              0
              0            010              3
              0            011              6
              0            100              6
              0            101              6
              0            110              8
              0            111              2
              1            000              7
              1            001              5
              1            010              0
              1            011              8
              1            100              5
              1            101              8
              1            110              7
              1            111              1
              2            000              2
              2            001              8
              2            010              6
              2            011              6
              2            100              0
              2            101              4
              2            110              8
              2            111              6
              3            000              4
              3            001              8
              3            010              0
              3            011              5
              3            100              0
              3            101              6
              3            110              1
              3            111              4
              4            000              3
              4            001              8
              4            010              2
              4            011              4
              4            100              0
              4            101              4
              4            110              2
              4            111              2
              5            000              2
              5            001              0
              5            010              6
              5            011              2
              5            100              1
              5            101              8
              5            110              2
              5            111              8
              6            000              2
              6            001              4
              6            010              5
              6            011              2
              6            100              4
              6            101              0
              6            110              7
              6            111              5
              7            000              4
              7            001              4
              7            010              3
              7            011              8
              7            100              4
              7            101              4
              7            110              1
              7            111              2
              8            000              7
              8            001              2
              8            010              3
              8            011              7
              8            100              0
              8            101              5
              8            110              1
              8            111              4
