Eaten part = 0.300965
Start state = 2
Significant inputs: 2 5 6
Moves: 1 0 0 2 1 0 0 0 2
          state         inputs     next state
              0            000              1
              0            001              5
              0            010              6
              0            011              2
              0            100              4
              0            101              3
              0            110              8
              0            111              4
              1            000              1
              1            001              4
              1            010              5
              1            011              3
              1            100              3
              1            101              4
              1            110              3
              1            111              3
              2            000              6
              2            001              0
              2            010              4
              2            011              0
              2            100              5
              2            101              4
              2            110              0
              2            111              7
              3            000              1
              3            001              6
              3            010              1
              3            011              1
              3            100              7
              3            101              3
              3            110              5
              3            111              6
              4            000              1
              4            001              5
              4            010              1
              4            011              7
              4            100              5
              4            101              1
              4            110              1
              4            111              6
              5            000              1
              5            001              4
              5            010              1
              5            011              5
              5            100              3
              5            101              5
              5            110              3
              5            111              1
              6            000              2
              6            001              5
              6            010              0
              6            011              7
              6            100              8
              6            101              2
              6            110              7
              6            111              1
              7            000              0
              7            001              3
              7            010              6
              7            011              4
              7            100              4
              7            101              5
              7            110              3
              7            111              1
              8            000              6
              8            001              6
              8            010              5
              8            011              3
              8            100              2
              8            101              3
              8            110              3
              8            111              6
