Eaten part = 0.272681
Start state = 8
Significant inputs: 4 5 6
Moves: 0 1 1 2 0 0 0 0 0
          state         inputs     next state
              0            000              6
              0            001              7
              0            010              1
              0            011              0
              0            100              3
              0            101              8
              0            110              0
              0            111              4
              1            000              0
              1            001              3
              1            010              4
              1            011              7
              1            100              6
              1            101              7
              1            110              6
              1            111              6
              2            000              0
              2            001              4
              2            010              0
              2            011              4
              2            100              7
              2            101              6
              2            110              5
              2            111              7
              3            000              6
              3            001              4
              3            010              6
              3            011              8
              3            100              8
              3            101              8
              3            110              7
              3            111              7
              4            000              2
              4            001              0
              4            010              0
              4            011              6
              4            100              7
              4            101              6
              4            110              1
              4            111              8
              5            000              2
              5            001              8
              5            010              8
              5            011              7
              5            100              2
              5            101              6
              5            110              3
              5            111              4
              6            000              0
              6            001              0
              6            010              7
              6            011              4
              6            100              3
              6            101              0
              6            110              5
              6            111              1
              7            000              1
              7            001              7
              7            010              2
              7            011              0
              7            100              3
              7            101              5
              7            110              2
              7            111              2
              8            000              7
              8            001              0
              8            010              0
              8            011              8
              8            100              5
              8            101              8
              8            110              3
              8            111              7
