Eaten part = 0.235050
Start state = 8
Significant inputs: 1 5 6
Moves: 2 0 0 0 0 2 0 0 2
          state         inputs     next state
              0            000              4
              0            001              2
              0            010              7
              0            011              1
              0            100              3
              0            101              2
              0            110              1
              0            111              7
              1            000              3
              1            001              8
              1            010              2
              1            011              6
              1            100              5
              1            101              3
              1            110              6
              1            111              1
              2            000              3
              2            001              8
              2            010              2
              2            011              7
              2            100              0
              2            101              7
              2            110              4
              2            111              2
              3            000              7
              3            001              4
              3            010              1
              3            011              4
              3            100              7
              3            101              0
              3            110              5
              3            111              2
              4            000              7
              4            001              6
              4            010              6
              4            011              3
              4            100              0
              4            101              3
              4            110              2
              4            111              6
              5            000              2
              5            001              8
              5            010              6
              5            011              8
              5            100              8
              5            101              6
              5            110              4
              5            111              7
              6            000              6
              6            001              6
              6            010              1
              6            011              8
              6            100              5
              6            101              5
              6            110              8
              6            111              1
              7            000              4
              7            001              6
              7            010              6
              7            011              7
              7            100              0
              7            101              6
              7            110              2
              7            111              3
              8            000              0
              8            001              0
              8            010              2
              8            011              4
              8            100              0
              8            101              8
              8            110              5
              8            111              8
