Eaten part = 0.237604
Start state = 8
Significant inputs: 3 4 6
Moves: 0 0 0 2 0 0 0 0 0
          state         inputs     next state
              0            000              1
              0            001              5
              0            010              4
              0            011              0
              0            100              1
              0            101              3
              0            110              1
              0            111              2
              1            000              8
              1            001              4
              1            010              2
              1            011              6
              1            100              3
              1            101              7
              1            110              2
              1            111              8
              2            000              8
              2            001              8
              2            010              7
              2            011              5
              2            100              5
              2            101              8
              2            110              5
              2            111              7
              3            000              0
              3            001              5
              3            010              1
              3            011              2
              3            100              4
              3            101              8
              3            110              8
              3            111              6
              4            000              8
              4            001              8
              4            010              6
              4            011              7
              4            100              5
              4            101              7
              4            110              0
              4            111              1
              5            000              8
              5            001              2
              5            010              7
              5            011              2
              5            100              0
              5            101              8
              5            110              2
              5            111              5
              6            000              3
              6            001              6
              6            010              0
              6            011              0
              6            100              0
              6            101              6
              6            110              1
              6            111              2
              7            000              1
              7            001              0
              7            010              1
              7            011              0
              7            100              5
              7            101              3
              7            110              1
              7            111              3
              8            000              1
              8            001              4
              8            010              7
              8            011              7
              8            100              3
              8            101              7
              8            110              3
              8            111              0
