Eaten part = 0.294366
Start state = 7
Significant inputs: 2 4 6
Moves: 0 0 0 2 0 0 0 0 1
          state         inputs     next state
              0            000              1
              0            001              8
              0            010              5
              0            011              8
              0            100              3
              0            101              2
              0            110              1
              0            111              6
              1            000              4
              1            001              0
              1            010              7
              1            011              6
              1            100              5
              1            101              3
              1            110              0
              1            111              4
              2            000              4
              2            001              1
              2            010              6
              2            011              2
              2            100              1
              2            101              8
              2            110              3
              2            111              0
              3            000              7
              3            001              4
              3            010              6
              3            011              4
              3            100              0
              3            101              4
              3            110              5
              3            111              7
              4            000              7
              4            001              5
              4            010              6
              4            011              6
              4            100              3
              4            101              3
              4            110              7
              4            111              7
              5            000              6
              5            001              4
              5            010              1
              5            011              5
              5            100              3
              5            101              0
              5            110              6
              5            111              3
              6            000              7
              6            001              4
              6            010              6
              6            011              5
              6            100              3
              6            101              3
              6            110              0
              6            111              5
              7            000              7
              7            001              8
              7            010              4
              7            011              4
              7            100              3
              7            101              0
              7            110              2
              7            111              6
              8            000              7
              8            001              4
              8            010              1
              8            011              3
              8            100              4
              8            101              0
              8            110              8
              8            111              5
