Eaten part = 0.238607
Start state = 1
Significant inputs: 0 2 5
Moves: 0 0 0 2 0 0 0 1 0
          state         inputs     next state
              0            000              5
              0            001              2
              0            010              8
              0            011              7
              0            100              0
              0            101              1
              0            110              1
              0            111              0
              1            000              5
              1            001              2
              1            010              7
              1            011              2
              1            100              4
              1            101              1
              1            110              7
              1            111              4
              2            000              3
              2            001              2
              2            010              4
              2            011              8
              2            100              1
              2            101              4
              2            110              3
              2            111              0
              3            000              6
              3            001              3
              3            010              6
              3            011              1
              3            100              4
              3            101              2
              3            110              2
              3            111              7
              4            000              1
              4            001              2
              4            010              0
              4            011              1
              4            100              5
              4            101              6
              4            110              5
              4            111              6
              5            000              5
              5            001              4
              5            010              7
              5            011              6
              5            100              5
              5            101              1
              5            110              7
              5            111              1
              6            000              1
              6            001              8
              6            010              7
              6            011              1
              6            100              0
              6            101              6
              6            110              3
              6            111              8
              7            000              1
              7            001              5
              7            010              2
              7            011              5
              7            100              2
              7            101              4
              7            110              0
              7            111              2
              8            000              5
              8            001              1
              8            010              4
              8            011              1
              8            100              4
              8            101              3
              8            110              1
              8            111              8
