Eaten part = 0.264328
Start state = 5
Significant inputs: 1 2 4
Moves: 0 1 0 0 1 0 2 0 0
          state         inputs     next state
              0            000              5
              0            001              7
              0            010              2
              0            011              4
              0            100              2
              0            101              8
              0            110              1
              0            111              7
              1            000              5
              1            001              0
              1            010              3
              1            011              7
              1            100              2
              1            101              7
              1            110              0
              1            111              2
              2            000              2
              2            001              0
              2            010              1
              2            011              1
              2            100              2
              2            101              7
              2            110              3
              2            111              7
              3            000              8
              3            001              3
              3            010              1
              3            011              0
              3            100              5
              3            101              2
              3            110              3
              3            111              2
              4            000              5
              4            001              8
              4            010              2
              4            011              6
              4            100              4
              4            101              7
              4            110              8
              4            111              1
              5            000              8
              5            001              2
              5            010              2
              5            011              7
              5            100              2
              5            101              5
              5            110              3
              5            111              4
              6            000              2
              6            001              0
              6            010              3
              6            011              4
              6            100              2
              6            101              0
              6            110              2
              6            111              3
              7            000              6
              7            001              8
              7            010              8
              7            011              1
              7            100              8
              7            101              2
              7            110              0
              7            111              3
              8            000              8
              8            001              7
              8            010              1
              8            011              4
              8            100              5
              8            101              4
              8            110              0
              8            111              6
