Eaten part = 0.233638
Start state = 5
Significant inputs: 0 5 6
Moves: 0 2 0 2 0 0 0 0 0
          state         inputs     next state
              0            000              5
              0            001              0
              0            010              1
              0            011              6
              0            100              4
              0            101              7
              0            110              6
              0            111              2
              1            000              6
              1            001              6
              1            010              6
              1            011              2
              1            100              0
              1            101              6
              1            110              7
              1            111              7
              2            000              8
              2            001              2
              2            010              8
              2            011              0
              2            100              4
              2            101              2
              2            110              5
              2            111              0
              3            000              2
              3            001              7
              3            010              6
              3            011              2
              3            100              3
              3            101              0
              3            110              2
              3            111              1
              4            000              1
              4            001              2
              4            010              2
              4            011              7
              4            100              0
              4            101              8
              4            110              0
              4            111              1
              5            000              8
              5            001              2
              5            010              3
              5            011              3
              5            100              1
              5            101              7
              5            110              8
              5            111              7
              6            000              8
              6            001              2
              6            010              3
              6            011              3
              6            100              7
              6            101              3
              6            110              5
              6            111              3
              7            000              8
              7            001              8
              7            010              6
              7            011              0
              7            100              3
              7            101              5
              7            110              4
              7            111              8
              8            000              5
              8            001              8
              8            010              4
              8            011              4
              8            100              1
              8            101              3
              8            110              4
              8            111              8
