Eaten part = 0.236439
Start state = 8
Significant inputs: 1 3 6
Moves: 1 0 2 2 0 0 0 0 0
          state         inputs     next state
              0            000              6
              0            001              8
              0            010              2
              0            011              0
              0            100              5
              0            101              6
              0            110              6
              0            111              7
              1            000              1
              1            001              7
              1            010              1
              1            011              1
              1            100              2
              1            101              2
              1            110              0
              1            111              3
              2            000              1
              2            001              4
              2            010              5
              2            011              2
              2            100              8
              2            101              6
              2            110              8
              2            111              6
              3            000              7
              3            001              1
              3            010              8
              3            011              6
              3            100              1
              3            101              0
              3            110              5
              3            111              1
              4            000              5
              4            001              4
              4            010              6
              4            011              1
              4            100              0
              4            101              5
              4            110              6
              4            111              6
              5            000              1
              5            001              2
              5            010              1
              5            011              7
              5            100              3
              5            101              8
              5            110              4
              5            111              4
              6            000              6
              6            001              6
              6            010              7
              6            011              4
              6            100              3
              6            101              2
              6            110              7
              6            111              5
              7            000              6
              7            001              5
              7            010              8
              7            011              7
              7            100              3
              7            101              5
              7            110              6
              7            111              2
              8            000              0
              8            001              2
              8            010              4
              8            011              6
              8            100              4
              8            101              8
              8            110              4
              8            111              2
