Eaten part = 0.255472
Start state = 8
Significant inputs: 2 3 4
Moves: 1 0 0 2 0 1 0 0 0
          state         inputs     next state
              0            000              6
              0            001              8
              0            010              8
              0            011              6
              0            100              7
              0            101              7
              0            110              8
              0            111              5
              1            000              7
              1            001              4
              1            010              8
              1            011              7
              1            100              0
              1            101              2
              1            110              4
              1            111              8
              2            000              2
              2            001              5
              2            010              2
              2            011              5
              2            100              7
              2            101              8
              2            110              4
              2            111              6
              3            000              4
              3            001              2
              3            010              0
              3            011              2
              3            100              8
              3            101              8
              3            110              5
              3            111              4
              4            000              8
              4            001              7
              4            010              3
              4            011              7
              4            100              1
              4            101              6
              4            110              8
              4            111              6
              5            000              8
              5            001              4
              5            010              0
              5            011              0
              5            100              1
              5            101              1
              5            110              6
              5            111              8
              6            000              1
              6            001              3
              6            010              3
              6            011              3
              6            100              1
              6            101              2
              6            110              8
              6            111              4
              7            000              8
              7            001              5
              7            010              3
              7            011              0
              7            100              1
              7            101              5
              7            110              8
              7            111              1
              8            000              8
              8            001              5
              8            010              8
              8            011              8
              8            100              2
              8            101              1
              8            110              6
              8            111              3
